x y
0.00 88.43
1.00 88.38
2.00 88.32
3.00 88.27
4.00 88.21
5.00 88.15
6.00 88.10
7.00 88.04
8.00 87.99
9.00 87.94
10.00 87.88
11.00 87.83
12.00 87.77
13.00 87.72
14.00 87.67
15.00 87.62
16.00 87.56
17.00 87.51
18.00 87.46
19.00 87.41
20.00 87.36
21.00 87.30
22.00 87.25
23.00 87.20
24.00 87.15
25.00 87.10
26.00 87.05
27.00 87.00
28.00 86.95
29.00 86.90
30.00 86.85
31.00 86.80
32.00 86.75
33.00 86.70
34.00 86.65
35.00 86.61
36.00 86.56
37.00 86.51
38.00 86.46
39.00 86.41
40.00 86.36
41.00 86.32
42.00 86.27
43.00 86.22
44.00 86.17
45.00 86.13
46.00 86.08
47.00 86.03
48.00 85.98
49.00 85.94
50.00 85.89
51.00 85.84
52.00 85.80
53.00 85.75
54.00 85.70
55.00 85.66
56.00 85.61
57.00 85.56
58.00 85.52
59.00 85.47
60.00 85.43
61.00 85.38
62.00 85.33
63.00 85.29
64.00 85.24
65.00 85.20
66.00 85.15
67.00 85.11
68.00 85.06
69.00 85.02
70.00 84.97
71.00 84.93
72.00 84.88
73.00 84.84
74.00 84.79
75.00 84.75
76.00 84.70
77.00 84.66
78.00 84.61
79.00 84.57
80.00 84.52
81.00 84.48
82.00 84.43
83.00 84.39
84.00 84.34
85.00 84.30
86.00 84.25
87.00 84.21
88.00 84.17
89.00 84.12
90.00 84.08
91.00 84.03
92.00 83.99
93.00 83.94
94.00 83.90
95.00 83.86
96.00 83.81
97.00 83.77
98.00 83.72
99.00 83.68
100.00 83.63
101.00 83.59
102.00 83.55
103.00 83.50
104.00 83.46
105.00 83.41
106.00 83.37
107.00 83.33
108.00 83.28
109.00 83.24
110.00 83.19
111.00 83.15
112.00 83.11
113.00 83.06
114.00 83.02
115.00 82.97
116.00 82.93
117.00 82.89
118.00 82.84
119.00 82.80
120.00 82.76
121.00 82.71
122.00 82.67
123.00 82.62
124.00 82.58
125.00 82.54
126.00 82.49
127.00 82.45
128.00 82.40
129.00 82.36
130.00 82.32
131.00 82.27
132.00 82.23
133.00 82.18
134.00 82.14
135.00 82.10
136.00 82.05
137.00 82.01
138.00 81.96
139.00 81.92
140.00 81.88
141.00 81.83
142.00 81.79
143.00 81.74
144.00 81.70
145.00 81.66
146.00 81.61
147.00 81.57
148.00 81.53
149.00 81.48
150.00 81.44
151.00 81.39
152.00 81.35
153.00 81.31
154.00 81.26
155.00 81.22
156.00 81.17
157.00 81.13
158.00 81.09
159.00 81.04
160.00 81.00
161.00 80.95
162.00 80.91
163.00 80.87
164.00 80.82
165.00 80.78
166.00 80.73
167.00 80.69
168.00 80.64
169.00 80.60
170.00 80.56
171.00 80.51
172.00 80.47
173.00 80.42
174.00 80.38
175.00 80.34
176.00 80.29
177.00 80.25
178.00 80.20
179.00 80.16
180.00 80.12
181.00 80.07
182.00 80.03
183.00 79.98
184.00 79.94
185.00 79.89
186.00 79.85
187.00 79.81
188.00 79.76
189.00 79.72
190.00 79.67
191.00 79.63
192.00 79.59
193.00 79.54
194.00 79.50
195.00 79.45
196.00 79.41
197.00 79.36
198.00 79.32
199.00 79.28
200.00 79.23
201.00 79.19
202.00 79.14
203.00 79.10
204.00 79.06
205.00 79.01
206.00 78.97
207.00 78.92
208.00 78.88
209.00 78.83
210.00 78.79
211.00 78.75
212.00 78.70
213.00 78.66
214.00 78.61
215.00 78.57
216.00 78.53
217.00 78.48
218.00 78.44
219.00 78.39
220.00 78.35
221.00 78.30
222.00 78.26
223.00 78.22
224.00 78.17
225.00 78.13
226.00 78.08
227.00 78.04
228.00 78.00
229.00 77.95
230.00 77.91
231.00 77.86
232.00 77.82
233.00 77.77
234.00 77.73
235.00 77.69
236.00 77.64
237.00 77.60
238.00 77.55
239.00 77.51
240.00 77.47
241.00 77.42
242.00 77.38
243.00 77.33
244.00 77.29
245.00 77.25
246.00 77.20
247.00 77.16
248.00 77.11
249.00 77.07
250.00 77.03
251.00 76.98
252.00 76.94
253.00 76.89
254.00 76.85
255.00 76.81
256.00 76.76
257.00 76.72
258.00 76.67
259.00 76.63
260.00 76.59
261.00 76.54
262.00 76.50
263.00 76.46
264.00 76.41
265.00 76.37
266.00 76.32
267.00 76.28
268.00 76.24
269.00 76.19
270.00 76.15
271.00 76.11
272.00 76.06
273.00 76.02
274.00 75.97
275.00 75.93
276.00 75.89
277.00 75.84
278.00 75.80
279.00 75.76
280.00 75.71
281.00 75.67
282.00 75.63
283.00 75.58
284.00 75.54
285.00 75.49
286.00 75.45
287.00 75.41
288.00 75.36
289.00 75.32
290.00 75.28
291.00 75.23
292.00 75.19
293.00 75.15
294.00 75.10
295.00 75.06
296.00 75.02
297.00 74.97
298.00 74.93
299.00 74.89
300.00 74.84
301.00 74.80
302.00 74.76
303.00 74.71
304.00 74.67
305.00 74.63
306.00 74.58
307.00 74.54
308.00 74.50
309.00 74.46
310.00 74.41
311.00 74.37
312.00 74.33
313.00 74.28
314.00 74.24
315.00 74.20
316.00 74.15
317.00 74.11
318.00 74.07
319.00 74.03
320.00 73.98
321.00 73.94
322.00 73.90
323.00 73.85
324.00 73.81
325.00 73.77
326.00 73.73
327.00 73.68
328.00 73.64
329.00 73.60
330.00 73.55
331.00 73.51
332.00 73.47
333.00 73.43
334.00 73.38
335.00 73.34
336.00 73.30
337.00 73.26
338.00 73.21
339.00 73.17
340.00 73.13
341.00 73.09
342.00 73.04
343.00 73.00
344.00 72.96
345.00 72.92
346.00 72.87
347.00 72.83
348.00 72.79
349.00 72.75
350.00 72.71
351.00 72.66
352.00 72.62
353.00 72.58
354.00 72.54
355.00 72.49
356.00 72.45
357.00 72.41
358.00 72.37
359.00 72.33
360.00 72.28
361.00 72.24
362.00 72.20
363.00 72.16
364.00 72.12
365.00 72.07
366.00 72.03
367.00 71.99
368.00 71.95
369.00 71.91
370.00 71.86
371.00 71.82
372.00 71.78
373.00 71.74
374.00 71.70
375.00 71.66
376.00 71.61
377.00 71.57
378.00 71.53
379.00 71.49
380.00 71.45
381.00 71.41
382.00 71.36
383.00 71.32
384.00 71.28
385.00 71.24
386.00 71.20
387.00 71.16
388.00 71.11
389.00 71.07
390.00 71.03
391.00 70.99
392.00 70.95
393.00 70.91
394.00 70.87
395.00 70.82
396.00 70.78
397.00 70.74
398.00 70.70
399.00 70.66
400.00 70.62
401.00 70.58
402.00 70.54
403.00 70.50
404.00 70.45
405.00 70.41
406.00 70.37
407.00 70.33
408.00 70.29
409.00 70.25
410.00 70.21
411.00 70.17
412.00 70.13
413.00 70.08
414.00 70.04
415.00 70.00
416.00 69.96
417.00 69.92
418.00 69.88
419.00 69.84
420.00 69.80
421.00 69.76
422.00 69.72
423.00 69.68
424.00 69.63
425.00 69.59
426.00 69.55
427.00 69.51
428.00 69.47
429.00 69.43
430.00 69.39
431.00 69.35
432.00 69.31
433.00 69.27
434.00 69.23
435.00 69.19
436.00 69.15
437.00 69.11
438.00 69.07
439.00 69.03
440.00 68.98
441.00 68.94
442.00 68.90
443.00 68.86
444.00 68.82
445.00 68.78
446.00 68.74
447.00 68.70
448.00 68.66
449.00 68.62
450.00 68.58
451.00 68.54
452.00 68.50
453.00 68.46
454.00 68.42
455.00 68.38
456.00 68.34
457.00 68.30
458.00 68.26
459.00 68.22
460.00 68.18
461.00 68.14
462.00 68.10
463.00 68.06
464.00 68.02
465.00 67.98
466.00 67.94
467.00 67.90
468.00 67.86
469.00 67.82
470.00 67.78
471.00 67.74
472.00 67.70
473.00 67.66
474.00 67.62
475.00 67.58
476.00 67.54
477.00 67.50
478.00 67.46
479.00 67.42
480.00 67.38
481.00 67.34
482.00 67.30
483.00 67.26
484.00 67.22
485.00 67.18
486.00 67.14
487.00 67.10
488.00 67.06
489.00 67.02
490.00 66.98
491.00 66.94
492.00 66.90
493.00 66.86
494.00 66.82
495.00 66.78
496.00 66.74
497.00 66.70
498.00 66.66
499.00 66.62
500.00 66.58
501.00 66.54
502.00 66.51
503.00 66.47
504.00 66.43
505.00 66.39
506.00 66.35
507.00 66.31
508.00 66.27
509.00 66.23
510.00 66.19
511.00 66.15
512.00 66.11
513.00 66.07
514.00 66.03
515.00 65.99
516.00 65.95
517.00 65.91
518.00 65.87
519.00 65.83
520.00 65.80
521.00 65.76
522.00 65.72
523.00 65.68
524.00 65.64
525.00 65.60
526.00 65.56
527.00 65.52
528.00 65.48
529.00 65.44
530.00 65.40
531.00 65.36
532.00 65.32
533.00 65.29
534.00 65.25
535.00 65.21
536.00 65.17
537.00 65.13
538.00 65.09
539.00 65.05
540.00 65.01
541.00 64.97
542.00 64.93
543.00 64.89
544.00 64.86
545.00 64.82
546.00 64.78
547.00 64.74
548.00 64.70
549.00 64.66
550.00 64.62
551.00 64.58
552.00 64.54
553.00 64.50
554.00 64.47
555.00 64.43
556.00 64.39
557.00 64.35
558.00 64.31
559.00 64.27
560.00 64.23
561.00 64.19
562.00 64.15
563.00 64.12
564.00 64.08
565.00 64.04
566.00 64.00
567.00 63.96
568.00 63.92
569.00 63.88
570.00 63.84
571.00 63.80
572.00 63.77
573.00 63.73
574.00 63.69
575.00 63.65
576.00 63.61
577.00 63.57
578.00 63.53
579.00 63.50
580.00 63.46
581.00 63.42
582.00 63.38
583.00 63.34
584.00 63.30
585.00 63.26
586.00 63.22
587.00 63.19
588.00 63.15
589.00 63.11
590.00 63.07
591.00 63.03
592.00 62.99
593.00 62.95
594.00 62.92
595.00 62.88
596.00 62.84
597.00 62.80
598.00 62.76
599.00 62.72
600.00 62.69
601.00 62.65
602.00 62.61
603.00 62.57
604.00 62.53
605.00 62.49
606.00 62.46
607.00 62.42
608.00 62.38
609.00 62.34
610.00 62.30
611.00 62.26
612.00 62.23
613.00 62.19
614.00 62.15
615.00 62.11
616.00 62.07
617.00 62.03
618.00 62.00
619.00 61.96
620.00 61.92
621.00 61.88
622.00 61.84
623.00 61.80
624.00 61.77
625.00 61.73
626.00 61.69
627.00 61.65
628.00 61.61
629.00 61.58
630.00 61.54
631.00 61.50
632.00 61.46
633.00 61.42
634.00 61.39
635.00 61.35
636.00 61.31
637.00 61.27
638.00 61.23
639.00 61.20
640.00 61.16
641.00 61.12
642.00 61.08
643.00 61.04
644.00 61.01
645.00 60.97
646.00 60.93
647.00 60.89
648.00 60.85
649.00 60.82
650.00 60.78
651.00 60.74
652.00 60.70
653.00 60.66
654.00 60.63
655.00 60.59
656.00 60.55
657.00 60.51
658.00 60.48
659.00 60.44
660.00 60.40
661.00 60.36
662.00 60.33
663.00 60.29
664.00 60.25
665.00 60.21
666.00 60.17
667.00 60.14
668.00 60.10
669.00 60.06
670.00 60.02
671.00 59.99
672.00 59.95
673.00 59.91
674.00 59.87
675.00 59.84
676.00 59.80
677.00 59.76
678.00 59.72
679.00 59.69
680.00 59.65
681.00 59.61
682.00 59.57
683.00 59.54
684.00 59.50
685.00 59.46
686.00 59.42
687.00 59.39
688.00 59.35
689.00 59.31
690.00 59.28
691.00 59.24
692.00 59.20
693.00 59.16
694.00 59.13
695.00 59.09
696.00 59.05
697.00 59.02
698.00 58.98
699.00 58.94
700.00 58.90
701.00 58.87
702.00 58.83
703.00 58.79
704.00 58.76
705.00 58.72
706.00 58.68
707.00 58.64
708.00 58.61
709.00 58.57
710.00 58.53
711.00 58.50
712.00 58.46
713.00 58.42
714.00 58.39
715.00 58.35
716.00 58.31
717.00 58.28
718.00 58.24
719.00 58.20
720.00 58.17
721.00 58.13
722.00 58.09
723.00 58.06
724.00 58.02
725.00 57.98
726.00 57.95
727.00 57.91
728.00 57.87
729.00 57.84
730.00 57.80
731.00 57.76
732.00 57.73
733.00 57.69
734.00 57.65
735.00 57.62
736.00 57.58
737.00 57.54
738.00 57.51
739.00 57.47
740.00 57.43
741.00 57.40
742.00 57.36
743.00 57.32
744.00 57.29
745.00 57.25
746.00 57.22
747.00 57.18
748.00 57.14
749.00 57.11
750.00 57.07
751.00 57.03
752.00 57.00
753.00 56.96
754.00 56.93
755.00 56.89
756.00 56.85
757.00 56.82
758.00 56.78
759.00 56.75
760.00 56.71
761.00 56.67
762.00 56.64
763.00 56.60
764.00 56.57
765.00 56.53
766.00 56.49
767.00 56.46
768.00 56.42
769.00 56.39
770.00 56.35
771.00 56.32
772.00 56.28
773.00 56.24
774.00 56.21
775.00 56.17
776.00 56.14
777.00 56.10
778.00 56.07
779.00 56.03
780.00 56.00
781.00 55.96
782.00 55.92
783.00 55.89
784.00 55.85
785.00 55.82
786.00 55.78
787.00 55.75
788.00 55.71
789.00 55.68
790.00 55.64
791.00 55.61
792.00 55.57
793.00 55.54
794.00 55.50
795.00 55.46
796.00 55.43
797.00 55.39
798.00 55.36
799.00 55.32
800.00 55.29
801.00 55.25
802.00 55.22
803.00 55.18
804.00 55.15
805.00 55.11
806.00 55.08
807.00 55.04
808.00 55.01
809.00 54.97
810.00 54.94
811.00 54.90
812.00 54.87
813.00 54.84
814.00 54.80
815.00 54.77
816.00 54.73
817.00 54.70
818.00 54.66
819.00 54.63
820.00 54.59
821.00 54.56
822.00 54.52
823.00 54.49
824.00 54.45
825.00 54.42
826.00 54.39
827.00 54.35
828.00 54.32
829.00 54.28
830.00 54.25
831.00 54.21
832.00 54.18
833.00 54.15
834.00 54.11
835.00 54.08
836.00 54.04
837.00 54.01
838.00 53.97
839.00 53.94
840.00 53.91
841.00 53.87
842.00 53.84
843.00 53.80
844.00 53.77
845.00 53.74
846.00 53.70
847.00 53.67
848.00 53.63
849.00 53.60
850.00 53.57
851.00 53.53
852.00 53.50
853.00 53.47
854.00 53.43
855.00 53.40
856.00 53.36
857.00 53.33
858.00 53.30
859.00 53.26
860.00 53.23
861.00 53.20
862.00 53.16
863.00 53.13
864.00 53.10
865.00 53.06
866.00 53.03
867.00 53.00
868.00 52.96
869.00 52.93
870.00 52.90
871.00 52.86
872.00 52.83
873.00 52.80
874.00 52.76
875.00 52.73
876.00 52.70
877.00 52.66
878.00 52.63
879.00 52.60
880.00 52.56
881.00 52.53
882.00 52.50
883.00 52.47
884.00 52.43
885.00 52.40
886.00 52.37
887.00 52.33
888.00 52.30
889.00 52.27
890.00 52.24
891.00 52.20
892.00 52.17
893.00 52.14
894.00 52.11
895.00 52.07
896.00 52.04
897.00 52.01
898.00 51.98
899.00 51.94
900.00 51.91
901.00 51.88
902.00 51.85
903.00 51.81
904.00 51.78
905.00 51.75
906.00 51.72
907.00 51.68
908.00 51.65
909.00 51.62
910.00 51.59
911.00 51.56
912.00 51.52
913.00 51.49
914.00 51.46
915.00 51.43
916.00 51.40
917.00 51.36
918.00 51.33
919.00 51.30
920.00 51.27
921.00 51.24
922.00 51.20
923.00 51.17
924.00 51.14
925.00 51.11
926.00 51.08
927.00 51.05
928.00 51.01
929.00 50.98
930.00 50.95
931.00 50.92
932.00 50.89
933.00 50.86
934.00 50.82
935.00 50.79
936.00 50.76
937.00 50.73
938.00 50.70
939.00 50.67
940.00 50.64
941.00 50.61
942.00 50.57
943.00 50.54
944.00 50.51
945.00 50.48
946.00 50.45
947.00 50.42
948.00 50.39
949.00 50.36
950.00 50.33
951.00 50.29
952.00 50.26
953.00 50.23
954.00 50.20
955.00 50.17
956.00 50.14
957.00 50.11
958.00 50.08
959.00 50.05
960.00 50.02
961.00 49.99
962.00 49.96
963.00 49.93
964.00 49.89
965.00 49.86
966.00 49.83
967.00 49.80
968.00 49.77
969.00 49.74
970.00 49.71
971.00 49.68
972.00 49.65
973.00 49.62
974.00 49.59
975.00 49.56
976.00 49.53
977.00 49.50
978.00 49.47
979.00 49.44
980.00 49.41
981.00 49.38
982.00 49.35
983.00 49.32
984.00 49.29
985.00 49.26
986.00 49.23
987.00 49.20
988.00 49.17
989.00 49.14
990.00 49.11
991.00 49.08
992.00 49.05
993.00 49.02
994.00 48.99
995.00 48.96
996.00 48.93
997.00 48.90
998.00 48.87
999.00 48.84
1000.00 48.81
1001.00 48.78
1002.00 48.75
1003.00 48.72
1004.00 48.69
1005.00 48.67
1006.00 48.64
1007.00 48.61
1008.00 48.58
1009.00 48.55
1010.00 48.52
1011.00 48.49
1012.00 48.46
1013.00 48.43
1014.00 48.40
1015.00 48.37
1016.00 48.34
1017.00 48.32
1018.00 48.29
1019.00 48.26
1020.00 48.23
1021.00 48.20
1022.00 48.17
1023.00 48.14
1024.00 48.11
1025.00 48.08
1026.00 48.06
1027.00 48.03
1028.00 48.00
1029.00 47.97
1030.00 47.94
1031.00 47.91
1032.00 47.88
1033.00 47.85
1034.00 47.83
1035.00 47.80
1036.00 47.77
1037.00 47.74
1038.00 47.71
1039.00 47.68
1040.00 47.66
1041.00 47.63
1042.00 47.60
1043.00 47.57
1044.00 47.54
1045.00 47.51
1046.00 47.49
1047.00 47.46
1048.00 47.43
1049.00 47.40
1050.00 47.37
1051.00 47.35
1052.00 47.32
1053.00 47.29
1054.00 47.26
1055.00 47.23
1056.00 47.21
1057.00 47.18
1058.00 47.15
1059.00 47.12
1060.00 47.10
1061.00 47.07
1062.00 47.04
1063.00 47.01
1064.00 46.98
1065.00 46.96
1066.00 46.93
1067.00 46.90
1068.00 46.87
1069.00 46.85
1070.00 46.82
1071.00 46.79
1072.00 46.77
1073.00 46.74
1074.00 46.71
1075.00 46.68
1076.00 46.66
1077.00 46.63
1078.00 46.60
1079.00 46.57
1080.00 46.55
1081.00 46.52
1082.00 46.49
1083.00 46.47
1084.00 46.44
1085.00 46.41
1086.00 46.39
1087.00 46.36
1088.00 46.33
1089.00 46.30
1090.00 46.28
1091.00 46.25
1092.00 46.22
1093.00 46.20
1094.00 46.17
1095.00 46.14
1096.00 46.12
1097.00 46.09
1098.00 46.07
1099.00 46.04
1100.00 46.01
1101.00 45.99
1102.00 45.96
1103.00 45.93
1104.00 45.91
1105.00 45.88
1106.00 45.85
1107.00 45.83
1108.00 45.80
1109.00 45.78
1110.00 45.75
1111.00 45.72
1112.00 45.70
1113.00 45.67
1114.00 45.65
1115.00 45.62
1116.00 45.59
1117.00 45.57
1118.00 45.54
1119.00 45.52
1120.00 45.49
1121.00 45.46
1122.00 45.44
1123.00 45.41
1124.00 45.39
1125.00 45.36
1126.00 45.34
1127.00 45.31
1128.00 45.29
1129.00 45.26
1130.00 45.23
1131.00 45.21
1132.00 45.18
1133.00 45.16
1134.00 45.13
1135.00 45.11
1136.00 45.08
1137.00 45.06
1138.00 45.03
1139.00 45.01
1140.00 44.98
1141.00 44.96
1142.00 44.93
1143.00 44.91
1144.00 44.88
1145.00 44.86
1146.00 44.83
1147.00 44.81
1148.00 44.78
1149.00 44.76
1150.00 44.73
1151.00 44.71
1152.00 44.68
1153.00 44.66
1154.00 44.64
1155.00 44.61
1156.00 44.59
1157.00 44.56
1158.00 44.54
1159.00 44.51
1160.00 44.49
1161.00 44.46
1162.00 44.44
1163.00 44.42
1164.00 44.39
1165.00 44.37
1166.00 44.34
1167.00 44.32
1168.00 44.30
1169.00 44.27
1170.00 44.25
1171.00 44.22
1172.00 44.20
1173.00 44.18
1174.00 44.15
1175.00 44.13
1176.00 44.10
1177.00 44.08
1178.00 44.06
1179.00 44.03
1180.00 44.01
1181.00 43.99
1182.00 43.96
1183.00 43.94
1184.00 43.92
1185.00 43.89
1186.00 43.87
1187.00 43.85
1188.00 43.82
1189.00 43.80
1190.00 43.78
1191.00 43.75
1192.00 43.73
1193.00 43.71
1194.00 43.69
1195.00 43.66
1196.00 43.64
1197.00 43.62
1198.00 43.59
1199.00 43.57
1200.00 43.55
1201.00 43.53
1202.00 43.50
1203.00 43.48
1204.00 43.46
1205.00 43.44
1206.00 43.41
1207.00 43.39
1208.00 43.37
1209.00 43.35
1210.00 43.32
1211.00 43.30
1212.00 43.28
1213.00 43.26
1214.00 43.24
1215.00 43.21
1216.00 43.19
1217.00 43.17
1218.00 43.15
1219.00 43.13
1220.00 43.11
1221.00 43.08
1222.00 43.06
1223.00 43.04
1224.00 43.02
1225.00 43.00
1226.00 42.98
1227.00 42.95
1228.00 42.93
1229.00 42.91
1230.00 42.89
1231.00 42.87
1232.00 42.85
1233.00 42.83
1234.00 42.81
1235.00 42.79
1236.00 42.76
1237.00 42.74
1238.00 42.72
1239.00 42.70
1240.00 42.68
1241.00 42.66
1242.00 42.64
1243.00 42.62
1244.00 42.60
1245.00 42.58
1246.00 42.56
1247.00 42.54
1248.00 42.52
1249.00 42.50
1250.00 42.48
1251.00 42.46
1252.00 42.44
1253.00 42.42
1254.00 42.40
1255.00 42.38
1256.00 42.36
1257.00 42.34
1258.00 42.32
1259.00 42.30
1260.00 42.28
1261.00 42.26
1262.00 42.24
1263.00 42.22
1264.00 42.20
1265.00 42.18
1266.00 42.16
1267.00 42.14
1268.00 42.12
1269.00 42.10
1270.00 42.08
1271.00 42.07
1272.00 42.05
1273.00 42.03
1274.00 42.01
1275.00 41.99
1276.00 41.97
1277.00 41.95
1278.00 41.93
1279.00 41.92
1280.00 41.90
1281.00 41.88
1282.00 41.86
1283.00 41.84
1284.00 41.82
1285.00 41.81
1286.00 41.79
1287.00 41.77
1288.00 41.75
1289.00 41.73
1290.00 41.72
1291.00 41.70
1292.00 41.68
1293.00 41.66
1294.00 41.65
1295.00 41.63
1296.00 41.61
1297.00 41.59
1298.00 41.58
1299.00 41.56
1300.00 41.54
1301.00 41.52
1302.00 41.51
1303.00 41.49
1304.00 41.47
1305.00 41.46
1306.00 41.44
1307.00 41.42
1308.00 41.41
1309.00 41.39
1310.00 41.37
1311.00 41.36
1312.00 41.34
1313.00 41.32
1314.00 41.31
1315.00 41.29
1316.00 41.28
1317.00 41.26
1318.00 41.24
1319.00 41.23
1320.00 41.21
1321.00 41.20
1322.00 41.18
1323.00 41.17
1324.00 41.15
1325.00 41.13
1326.00 41.12
1327.00 41.10
1328.00 41.09
1329.00 41.07
1330.00 41.06
1331.00 41.04
1332.00 41.03
1333.00 41.01
1334.00 41.00
1335.00 40.98
1336.00 40.97
1337.00 40.96
1338.00 40.94
1339.00 40.93
1340.00 40.91
1341.00 40.90
1342.00 40.88
1343.00 40.87
1344.00 40.86
1345.00 40.84
1346.00 40.83
1347.00 40.81
1348.00 40.80
1349.00 40.79
1350.00 40.77
1351.00 40.76
1352.00 40.75
1353.00 40.73
1354.00 40.72
1355.00 40.71
1356.00 40.69
1357.00 40.68
1358.00 40.67
1359.00 40.66
1360.00 40.64
1361.00 40.63
1362.00 40.62
1363.00 40.61
1364.00 40.59
1365.00 40.58
1366.00 40.57
1367.00 40.56
1368.00 40.55
1369.00 40.53
1370.00 40.52
1371.00 40.51
1372.00 40.50
1373.00 40.49
1374.00 40.48
1375.00 40.46
1376.00 40.45
1377.00 40.44
1378.00 40.43
1379.00 40.42
1380.00 40.41
1381.00 40.40
1382.00 40.39
1383.00 40.38
1384.00 40.37
1385.00 40.35
1386.00 40.34
1387.00 40.33
1388.00 40.32
1389.00 40.31
1390.00 40.30
1391.00 40.29
1392.00 40.28
1393.00 40.27
1394.00 40.26
1395.00 40.25
1396.00 40.25
1397.00 40.24
1398.00 40.23
1399.00 40.22
1400.00 40.21
1401.00 40.20
1402.00 40.19
1403.00 40.18
1404.00 40.17
1405.00 40.16
1406.00 40.16
1407.00 40.15
1408.00 40.14
1409.00 40.13
1410.00 40.12
1411.00 40.11
1412.00 40.11
1413.00 40.10
1414.00 40.09
1415.00 40.08
1416.00 40.08
1417.00 40.07
1418.00 40.06
1419.00 40.05
1420.00 40.05
1421.00 40.04
1422.00 40.03
1423.00 40.03
1424.00 40.02
1425.00 40.01
1426.00 40.01
1427.00 40.00
1428.00 39.99
1429.00 39.99
1430.00 39.98
1431.00 39.98
1432.00 39.97
1433.00 39.96
1434.00 39.96
1435.00 39.95
1436.00 39.95
1437.00 39.94
1438.00 39.94
1439.00 39.93
1440.00 39.93
1441.00 39.92
1442.00 39.92
1443.00 39.91
1444.00 39.91
1445.00 39.90
1446.00 39.90
1447.00 39.89
1448.00 39.89
1449.00 39.89
1450.00 39.88
1451.00 39.88
1452.00 39.87
1453.00 39.87
1454.00 39.87
1455.00 39.86
1456.00 39.86
1457.00 39.86
1458.00 39.85
1459.00 39.85
1460.00 39.85
1461.00 39.85
1462.00 39.84
1463.00 39.84
1464.00 39.84
1465.00 39.84
1466.00 39.83
1467.00 39.83
1468.00 39.83
1469.00 39.83
1470.00 39.83
1471.00 39.83
1472.00 39.82
1473.00 39.82
1474.00 39.82
1475.00 39.82
1476.00 39.82
1477.00 39.82
1478.00 39.82
1479.00 39.82
1480.00 39.82
1481.00 39.82
1482.00 39.82
1483.00 39.82
1484.00 39.82
1485.00 39.82
1486.00 39.82
1487.00 39.82
1488.00 39.82
1489.00 39.82
1490.00 39.82
1491.00 39.82
1492.00 39.82
1493.00 39.82
1494.00 39.82
1495.00 39.82
1496.00 39.83
1497.00 39.83
1498.00 39.83
1499.00 39.83
1500.00 39.83
1501.00 39.84
1502.00 39.84
1503.00 39.84
1504.00 39.84
1505.00 39.84
1506.00 39.85
1507.00 39.85
1508.00 39.85
1509.00 39.86
1510.00 39.86
1511.00 39.86
1512.00 39.87
1513.00 39.87
1514.00 39.87
1515.00 39.88
1516.00 39.88
1517.00 39.89
1518.00 39.89
1519.00 39.89
1520.00 39.90
1521.00 39.90
1522.00 39.91
1523.00 39.91
1524.00 39.92
1525.00 39.92
1526.00 39.93
1527.00 39.93
1528.00 39.94
1529.00 39.95
1530.00 39.95
1531.00 39.96
1532.00 39.96
1533.00 39.97
1534.00 39.98
1535.00 39.98
1536.00 39.99
1537.00 40.00
1538.00 40.00
1539.00 40.01
1540.00 40.02
1541.00 40.03
1542.00 40.03
1543.00 40.04
1544.00 40.05
1545.00 40.06
1546.00 40.06
1547.00 40.07
1548.00 40.08
1549.00 40.09
1550.00 40.10
1551.00 40.11
1552.00 40.12
1553.00 40.12
1554.00 40.13
1555.00 40.14
1556.00 40.15
1557.00 40.16
1558.00 40.17
1559.00 40.18
1560.00 40.19
1561.00 40.20
1562.00 40.21
1563.00 40.22
1564.00 40.23
1565.00 40.24
1566.00 40.25
1567.00 40.27
1568.00 40.28
1569.00 40.29
1570.00 40.30
1571.00 40.31
1572.00 40.32
1573.00 40.33
1574.00 40.35
1575.00 40.36
1576.00 40.37
1577.00 40.38
1578.00 40.40
1579.00 40.41
1580.00 40.42
1581.00 40.44
1582.00 40.45
1583.00 40.46
1584.00 40.48
1585.00 40.49
1586.00 40.50
1587.00 40.52
1588.00 40.53
1589.00 40.55
1590.00 40.56
1591.00 40.57
1592.00 40.59
1593.00 40.60
1594.00 40.62
1595.00 40.63
1596.00 40.65
1597.00 40.67
1598.00 40.68
1599.00 40.70
1600.00 40.71
1601.00 40.73
1602.00 40.75
1603.00 40.76
1604.00 40.78
1605.00 40.80
1606.00 40.81
1607.00 40.83
1608.00 40.85
1609.00 40.86
1610.00 40.88
1611.00 40.90
1612.00 40.92
1613.00 40.94
1614.00 40.95
1615.00 40.97
1616.00 40.99
1617.00 41.01
1618.00 41.03
1619.00 41.05
1620.00 41.07
1621.00 41.09
1622.00 41.10
1623.00 41.12
1624.00 41.14
1625.00 41.16
1626.00 41.18
1627.00 41.20
1628.00 41.23
1629.00 41.25
1630.00 41.27
1631.00 41.29
1632.00 41.31
1633.00 41.33
1634.00 41.35
1635.00 41.37
1636.00 41.40
1637.00 41.42
1638.00 41.44
1639.00 41.46
1640.00 41.48
1641.00 41.51
1642.00 41.53
1643.00 41.55
1644.00 41.58
1645.00 41.60
1646.00 41.62
1647.00 41.65
1648.00 41.67
1649.00 41.69
1650.00 41.72
1651.00 41.74
1652.00 41.77
1653.00 41.79
1654.00 41.82
1655.00 41.84
1656.00 41.87
1657.00 41.89
1658.00 41.92
1659.00 41.95
1660.00 41.97
1661.00 42.00
1662.00 42.02
1663.00 42.05
1664.00 42.08
1665.00 42.10
1666.00 42.13
1667.00 42.16
1668.00 42.19
1669.00 42.21
1670.00 42.24
1671.00 42.27
1672.00 42.30
1673.00 42.33
1674.00 42.36
1675.00 42.38
1676.00 42.41
1677.00 42.44
1678.00 42.47
1679.00 42.50
1680.00 42.53
1681.00 42.56
1682.00 42.59
1683.00 42.62
1684.00 42.65
1685.00 42.68
1686.00 42.71
1687.00 42.74
1688.00 42.78
1689.00 42.81
1690.00 42.84
1691.00 42.87
1692.00 42.90
1693.00 42.94
1694.00 42.97
1695.00 43.00
1696.00 43.03
1697.00 43.07
1698.00 43.10
1699.00 43.13
1700.00 43.17
1701.00 43.20
1702.00 43.24
1703.00 43.27
1704.00 43.30
1705.00 43.34
1706.00 43.37
1707.00 43.41
1708.00 43.44
1709.00 43.48
1710.00 43.52
1711.00 43.55
1712.00 43.59
1713.00 43.62
1714.00 43.66
1715.00 43.70
1716.00 43.73
1717.00 43.77
1718.00 43.81
1719.00 43.85
1720.00 43.89
1721.00 43.92
1722.00 43.96
1723.00 44.00
1724.00 44.04
1725.00 44.08
1726.00 44.12
1727.00 44.16
1728.00 44.20
1729.00 44.24
1730.00 44.28
1731.00 44.32
1732.00 44.36
1733.00 44.40
1734.00 44.44
1735.00 44.48
1736.00 44.52
1737.00 44.56
1738.00 44.61
1739.00 44.65
1740.00 44.69
1741.00 44.73
1742.00 44.78
1743.00 44.82
1744.00 44.86
1745.00 44.91
1746.00 44.95
1747.00 44.99
1748.00 45.04
1749.00 45.08
1750.00 45.13
1751.00 45.17
1752.00 45.22
1753.00 45.26
1754.00 45.31
1755.00 45.36
1756.00 45.40
1757.00 45.45
1758.00 45.49
1759.00 45.54
1760.00 45.59
1761.00 45.64
1762.00 45.68
1763.00 45.73
1764.00 45.78
1765.00 45.83
1766.00 45.88
1767.00 45.93
1768.00 45.98
1769.00 46.03
1770.00 46.08
1771.00 46.13
1772.00 46.18
1773.00 46.23
1774.00 46.28
1775.00 46.33
1776.00 46.38
1777.00 46.43
1778.00 46.48
1779.00 46.54
1780.00 46.59
1781.00 46.64
1782.00 46.70
1783.00 46.75
1784.00 46.80
1785.00 46.86
1786.00 46.91
1787.00 46.96
1788.00 47.02
1789.00 47.07
1790.00 47.13
1791.00 47.19
1792.00 47.24
1793.00 47.30
1794.00 47.35
1795.00 47.41
1796.00 47.47
1797.00 47.53
1798.00 47.58
1799.00 47.64
1800.00 47.70
1801.00 47.76
1802.00 47.82
1803.00 47.88
1804.00 47.94
1805.00 48.00
1806.00 48.06
1807.00 48.12
1808.00 48.18
1809.00 48.24
1810.00 48.30
1811.00 48.36
1812.00 48.42
1813.00 48.48
1814.00 48.55
1815.00 48.61
1816.00 48.67
1817.00 48.74
1818.00 48.80
1819.00 48.86
1820.00 48.93
1821.00 48.99
1822.00 49.06
1823.00 49.12
1824.00 49.19
1825.00 49.26
1826.00 49.32
1827.00 49.39
1828.00 49.46
1829.00 49.52
1830.00 49.59
1831.00 49.66
1832.00 49.73
1833.00 49.80
1834.00 49.87
1835.00 49.94
1836.00 50.01
1837.00 50.08
1838.00 50.15
1839.00 50.22
1840.00 50.29
1841.00 50.36
1842.00 50.43
1843.00 50.51
1844.00 50.58
1845.00 50.65
1846.00 50.73
1847.00 50.80
1848.00 50.87
1849.00 50.95
1850.00 51.02
1851.00 51.10
1852.00 51.17
1853.00 51.25
1854.00 51.33
1855.00 51.40
1856.00 51.48
1857.00 51.56
1858.00 51.64
1859.00 51.71
1860.00 51.79
1861.00 51.87
1862.00 51.95
1863.00 52.03
1864.00 52.11
1865.00 52.19
1866.00 52.27
1867.00 52.36
1868.00 52.44
1869.00 52.52
1870.00 52.60
1871.00 52.69
1872.00 52.77
1873.00 52.85
1874.00 52.94
1875.00 53.02
1876.00 53.11
1877.00 53.19
1878.00 53.28
1879.00 53.37
1880.00 53.45
1881.00 53.54
1882.00 53.63
1883.00 53.72
1884.00 53.80
1885.00 53.89
1886.00 53.98
1887.00 54.07
1888.00 54.16
1889.00 54.25
1890.00 54.34
1891.00 54.44
1892.00 54.53
1893.00 54.62
1894.00 54.71
1895.00 54.81
1896.00 54.90
1897.00 54.99
1898.00 55.09
1899.00 55.18
1900.00 55.28
1901.00 55.38
1902.00 55.47
1903.00 55.57
1904.00 55.67
1905.00 55.77
1906.00 55.86
1907.00 55.96
1908.00 56.06
1909.00 56.16
1910.00 56.26
1911.00 56.36
1912.00 56.47
1913.00 56.57
1914.00 56.67
1915.00 56.77
1916.00 56.88
1917.00 56.98
1918.00 57.08
1919.00 57.19
1920.00 57.29
1921.00 57.40
1922.00 57.50
1923.00 57.61
1924.00 57.72
1925.00 57.83
1926.00 57.93
1927.00 58.04
1928.00 58.15
1929.00 58.26
1930.00 58.37
1931.00 58.48
1932.00 58.59
1933.00 58.71
1934.00 58.82
1935.00 58.93
1936.00 59.05
1937.00 59.16
1938.00 59.27
1939.00 59.39
1940.00 59.50
1941.00 59.62
1942.00 59.74
1943.00 59.85
1944.00 59.97
1945.00 60.09
1946.00 60.21
1947.00 60.33
1948.00 60.45
1949.00 60.57
1950.00 60.69
1951.00 60.81
1952.00 60.93
1953.00 61.05
1954.00 61.18
1955.00 61.30
1956.00 61.42
1957.00 61.55
1958.00 61.67
1959.00 61.80
1960.00 61.93
1961.00 62.05
1962.00 62.18
1963.00 62.31
1964.00 62.44
1965.00 62.57
1966.00 62.70
1967.00 62.83
1968.00 62.96
1969.00 63.09
1970.00 63.22
1971.00 63.36
1972.00 63.49
1973.00 63.62
1974.00 63.76
1975.00 63.89
1976.00 64.03
1977.00 64.16
1978.00 64.30
1979.00 64.44
1980.00 64.58
1981.00 64.71
1982.00 64.85
1983.00 64.99
1984.00 65.13
1985.00 65.27
1986.00 65.42
1987.00 65.56
1988.00 65.70
1989.00 65.84
1990.00 65.99
1991.00 66.13
1992.00 66.28
1993.00 66.42
1994.00 66.57
1995.00 66.72
1996.00 66.86
1997.00 67.01
1998.00 67.16
1999.00 67.31
2000.00 67.46
2001.00 67.61
2002.00 67.76
2003.00 67.91
2004.00 68.06
2005.00 68.22
2006.00 68.37
2007.00 68.53
2008.00 68.68
2009.00 68.84
2010.00 68.99
2011.00 69.15
2012.00 69.31
2013.00 69.46
2014.00 69.62
2015.00 69.78
2016.00 69.94
2017.00 70.10
2018.00 70.26
2019.00 70.42
2020.00 70.59
2021.00 70.75
2022.00 70.91
2023.00 71.08
2024.00 71.24
2025.00 71.41
2026.00 71.57
2027.00 71.74
2028.00 71.90
2029.00 72.07
2030.00 72.24
2031.00 72.41
2032.00 72.58
2033.00 72.75
2034.00 72.92
2035.00 73.09
2036.00 73.26
2037.00 73.43
2038.00 73.61
2039.00 73.78
2040.00 73.96
2041.00 74.13
2042.00 74.31
2043.00 74.48
2044.00 74.66
2045.00 74.84
2046.00 75.01
2047.00 75.19
