#Order, x, y, width
2 0 90.67538322836285 nan
2 1 90.91433052671998 nan
2 2 91.15128775138173 nan
2 3 91.38626317848373 nan
2 4 91.61926506620287 21.6965328481291
2 5 91.85030165477464 21.69781909305784
2 6 92.07938116651064 21.69910583716025
2 7 92.30651180581596 21.70039308079428
2 8 92.5317017592066 21.70168082431827
2 9 92.75495919532692 21.702969068090933
2 10 92.97629226496707 21.704257812471344
2 11 93.19570910108041 21.70554705781897
2 12 93.4132178188009 21.70683680449365
2 13 93.62882651546057 21.708127052855595
2 14 93.84254327060697 21.7094178032654
2 15 94.0543761460205 21.71070905608404
2 16 94.26433318573197 21.712000811672855
2 17 94.47242241603989 21.71329307039358
2 18 94.678651845528 21.714585832608318
2 19 94.88302946508264 21.71587909867957
2 20 95.08556324791022 21.717172868970188
2 21 95.2862611495546 21.718467143843434
2 22 95.48513110791454 21.71976192366294
2 23 95.68218104326112 21.72105720879272
2 24 95.87741885825521 21.72235299959717
2 25 96.0708524379648 21.723649296441074
2 26 96.26248964988254 21.724946099689593
2 27 96.45233834394305 21.72624340970828
2 28 96.6404063525405 21.72754122686307
2 29 96.82670149054584 21.728839551520284
2 30 97.0112315553244 21.730138384046626
2 31 97.19400432675324 21.731437724809187
2 32 97.37502756723858 21.732737574175452
2 33 97.55430902173319 21.73403793251329
2 34 97.73185641775393 21.73533880019095
2 35 97.90767746539908 21.736640177577083
2 36 98.08177985736575 21.73794206504072
2 37 98.25417126896738 21.739244462951287
2 38 98.42485935815117 21.7405473716786
2 39 98.59385176551542 21.741850791592856
2 40 98.76115611432702 21.743154723064666
2 41 98.92678001053889 21.744459166465006
2 42 99.09073104280733 21.745764122165262
2 43 99.25301678250956 21.747069590537215
2 44 99.41364478376106 21.748375571953023
2 45 99.57262258343299 21.749682066785255
2 46 99.7299577011697 21.750989075406864
2 47 99.88565763940606 21.752296598191204
2 48 100.03972988338498 21.75360463551203
2 49 100.19218190117473 21.754913187743472
2 50 100.34302114368649 21.756222255260088
2 51 100.49225504469165 21.757531838436808
2 52 100.63989102083933 21.758841937648974
2 53 100.78593647167378 21.760152553272317
2 54 100.9303987796518 21.761463685682973
2 55 101.07328531016013 21.76277533525748
2 56 101.21460341153298 21.764087502372774
2 57 101.35436041506932 21.76540018740619
2 58 101.49256363505046 21.766713390735465
2 59 101.62922036875732 21.768027112738736
2 60 101.76433789648796 21.769341353794545
2 61 101.89792348157499 21.77065611428184
2 62 102.02998437040297 21.771971394579975
2 63 102.16052779242587 21.773287195068697
2 64 102.28956096018445 21.774603516128163
2 65 102.41709106932372 21.775920358138936
2 66 102.54312529861038 21.777237721481992
2 67 102.66767080995022 21.7785556065387
2 68 102.79073474840557 21.779874013690844
2 69 102.91232424221266 21.781192943320615
2 70 103.03244640279915 21.782512395810617
2 71 103.1511083248015 21.78383237154385
2 72 103.26831708608236 21.78515287090373
2 73 103.3840797477481 21.786473894274092
2 74 103.49840335416613 21.78779544203917
2 75 103.61129493298236 21.789117514583605
2 76 103.72276149513868 21.790440112292472
2 77 103.83281003489034 21.79176323555123
2 78 103.94144752982335 21.793086884745772
2 79 104.04868094087195 21.794411060262394
2 80 104.15451721233603 21.79573576248781
2 81 104.25896327189858 21.797060991809143
2 82 104.36202603064302 21.798386748613943
2 83 104.46371238307077 21.79971303329016
2 84 104.56402920711852 21.801039846226175
2 85 104.66298336417583 21.802367187810777
2 86 104.76058169910239 21.803695058433178
2 87 104.85683104024557 21.805023458483
2 88 104.95173819945774 21.80635238835029
2 89 105.04530997211381 21.807681848425517
2 90 105.1375531371286 21.80901183909956
2 91 105.22847445697425 21.810342360763734
2 92 105.31808067769764 21.811673413809757
2 93 105.40637852893788 21.81300499862978
2 94 105.49337472394367 21.814337115616375
2 95 105.5790759595908 21.815669765162532
2 96 105.66348891639947 21.81700294766167
2 97 105.74662025855183 21.818336663507633
2 98 105.8284766339093 21.819670913094683
2 99 105.90906467403012 21.821005696817508
2 100 105.98839099418666 21.82234101507123
2 101 106.06646219338289 21.823676868251393
2 102 106.14328485437184 21.825013256753962
2 103 106.21886554367299 21.826350180975336
2 104 106.29321081158967 21.827687641312348
2 105 106.36632719222659 21.829025638162246
2 106 106.43822120350714 21.83036417192272
2 107 106.50889934719089 21.83170324299188
2 108 106.578368108891 21.83304285176827
2 109 106.64663395809166 21.834382998650874
2 110 106.71370334816548 21.835723684039095
2 111 106.77958271639099 21.837064908332778
2 112 106.84427848396993 21.838406671932198
2 113 106.90779705604487 21.83974897523806
2 114 106.97014482171647 21.841091818651506
2 115 107.03132815406096 21.842435202574123
2 116 107.09135341014759 21.843779127407917
2 117 107.15022693105605 21.845123593555336
2 118 107.2079550418939 21.846468601419268
2 119 107.26454405181393 21.847814151403043
2 120 107.3200002540317 21.849160243910422
2 121 107.37432992584287 21.8505068793456
2 122 107.42753932864068 21.851854058113222
2 123 107.47963470793337 21.853201780618367
2 124 107.53062229336157 21.854550047266564
2 125 107.58050829871577 21.855898858463764
2 126 107.62929892195375 21.85724821461638
2 127 107.67700034521795 21.858598116131255
2 128 107.72361873485296 21.85994856341568
2 129 107.76916024142292 21.861299556877395
2 130 107.81363099972893 21.86265109692457
2 131 107.8570371288265 21.86400318396583
2 132 107.899384732043 21.86535581841025
2 133 107.94067989699502 21.866709000667345
2 134 107.98092869560585 21.868062731147074
2 135 108.02013718412287 21.86941701025985
2 136 108.05831140313505 21.87077183841653
2 137 108.09545737759026 21.872127216028428
2 138 108.13158111681282 21.87348314350729
2 139 108.16668861452082 21.874839621265338
2 140 108.20078584884362 21.87619664971522
2 141 108.23387878233923 21.877554229270046
2 142 108.26597336201179 21.878912360343385
2 143 108.29707551932893 21.88027104334925
2 144 108.32719117023926 21.881630278702108
2 145 108.35632621518974 21.882990066816884
2 146 108.38448653914315 21.88435040810895
2 147 108.41167801159551 21.885711302994146
2 148 108.43790648659348 21.887072751888756
2 149 108.4631778027518 21.88843475520953
2 150 108.48749778327074 nan
2 151 108.51087223595349 nan
2 152 108.53330695322362 nan
2 153 108.55480771214246 nan
2 154 108.57538027442662 nan
2 155 108.59503038646528 nan
2 156 108.61376377933773 nan
2 157 108.63158616883076 nan
2 158 108.64850325545608 nan
2 159 108.66452072446774 nan
2 160 108.67964424587956 nan
2 161 108.69387947448259 nan
2 162 108.7072320498625 nan
2 163 108.719707596417 nan
2 164 108.73131172337331 nan
2 165 108.74205002480556 nan
2 166 108.75192807965219 nan
2 167 108.76095145173343 nan
2 168 108.76912568976869 nan
2 169 108.77645632739399 nan
2 170 108.7829488831794 nan
2 171 108.78860886064649 nan
2 172 108.79344174828566 nan
2 173 108.7974530195737 nan
2 174 108.80064813299111 nan
2 175 108.8030325320396 nan
2 176 108.80461164525946 nan
2 177 108.80539088624698 nan
2 178 108.805375653672 nan
2 179 108.80457133129514 nan
2 180 108.8029832879854 nan
2 181 108.8006168777375 nan
2 182 108.79747743968929 nan
2 183 108.79357029813926 nan
2 184 108.78890076256387 nan
2 185 108.78347412763509 nan
2 186 108.77729567323769 nan
2 187 108.77037066448676 nan
2 188 108.76270435174513 nan
2 189 108.75430197064078 nan
2 190 108.74516874208425 nan
2 191 108.73530987228608 nan
2 192 108.72473055277426 nan
2 193 108.71343596041163 nan
2 194 108.7014312574133 nan
2 195 108.68872159136413 nan
2 196 108.67531209523605 nan
2 197 108.66120788740562 nan
2 198 108.64641407167136 nan
2 199 108.6309357372712 nan
2 200 108.61477795889992 nan
2 201 108.59794579672659 nan
2 202 108.58044429641194 nan
2 203 108.56227848912584 nan
2 204 108.54345339156475 nan
2 205 108.52397400596905 nan
2 206 108.50384532014053 nan
2 207 108.48307230745984 nan
2 208 108.46165992690388 nan
2 209 108.4396131230632 nan
2 210 108.41693682615949 nan
2 211 108.39363595206298 nan
2 212 108.36971540230986 nan
2 213 108.3451800641197 nan
2 214 108.32003481041289 nan
2 215 108.29428449982808 nan
2 216 108.26793397673956 nan
2 217 108.24098807127471 nan
2 218 108.2134515993315 nan
2 219 108.18532936259578 nan
2 220 108.15662614855881 nan
2 221 108.12734673053465 nan
2 222 108.09749586767758 nan
2 223 108.06707830499954 nan
2 224 108.03609877338755 nan
2 225 108.00456198962115 nan
2 226 107.97247265638984 nan
2 227 107.93983546231041 nan
2 228 107.90665508194452 nan
2 229 107.87293617581601 nan
2 230 107.83868339042834 nan
2 231 107.8039013582821 nan
2 232 107.76859469789231 nan
2 233 107.73276801380597 nan
2 234 107.69642589661939 nan
2 235 107.65957292299566 nan
2 236 107.62221365568215 nan
2 237 107.58435264352771 nan
2 238 107.54599442150038 nan
2 239 107.50714351070462 nan
2 240 107.46780441839884 nan
2 241 107.42798163801272 nan
2 242 107.38767964916478 nan
2 243 107.34690291767969 nan
2 244 107.3056558956057 nan
2 245 107.2639430212322 nan
2 246 107.22176871910696 nan
2 247 107.17913740005369 nan
2 248 107.13605346118942 nan
2 249 107.09252128594191 nan
2 250 107.04854524406713 nan
2 251 107.0041296916666 nan
2 252 106.95927897120494 nan
2 253 106.91399741152715 nan
2 254 106.8682893278762 nan
2 255 106.82215902191027 nan
2 256 106.77561078172036 nan
2 257 106.72864888184759 nan
2 258 106.68127758330068 nan
2 259 106.63350113357339 nan
2 260 106.58532376666187 nan
2 261 106.5367497030822 nan
2 262 106.48778314988769 nan
2 263 106.43842830068643 nan
2 264 106.38868933565864 nan
2 265 106.33857042157412 nan
2 266 106.28807571180964 nan
2 267 106.23720934636646 nan
2 268 106.18597545188766 nan
2 269 106.13437814167558 nan
2 270 106.08242151570933 nan
2 271 106.0301096606621 nan
2 272 105.97744664991868 nan
2 273 105.92443654359283 nan
2 274 105.87108338854473 nan
2 275 105.8173912183984 nan
2 276 105.76336405355916 nan
2 277 105.70900590123097 nan
2 278 105.65432075543394 nan
2 279 105.59931259702176 nan
2 280 105.54398539369906 nan
2 281 105.48834310003886 nan
2 282 105.43238965750007 nan
2 283 105.37612899444476 nan
2 284 105.3195650261558 nan
2 285 105.26270165485408 nan
2 286 105.20554276971606 nan
2 287 105.14809224689115 nan
2 288 105.09035394951916 nan
2 289 105.03233172774775 nan
2 290 104.97402941874972 nan
2 291 104.91545084674065 nan
2 292 104.85659982299619 nan
2 293 104.79748014586944 nan
2 294 104.73809560080853 nan
2 295 104.67844996037397 nan
2 296 104.618546984256 nan
2 297 104.55839041929215 nan
2 298 104.49798399948459 nan
2 299 104.43733144601755 nan
2 300 104.37643646727483 nan
2 301 104.31530275885709 nan
2 302 104.2539340035994 nan
2 303 104.19233387158862 nan
2 304 104.1305060201808 nan
2 305 104.06845409401865 nan
2 306 104.00618172504896 nan
2 307 103.94369253253997 nan
2 308 103.8809901230989 nan
2 309 103.8180780906893 nan
2 310 103.75496001664845 nan
2 311 103.69163946970492 nan
2 312 103.62812000599583 nan
2 313 103.56440516908441 nan
2 314 103.50049848997732 nan
2 315 103.43640348714219 nan
2 316 103.37212366652493 nan
2 317 103.30766252156725 nan
2 318 103.24302353322403 nan
2 319 103.17821016998079 nan
2 320 103.11322588787105 nan
2 321 103.04807413049383 nan
2 322 102.98275832903106 nan
2 323 102.91728190226495 nan
2 324 102.85164825659548 nan
2 325 102.78586078605782 nan
2 326 102.71992287233972 nan
2 327 102.65383788479897 nan
2 328 102.58760918048084 nan
2 329 102.52124010413542 nan
2 330 102.45473398823513 nan
2 331 102.3880941529922 nan
2 332 102.32132390637592 nan
2 333 102.25442654413023 nan
2 334 102.18740534979106 nan
2 335 102.12026359470381 nan
2 336 102.0530045380407 nan
2 337 101.98563142681829 nan
2 338 101.91814749591485 nan
2 339 101.85055596808778 nan
2 340 101.7828600539911 nan
2 341 101.7150629521928 nan
2 342 101.64716784919227 nan
2 343 101.57917791943783 nan
2 344 101.51109632534401 nan
2 345 101.4429262173091 nan
2 346 101.3746707337325 nan
2 347 101.30633300103217 nan
2 348 101.23791613366208 nan
2 349 101.1694232341296 nan
2 350 101.10085739301294 nan
2 351 101.03222168897857 nan
2 352 100.96351918879868 nan
2 353 100.8947529473686 nan
2 354 100.82592600772415 nan
2 355 100.75704140105915 nan
2 356 100.68810214674284 nan
2 357 100.61911125233726 nan
2 358 100.55007171361476 nan
2 359 100.48098651457528 nan
2 360 100.41185862746397 nan
2 361 100.34269101278846 nan
2 362 100.2734866193363 nan
2 363 100.20424838419255 nan
2 364 100.13497923275698 nan
2 365 100.06568207876164 nan
2 366 99.99635982428822 nan
2 367 99.92701535978559 nan
2 368 99.85765156408704 nan
2 369 99.78827130442782 nan
2 370 99.71887743646266 nan
2 371 99.649472804283 nan
2 372 99.58006024043448 nan
2 373 99.51064256593446 nan
2 374 99.44122259028941 nan
2 375 99.37180311151221 nan
2 376 99.30238691613977 nan
2 377 99.2329767792503 nan
2 378 99.1635754644808 nan
2 379 99.09418572404452 nan
2 380 99.02481029874832 nan
2 381 98.9554519180102 nan
2 382 98.88611329987656 nan
2 383 98.81679715103975 nan
2 384 98.74750616685552 nan
2 385 98.6782430313603 nan
2 386 98.60901041728881 nan
2 387 98.5398109860914 nan
2 388 98.47064738795135 nan
2 389 98.40152226180263 nan
2 390 98.3324382353469 nan
2 391 98.2633979250713 nan
2 392 98.1944039362657 nan
2 393 98.12545886304012 nan
2 394 98.05656528834226 nan
2 395 97.98772578397477 nan
2 396 97.91894291061286 nan
2 397 97.8502192178216 nan
2 398 97.78155724407334 nan
2 399 97.71295951676525 nan
2 400 97.64442855223666 nan
2 401 97.57596685578645 nan
2 402 97.50757692169059 nan
2 403 97.43926123321943 nan
2 404 97.37102226265532 nan
2 405 97.30286247130978 nan
2 406 97.23478430954117 nan
2 407 97.16679021677196 nan
2 408 97.09888262150625 nan
2 409 97.03106394134711 nan
2 410 96.96333658301403 nan
2 411 96.89570294236049 nan
2 412 96.82816540439111 nan
2 413 96.76072634327934 nan
2 414 96.69338812238475 nan
2 415 96.62615309427045 nan
2 416 96.55902360072058 nan
2 417 96.49200197275773 nan
2 418 96.42509053066033 nan
2 419 96.35829158398005 nan
2 420 96.29160743155933 nan
2 421 96.22504036154868 nan
2 422 96.15859265142426 nan
2 423 96.09226656800514 nan
2 424 96.0260643674708 nan
2 425 95.95998829537866 nan
2 426 95.89404058668129 nan
2 427 95.82822346574405 nan
2 428 95.76253914636231 nan
2 429 95.69698983177912 nan
2 430 95.63157771470242 nan
2 431 95.56630497732257 nan
2 432 95.50117379132975 nan
2 433 95.43618631793143 nan
2 434 95.3713447078697 nan
2 435 95.30665110143882 nan
2 436 95.24210762850255 nan
2 437 95.17771640851163 nan
2 438 95.11347955052119 nan
2 439 95.04939915320813 nan
2 440 94.98547730488865 nan
2 441 94.92171608353557 nan
2 442 94.85811755679585 nan
2 443 94.79468378200792 nan
2 444 94.73141680621924 nan
2 445 94.66831866620356 nan
2 446 94.60539138847844 nan
2 447 94.54263698932272 nan
2 448 94.48005747479387 nan
2 449 94.4176548407454 nan
2 450 94.3554310728444 nan
2 451 94.29338814658887 nan
2 452 94.23152802732511 nan
2 453 94.1698526702653 nan
2 454 94.10836402050475 nan
2 455 94.04706401303952 nan
2 456 93.98595457278361 nan
2 457 93.92503761458661 nan
2 458 93.86431504325101 nan
2 459 93.80378875354961 nan
2 460 93.74346063024304 nan
2 461 93.68333254809703 nan
2 462 93.62340637190009 nan
2 463 93.56368395648065 nan
2 464 93.50416714672473 nan
2 465 93.44485777759313 nan
2 466 93.38575767413911 nan
2 467 93.32686865152563 nan
2 468 93.26819251504286 nan
2 469 93.20973106012552 nan
2 470 93.15148607237046 nan
2 471 93.09345932755397 nan
2 472 93.03565259164918 nan
2 473 92.97806762084363 nan
2 474 92.92070616155655 nan
2 475 92.86356995045634 nan
2 476 92.80666071447804 nan
2 477 92.74998017084066 nan
2 478 92.69353002706475 nan
2 479 92.63731198098964 nan
2 480 92.58132772079105 nan
2 481 92.52557892499841 nan
2 482 92.47006726251232 nan
2 483 92.41479439262189 nan
2 484 92.35976196502234 nan
2 485 92.30497161983232 nan
2 486 92.25042498761125 nan
2 487 92.196123689377 nan
2 488 92.14206933662308 nan
2 489 92.08826353133608 nan
2 490 92.03470786601329 nan
2 491 91.98140392367992 nan
2 492 91.92835327790665 nan
2 493 91.87555749282697 nan
2 494 91.82301812315468 nan
2 495 91.77073671420126 nan
2 496 91.71871480189341 nan
2 497 91.66695391279025 nan
2 498 91.61545556410104 nan
2 499 91.56422126370235 nan
2 500 91.51325251015558 nan
2 501 91.4625507927245 nan
2 502 91.41211759139249 nan
2 503 91.36195437688004 nan
2 504 91.31206261066228 nan
2 505 91.2624437449862 nan
2 506 91.21309922288829 nan
2 507 91.16403047821179 nan
2 508 91.11523893562422 nan
2 509 91.06672601063484 nan
2 510 91.01849310961192 nan
2 511 90.9705416298003 nan
2 512 90.92287295933883 nan
2 513 90.8754884772777 nan
2 514 90.82838955359585 nan
2 515 90.78157754921862 nan
2 516 90.7350538160349 nan
2 517 90.68881969691473 nan
2 518 90.64287652572658 nan
2 519 90.59722562735496 nan
2 520 90.55186831771778 nan
2 521 90.50680590378359 nan
2 522 90.46203968358934 nan
2 523 90.41757094625758 nan
2 524 90.37340097201385 nan
2 525 90.32953103220439 nan
2 526 90.28596238931316 nan
2 527 90.24269629697963 nan
2 528 90.199734000016 nan
2 529 90.15707673442463 nan
2 530 90.11472572741569 nan
2 531 90.07268219742424 nan
2 532 90.0309473541279 nan
2 533 89.98952239846426 nan
2 534 89.94840852264811 nan
2 535 89.90760691018923 nan
2 536 89.86711873590943 nan
2 537 89.82694516596018 nan
2 538 89.7870873578401 nan
2 539 89.74754646041208 nan
2 540 89.7083236139212 nan
2 541 89.66941995001167 nan
2 542 89.6308365917445 nan
2 543 89.59257465361492 nan
2 544 89.5546352415697 nan
2 545 89.51701945302482 nan
2 546 89.47972837688255 nan
2 547 89.4427630935491 nan
2 548 89.40612467495207 nan
2 549 89.36981418455771 nan
2 550 89.33383267738853 nan
2 551 89.29818120004055 nan
2 552 89.2628607907009 nan
2 553 89.22787247916517 nan
2 554 89.19321728685469 nan
2 555 89.1588962268343 nan
2 556 89.12491030382945 nan
2 557 89.0912605142437 nan
2 558 89.05794784617636 nan
2 559 89.02497327943962 nan
2 560 88.99233778557613 nan
2 561 88.9600423278765 nan
2 562 88.9280878613965 nan
2 563 88.8964753329747 nan
2 564 88.86520568124982 nan
2 565 88.83427983667812 nan
2 566 88.80369872155087 nan
2 567 88.77346325001179 nan
2 568 88.74357432807439 nan
2 569 88.71403285363958 nan
2 570 88.68483971651287 nan
2 571 88.65599579842193 nan
2 572 88.62750197303392 nan
2 573 88.59935910597316 nan
2 574 88.57156805483832 nan
2 575 88.54412966921974 nan
2 576 88.5170447907173 nan
2 577 88.49031425295735 nan
2 578 88.46393888161045 nan
2 579 88.43791949440877 nan
2 580 88.41225690116333 nan
2 581 88.38695190378161 nan
2 582 88.36200529628493 nan
2 583 88.33741786482584 nan
2 584 88.31319038770559 nan
2 585 88.28932363539145 nan
2 586 88.26581837053445 nan
2 587 88.24267534798632 nan
2 588 88.21989531481725 nan
2 589 88.19747901033331 nan
2 590 88.1754271660939 nan
2 591 88.15374050592875 nan
2 592 88.13241974595606 nan
2 593 88.11146559459934 nan
2 594 88.09087875260508 nan
2 595 88.07065991306017 nan
2 596 88.05080976140923 nan
2 597 88.03132897547228 nan
2 598 88.01221822546175 nan
2 599 87.9934781740004 nan
2 600 87.97510947613827 nan
2 601 87.95711277937055 nan
2 602 87.93948872365455 nan
2 603 87.92223794142754 nan
2 604 87.90536105762394 nan
2 605 87.88885868969287 nan
2 606 87.8727314476155 nan
2 607 87.85697993392237 nan
2 608 87.84160474371109 nan
2 609 87.82660646466361 nan
2 610 87.81198567706349 nan
2 611 87.7977429538137 nan
2 612 87.7838788604537 nan
2 613 87.77039395517706 nan
2 614 87.75728878884883 nan
2 615 87.74456390502286 nan
2 616 87.7322198399596 nan
2 617 87.72025712264288 nan
2 618 87.70867627479807 nan
2 619 87.69747781090892 nan
2 620 87.68666223823537 nan
2 621 87.67623005683076 nan
2 622 87.66618175955922 nan
2 623 87.65651783211337 nan
2 624 87.6472387530315 nan
2 625 87.63834499371517 nan
2 626 87.6298370184463 nan
2 627 87.62171528440507 nan
2 628 87.61398024168703 nan
2 629 87.60663233332059 nan
2 630 87.59967199528455 nan
2 631 87.59309965652524 nan
2 632 87.58691573897443 nan
2 633 87.58112065756629 nan
2 634 87.57571482025494 nan
2 635 87.57069862803223 nan
2 636 87.56607247494462 nan
2 637 87.5618367481109 nan
2 638 87.55799182773966 nan
2 639 87.55453808714651 nan
2 640 87.55147589277186 nan
2 641 87.54880560419791 nan
2 642 87.54652757416629 nan
2 643 87.54464214859559 nan
2 644 87.54314966659864 nan
2 645 87.5420504605 nan
2 646 87.54134485585328 nan
2 647 87.54103317145876 nan
2 648 87.54111571938054 nan
2 649 87.54159280496438 nan
2 650 87.54246472685469 nan
2 651 87.54373177701207 nan
2 652 87.54539424073114 nan
2 653 87.54745239665735 nan
2 654 87.5499065168047 nan
2 655 87.55275686657345 nan
2 656 87.55600370476684 nan
2 657 87.55964728360935 nan
2 658 87.56368784876331 nan
2 659 87.5681256393471 nan
2 660 87.572960887952 nan
2 661 87.57819382065983 nan
2 662 87.58382465706045 nan
2 663 87.58985361026893 nan
2 664 87.59628088694346 nan
2 665 87.60310668730224 nan
2 666 87.61033120514112 nan
2 667 87.6179546278512 nan
2 668 87.62597713643598 nan
2 669 87.63439890552881 nan
2 670 87.64322010341071 nan
2 671 87.65244089202729 nan
2 672 87.66206142700636 nan
2 673 87.6720818576755 nan
2 674 87.68250232707925 nan
2 675 87.69332297199682 nan
2 676 87.70454392295915 nan
2 677 87.71616530426674 nan
2 678 87.7281872340067 nan
2 679 87.7406098240705 nan
2 680 87.75343318017113 nan
2 681 87.76665740186071 nan
2 682 87.7802825825478 nan
2 683 87.79430880951502 nan
2 684 87.80873616393609 nan
2 685 87.82356472089378 nan
2 686 87.83879454939688 nan
2 687 87.85442571239778 nan
2 688 87.8704582668101 nan
2 689 87.88689226352575 nan
2 690 87.90372774743267 nan
2 691 87.92096475743207 nan
2 692 87.93860332645606 nan
2 693 87.9566434814846 nan
2 694 87.9750852435636 nan
2 695 87.99392862782189 nan
2 696 88.01317364348874 nan
2 697 88.03282029391133 nan
2 698 88.05286857657218 nan
2 699 88.0733184831065 nan
2 700 88.09416999931982 23.0
2 701 88.11542310520508 24.0
2 702 88.13707777496028 24.0
2 703 88.15913397700596 24.0
2 704 88.18159167400255 24.0
2 705 88.20445082286773 24.0
2 706 88.22771137479378 24.0
2 707 88.25137327526546 24.0
2 708 88.27543646407678 24.0
2 709 88.29990087534901 24.0
2 710 88.32476643754771 24.0
2 711 88.35003307350036 24.0
2 712 88.37570070041374 24.0
2 713 88.40176922989137 24.0
2 714 88.42823856795087 24.0
2 715 88.45510861504137 23.0
2 716 88.48237926606112 23.0
2 717 88.5100504103749 23.0
2 718 88.53812193183089 23.0
2 719 88.56659370877911 23.0
2 720 88.59546561408791 23.0
2 721 88.62473751516194 18.0
2 722 88.6544092739593 23.0
2 723 88.68448074700916 23.0
2 724 88.71495178542911 23.0
2 725 88.74582223494244 24.0
2 726 88.77709193589588 23.0
2 727 88.80876072327686 23.0
2 728 88.84082842673072 24.0
2 729 88.87329487057853 23.0
2 730 88.90615987383434 24.0
2 731 88.9394232502224 24.0
2 732 88.97308480819495 24.0
2 733 89.00714435094962 18.0
2 734 89.04160167644629 24.0
2 735 89.0764565774254 24.0
2 736 89.11170884142466 24.0
2 737 89.14735825079693 24.0
2 738 89.1834045827271 24.0
2 739 89.21984760925034 24.0
2 740 89.25668709726862 24.0
2 741 89.29392280856891 24.0
2 742 89.33155449984012 24.0
2 743 89.36958192269068 24.0
2 744 89.40800482366596 24.0
2 745 89.44682294426579 24.0
2 746 89.48603602096172 24.0
2 747 89.5256437852145 24.0
2 748 89.56564596349165 24.0
2 749 89.60604227728457 24.0
2 750 89.64683244312641 24.0
2 751 89.68801617260907 24.0
2 752 89.72959317240083 24.0
2 753 89.77156314426391 24.0
2 754 89.81392578507152 24.0
2 755 89.8566807868256 18.0
2 756 89.89982783667425 24.0
2 757 89.94336661692891 24.0
2 758 89.98729680508208 24.0
2 759 90.03161807382446 24.0
2 760 90.07633009106262 24.0
2 761 90.12143251993636 24.0
2 762 90.1669250188359 24.0
2 763 90.2128072414199 24.0
2 764 90.25907883663204 24.0
2 765 90.30573944871918 24.0
2 766 90.35278871724849 24.0
2 767 90.40022627712477 18.0
2 768 90.44805175860833 24.0
2 769 90.49626478733165 24.0
2 770 90.54486498431746 24.0
2 771 90.59385196599607 24.0
2 772 90.64322534422254 24.0
2 773 90.69298472629416 24.0
2 774 90.74312971496828 24.0
2 775 90.79365990847894 24.0
2 776 90.84457490055532 24.0
2 777 90.89587428043826 24.0
2 778 90.94755763289818 24.0
2 779 90.99962453825223 24.0
2 780 91.05207457238222 24.0
2 781 91.10490730675122 24.0
2 782 91.15812230842185 24.0
2 783 91.21171914007317 24.0
2 784 91.26569736001812 24.0
2 785 91.32005652222139 24.0
2 786 91.37479617631618 22.0
2 787 91.42991586762214 23.0
2 788 91.48541513716279 23.0
2 789 91.54129352168263 23.0
2 790 91.5975505536646 23.0
2 791 91.65418576134797 23.0
2 792 91.71119866874517 23.0
2 793 91.76858879565961 24.0
2 794 91.8263556577028 23.0
2 795 91.88449876631226 23.0
2 796 91.94301762876847 23.0
2 797 92.00191174821238 23.0
2 798 92.06118062366305 23.0
2 799 92.12082375003492 23.0
2 800 92.1808406181552 24.0
2 801 92.24123071478161 23.0
2 802 92.30199352261918 23.0
2 803 92.36312852033839 23.0
2 804 92.42463518259206 23.0
2 805 92.48651298003307 23.0
2 806 92.54876137933171 23.0
2 807 92.611379843193 23.0
2 808 92.67436783037445 23.0
2 809 92.737724795703 23.0
2 810 92.8014501900926 23.0
2 811 92.86554346056207 23.0
2 812 92.93000405025202 23.0
2 813 92.99483139844246 23.0
2 814 93.06002494057009 26.0
2 815 93.12558410824606 20.0
2 816 93.19150832927302 23.0
2 817 93.25779702766286 23.0
2 818 93.32444962365378 23.0
2 819 93.39146553372808 23.0
2 820 93.45884417062943 23.0
2 821 93.52658494338019 23.0
2 822 93.59468725729916 23.0
2 823 93.6631505140185 23.0
2 824 93.73197411150167 23.0
2 825 93.8011574440606 23.0
2 826 93.87069990237306 23.0
2 827 93.94060087350016 23.0
2 828 94.01085974090395 23.0
2 829 94.08147588446462 23.0
2 830 94.15244868049801 18.0
2 831 94.22377750177286 18.0
2 832 94.29546171752864 23.0
2 833 94.36750069349264 23.0
2 834 94.4398937918975 23.0
2 835 94.5126403714985 23.0
2 836 94.5857397875915 21.0
2 837 94.65919139202941 23.0
2 838 94.73299453324067 23.0
2 839 94.80714855624608 23.0
2 840 94.88165280267623 23.0
2 841 94.95650661078909 22.0
2 842 95.03170931548748 24.0
2 843 95.10726024833619 24.0
2 844 95.18315873757994 24.0
2 845 95.25940410816021 24.0
2 846 95.33599568173308 24.0
2 847 95.41293277668649 24.0
2 848 95.49021470815754 23.0
2 849 95.56784078805045 23.0
2 850 95.64581032505319 24.0
2 851 95.72412262465575 23.0
2 852 95.80277698916677 23.0
2 853 95.88177271773154 23.0
2 854 95.96110910634908 23.0
2 855 96.04078544788996 23.0
2 856 96.1208010321132 23.0
2 857 96.2011551456842 23.0
2 858 96.28184707219184 23.0
2 859 96.36287609216602 23.0
2 860 96.44424148309513 23.0
2 861 96.52594251944332 23.0
2 862 96.60797847266798 23.0
2 863 96.69034861123758 23.0
2 864 96.77305220064827 23.0
2 865 96.85608850344211 23.0
2 866 96.93945677922386 23.0
2 867 97.02315628467909 23.0
2 868 97.10718627359093 23.0
2 869 97.19154599685778 23.0
2 870 97.27623470251082 23.0
2 871 97.36125163573153 23.0
2 872 97.44659603886856 23.0
2 873 97.53226715145595 23.0
2 874 97.61826421022984 23.0
2 875 97.70458644914648 23.0
2 876 97.79123309939912 23.0
2 877 97.8782033894359 24.0
2 878 97.96549654497686 24.0
2 879 98.053111789032 24.0
2 880 98.14104834191768 24.0
2 881 98.22930542127517 24.0
2 882 98.31788224208728 24.0
2 883 98.4067780166963 24.0
2 884 98.49599195482112 24.0
2 885 98.58552326357444 24.0
2 886 98.67537114748094 24.0
2 887 98.76553480849407 24.0
2 888 98.85601344601355 24.0
2 889 98.94680625690297 24.0
2 890 99.03791243550724 24.0
2 891 99.12933117367 23.0
2 892 99.2210616607507 23.0
2 893 99.31310308364263 23.0
2 894 99.40545462678966 23.0
2 895 99.49811547220457 23.0
2 896 99.59108479948526 23.0
2 897 99.6843617858334 23.0
2 898 99.77794560607101 23.0
2 899 99.87183543265844 23.0
2 900 99.96603043571139 21.0
2 901 100.06052978301821 23.0
2 902 100.15533264005818 23.0
2 903 100.25043817001807 23.0
2 904 100.34584553380975 23.0
2 905 100.44155389008783 23.0
2 906 100.53756239526706 23.0
2 907 100.63387020353957 23.0
2 908 100.73047646689264 23.0
2 909 100.82738033512538 23.0
2 910 100.92458095586727 23.0
2 911 101.02207747459464 24.0
2 912 101.11986903464847 24.0
2 913 101.21795477725179 24.0
2 914 101.31633384152732 24.0
2 915 101.41500536451437 24.0
2 916 101.51396848118691 24.0
2 917 101.61322232447039 24.0
2 918 101.71276602525947 24.0
2 919 101.8125987124356 24.0
2 920 101.91271951288402 24.0
2 921 102.01312755151173 24.0
2 922 102.11382195126434 24.0
2 923 102.214801833144 24.0
2 924 102.31606631622651 23.0
2 925 102.41761451767877 24.0
2 926 102.51944555277628 23.0
2 927 102.62155853492082 23.0
2 928 102.72395257565718 23.0
2 929 102.82662678469153 23.0
2 930 102.92958026990776 23.0
2 931 103.03281213738612 23.0
2 932 103.13632149141974 23.0
2 933 103.24010743453191 23.0
2 934 103.34416906749476 23.0
2 935 103.44850548934525 23.0
2 936 103.55311579740328 23.0
2 937 103.65799908728926 23.0
2 938 103.76315445294115 23.0
2 939 103.86858098663208 23.0
2 940 103.9742777789879 24.0
2 941 104.08024391900412 24.0
2 942 104.18647849406396 24.0
2 943 104.29298058995556 24.0
2 944 104.39974929088895 24.0
2 945 104.50678367951421 19.0
2 946 104.61408283693837 24.0
2 947 104.72164584274326 24.0
2 948 104.82947177500238 24.0
2 949 104.93755971029867 24.0
2 950 105.04590872374219 24.0
2 951 105.15451788898713 24.0
2 952 105.26338627824913 24.0
2 953 105.3725129623233 23.0
2 954 105.48189701060102 24.0
2 955 105.59153749108789 24.0
2 956 105.70143347042072 23.0
2 957 105.81158401388508 23.0
2 958 105.92198818543316 23.0
2 959 106.03264504770029 23.0
2 960 106.14355366202349 25.0
2 961 106.25471308845768 23.0
2 962 106.36612238579431 23.0
2 963 106.47778061157797 23.0
2 964 106.5896868221237 23.0
2 965 106.70184007253565 23.0
2 966 106.81423941672281 23.0
2 967 106.9268839074177 24.0
2 968 107.03977259619309 24.0
2 969 107.15290453347986 24.0
2 970 107.26627876858437 26.0
2 971 107.37989434970544 24.0
2 972 107.4937503239524 22.0
2 973 107.6078457373621 24.0
2 974 107.72217963491647 24.0
2 975 107.83675106056027 24.0
2 976 107.95155905721747 24.0
2 977 108.06660266680996 24.0
2 978 108.18188093027459 24.0
2 979 108.29739288757963 19.0
2 980 108.41313757774377 24.0
2 981 108.5291140388523 23.0
2 982 108.64532130807513 23.0
2 983 108.76175842168439 23.0
2 984 108.87842441507107 23.0
2 985 108.99531832276304 23.0
2 986 109.11243917844261 23.0
2 987 109.22978601496347 23.0
2 988 109.34735786436858 23.0
2 989 109.46515375790706 23.0
2 990 109.58317272605233 23.0
2 991 109.7014137985189 24.0
2 992 109.81987600427992 24.0
2 993 109.93855837158486 24.0
2 994 110.0574599279771 24.0
2 995 110.1765797003104 24.0
2 996 110.29591671476756 24.0
2 997 110.415469996877 24.0
2 998 110.53523857153061 18.0
2 999 110.65522146300088 24.0
2 1000 110.77541769495849 23.0
2 1001 110.89582629048962 24.0
2 1002 111.01644627211391 24.0
2 1003 111.13727666180083 23.0
2 1004 111.25831648098817 23.0
2 1005 111.37956475059882 24.0
2 1006 111.50102049105854 23.0
2 1007 111.62268272231329 23.0
2 1008 111.74455046384622 23.0
2 1009 111.86662273469592 21.0
2 1010 111.9888985534734 23.0
2 1011 112.1113769383791 23.0
2 1012 112.23405690722115 23.0
2 1013 112.35693747743233 23.0
2 1014 112.4800176660875 24.0
2 1015 112.60329648992123 24.0
2 1016 112.7267729653448 24.0
2 1017 112.85044610846413 24.0
2 1018 112.97431493509708 24.0
2 1019 113.09837846079044 24.0
2 1020 113.22263570083777 24.0
2 1021 113.34708567029725 24.0
2 1022 113.47172738400819 24.0
2 1023 113.59655985660885 26.0
2 1024 113.72158210255404 24.0
2 1025 113.84679313613238 24.0
2 1026 113.97219197148391 24.0
2 1027 114.09777762261669 23.0
2 1028 114.22354910342587 23.0
2 1029 114.34950542770964 23.0
2 1030 114.4756456091869 23.0
2 1031 114.60196866151566 23.0
2 1032 114.72847359830908 23.0
2 1033 114.85515943315367 26.0
2 1034 114.98202517962712 18.0
2 1035 115.10906985131452 24.0
2 1036 115.2362924618271 24.0
2 1037 115.36369202481873 18.0
2 1038 115.49126755400346 24.0
2 1039 115.61901806317395 24.0
2 1040 115.74694256621692 24.0
2 1041 115.87504007713282 24.0
2 1042 116.00330961005176 24.0
2 1043 116.13175017925093 26.0
2 1044 116.26036079917333 24.0
2 1045 116.38914048444363 24.0
2 1046 116.51808824988676 24.0
2 1047 116.64720311054462 23.0
2 1048 116.77648408169358 23.0
2 1049 116.90593017886259 23.0
2 1050 117.03554041784994 23.0
2 1051 117.16531381474022 23.0
2 1052 117.29524938592331 23.0
2 1053 117.42534614811042 23.0
2 1054 117.55560311835177 24.0
2 1055 117.68601931405475 24.0
2 1056 117.81659375300033 24.0
2 1057 117.94732545336117 24.0
2 1058 118.07821343371876 24.0
2 1059 118.20925671308109 24.0
2 1060 118.34045431090003 24.0
2 1061 118.47180524708803 24.0
2 1062 118.60330854203667 24.0
2 1063 118.73496321663386 24.0
2 1064 118.86676829228011 24.0
2 1065 118.99872279090765 24.0
2 1066 119.13082573499675 23.0
2 1067 119.26307614759314 23.0
2 1068 119.3954730523262 23.0
2 1069 119.5280154734256 23.0
2 1070 119.66070243573918 18.0
2 1071 119.79353296475048 23.0
2 1072 119.92650608659538 24.0
2 1073 120.05962082808048 18.0
2 1074 120.19287621669997 24.0
2 1075 120.32627128065332 24.0
2 1076 120.45980504886239 24.0
2 1077 120.59347655098927 24.0
2 1078 120.72728481745341 25.0
2 1079 120.86122887944947 24.0
2 1080 120.9953077689636 23.0
2 1081 121.12952051879236 24.0
2 1082 121.2638661625596 24.0
2 1083 121.39834373473295 23.0
2 1084 121.53295227064257 23.0
2 1085 121.66769080649826 23.0
2 1086 121.80255837940653 23.0
2 1087 121.93755402738805 23.0
2 1088 122.07267678939465 23.0
2 1089 122.2079257053287 24.0
2 1090 122.34329981605785 24.0
2 1091 122.47879816343438 24.0
2 1092 122.61441979031177 24.0
2 1093 122.75016374056264 24.0
2 1094 122.88602905909552 24.0
2 1095 123.02201479187259 24.0
2 1096 123.15811998592747 23.0
2 1097 123.29434368938243 24.0
2 1098 123.4306849514655 24.0
2 1099 123.56714282252796 25.0
2 1100 123.7037163540619 24.0
2 1101 123.84040459871841 23.0
2 1102 123.97720661032338 23.0
2 1103 124.11412144389612 23.0
2 1104 124.25114815566668 23.0
2 1105 124.38828580309269 23.0
2 1106 124.52553344487806 24.0
2 1107 124.66289014098805 23.0
2 1108 124.80035495266937 24.0
2 1109 124.93792694246605 24.0
2 1110 125.07560517423705 24.0
2 1111 125.21338871317417 24.0
2 1112 125.3512766258189 24.0
2 1113 125.48926798008016 24.0
2 1114 125.62736184525212 24.0
2 1115 125.76555729203024 24.0
2 1116 125.90385339253054 24.0
2 1117 126.04224922030576 23.0
2 1118 126.18074385036297 23.0
2 1119 126.3193363591817 23.0
2 1120 126.45802582473019 23.0
2 1121 126.59681132648419 24.0
2 1122 126.73569194544328 24.0
2 1123 126.87466676414843 22.0
2 1124 127.01373486670016 24.0
2 1125 127.15289533877527 24.0
2 1126 127.29214726764454 18.0
2 1127 127.43148974219 24.0
2 1128 127.57092185292267 24.0
2 1129 127.71044269199962 24.0
2 1130 127.85005135324167 24.0
2 1131 127.98974693215044 24.0
2 1132 128.1295285259264 23.0
2 1133 128.26939523348574 18.0
2 1134 128.40934615547792 23.0
2 1135 128.54938039430323 23.0
2 1136 128.6894970541302 24.0
2 1137 128.8296952409131 24.0
2 1138 128.9699740624093 24.0
2 1139 129.11033262819575 24.0
2 1140 129.2507700496887 24.0
2 1141 129.391285440159 24.0
2 1142 129.53187791474986 24.0
2 1143 129.6725465904953 24.0
2 1144 129.8132905863368 24.0
2 1145 129.9541090231408 24.0
2 1146 130.0950010237164 23.0
2 1147 130.2359657128323 23.0
2 1148 130.37700221723432 26.0
2 1149 130.51810966566399 23.0
2 1150 130.6592871888738 24.0
2 1151 130.80053391964637 24.0
2 1152 130.94184899281174 24.0
2 1153 131.08323154526386 24.0
2 1154 131.22468071597882 24.0
2 1155 131.3661956460315 24.0
2 1156 131.5077754786143 24.0
2 1157 131.64941935905347 24.0
2 1158 131.79112643482625 24.0
2 1159 131.9328958555799 24.0
2 1160 132.0747267731473 24.0
2 1161 132.21661834156555 23.0
2 1162 132.35856971709347 23.0
2 1163 132.50058005822746 23.0
2 1164 132.64264852572092 24.0
2 1165 132.7847742826009 24.0
2 1166 132.9269564941847 24.0
2 1167 133.06919432809872 24.0
2 1168 133.21148695429508 24.0
2 1169 133.353833545069 24.0
2 1170 133.49623327507663 24.0
2 1171 133.63868532135191 24.0
2 1172 133.78118886332427 24.0
2 1173 133.92374308283715 24.0
2 1174 134.0663471641629 23.0
2 1175 134.20900029402281 23.0
2 1176 134.3517016616027 24.0
2 1177 134.494450458572 24.0
2 1178 134.63724587909923 24.0
2 1179 134.78008711987127 24.0
2 1180 134.92297338010894 24.0
2 1181 135.0659038615869 24.0
2 1182 135.20887776864845 24.0
2 1183 135.35189430822453 24.0
2 1184 135.494952689851 24.0
2 1185 135.63805212568525 24.0
2 1186 135.78119183052465 24.0
2 1187 135.92437102182365 23.0
2 1188 136.0675889197106 23.0
2 1189 136.21084474700615 24.0
2 1190 136.35413772923943 24.0
2 1191 136.49746709466706 24.0
2 1192 136.64083207428922 24.0
2 1193 136.7842319018684 24.0
2 1194 136.92766581394483 24.0
2 1195 137.07113304985597 25.0
2 1196 137.21463285175253 24.0
2 1197 137.3581644646173 24.0
2 1198 137.50172713628064 24.0
2 1199 137.64532011743947 24.0
2 1200 137.78894266167453 23.0
2 1201 137.93259402546707 23.0
2 1202 138.07627346821698 24.0
2 1203 138.2199802522594 24.0
2 1204 138.36371364288328 24.0
2 1205 138.50747290834815 24.0
2 1206 138.65125731990096 24.0
2 1207 138.79506615179497 18.0
2 1208 138.93889868130557 24.0
2 1209 139.08275418874942 24.0
2 1210 139.22663195750044 24.0
2 1211 139.37053127400728 23.0
2 1212 139.5144514278121 25.0
2 1213 139.65839171156654 24.0
2 1214 139.8023514210497 24.0
2 1215 139.94632985518575 24.0
2 1216 140.09032631606163 24.0
2 1217 140.23434010894303 24.0
2 1218 140.37837054229362 24.0
2 1219 140.52241692779126 24.0
2 1220 140.66647858034628 23.0
2 1221 140.8105548181181 23.0
2 1222 140.95464496253322 18.0
2 1223 141.09874833830204 18.0
2 1224 141.2428642734375 26.0
2 1225 141.38699209927069 19.0
2 1226 141.53113115047017 19.0
2 1227 141.67528076505823 18.0
2 1228 141.81944028442837 19.0
2 1229 141.9636090533633 20.0
2 1230 142.10778642005204 20.0
2 1231 142.25197173610678 20.0
2 1232 142.39616435658172 19.0
2 1233 142.54036363998878 19.0
2 1234 142.68456894831647 19.0
2 1235 142.8287796470465 19.0
2 1236 142.97299510517195 19.0
2 1237 143.1172146952132 19.0
2 1238 143.2614377932369 19.0
2 1239 143.4056637788733 18.0
2 1240 143.5498920353325 18.0
2 1241 143.6941219494226 18.0
2 1242 143.83835291156748 18.0
2 1243 143.98258431582394 18.0
2 1244 144.12681555989843 18.0
2 1245 144.27104604516649 18.0
2 1246 144.41527517668666 18.0
2 1247 144.55950236322192 18.0
2 1248 144.70372701725444 18.0
2 1249 144.84794855500368 18.0
2 1250 144.99216639644388 18.0
2 1251 145.13637996532225 18.0
2 1252 145.2805886891752 25.0
2 1253 145.42479199934652 18.0
2 1254 145.56898933100325 20.0
2 1255 145.71318012315663 18.0
2 1256 145.8573638186755 18.0
2 1257 146.00153986430612 25.0
2 1258 146.14570771068907 18.0
2 1259 146.28986681237672 18.0
2 1260 146.4340166278501 18.0
2 1261 146.5781566195377 18.0
2 1262 146.7222862538302 18.0
2 1263 146.86640500110158 18.0
2 1264 147.01051233572355 18.0
2 1265 147.15460773608424 18.0
2 1266 147.29869068460553 18.0
2 1267 147.44276066776024 18.0
2 1268 147.58681717608997 18.0
2 1269 147.7308597042226 18.0
2 1270 147.87488775088815 18.0
2 1271 148.01890081893828 18.0
2 1272 148.16289841536306 18.0
2 1273 148.3068800513077 18.0
2 1274 148.45084524209085 18.0
2 1275 148.59479350722162 18.0
2 1276 148.73872437041635 18.0
2 1277 148.88263735961834 19.0
2 1278 149.0265320070117 18.0
2 1279 149.17040784904196 18.0
2 1280 149.31426442643243 18.0
2 1281 149.4581012842002 18.0
2 1282 149.6019179716765 18.0
2 1283 149.74571404252134 18.0
2 1284 149.8894890547426 18.0
2 1285 150.03324257071304 18.0
2 1286 150.17697415718678 18.0
2 1287 150.32068338531803 18.0
2 1288 150.46436983067855 18.0
2 1289 150.608033073274 18.0
2 1290 150.75167269756201 18.0
2 1291 150.8952882924695 18.0
2 1292 151.03887945141065 18.0
2 1293 151.1824457723033 18.0
2 1294 151.32598685758666 18.0
2 1295 151.46950231423955 18.0
2 1296 151.61299175379753 18.0
2 1297 151.75645479236857 18.0
2 1298 151.89989105065337 18.0
2 1299 152.04330015396124 18.0
2 1300 152.18668173222727 24.0
2 1301 152.33003542003013 18.0
2 1302 152.4733608566093 18.0
2 1303 152.61665768588324 18.0
2 1304 152.75992555646678 18.0
2 1305 152.90316412168613 18.0
2 1306 153.04637303959964 18.0
2 1307 153.18955197301435 18.0
2 1308 153.3327005895014 18.0
2 1309 153.47581856141616 18.0
2 1310 153.61890556591356 18.0
2 1311 153.76196128496701 18.0
2 1312 153.9049854053849 23.0
2 1313 154.04797761882844 18.0
2 1314 154.1909376218288 21.0
2 1315 154.33386511580485 18.0
2 1316 154.47675980708038 20.0
2 1317 154.61962140690216 23.0
2 1318 154.76244963145575 23.0
2 1319 154.90524420188524 23.0
2 1320 155.04800484430814 23.0
2 1321 155.1907312898346 22.0
2 1322 155.33342327458473 24.0
2 1323 155.4760805397051 23.0
2 1324 155.61870283138734 23.0
2 1325 155.76128990088404 23.0
2 1326 155.90384150452746 18.0
2 1327 156.04635740374647 23.0
2 1328 156.18883736508502 23.0
2 1329 156.3312811602163 24.0
2 1330 156.47368856596484 23.0
2 1331 156.61605936432017 23.0
2 1332 156.75839334245637 23.0
2 1333 156.90069029274878 18.0
2 1334 157.0429500127902 23.0
2 1335 157.18517230541102 23.0
2 1336 157.3273569786952 23.0
2 1337 157.46950384599535 23.0
2 1338 157.6116127259557 23.0
2 1339 157.7536834425238 23.0
2 1340 157.89571582497157 18.0
2 1341 158.0377097079121 23.0
2 1342 158.17966493131473 21.0
2 1343 158.32158134052588 24.0
2 1344 158.4634587862851 26.0
2 1345 158.60529712474062 23.0
2 1346 158.7470962174699 23.0
2 1347 158.8888559314957 23.0
2 1348 159.03057613930193 23.0
2 1349 159.17225671885456 18.0
2 1350 159.31389755361556 23.0
2 1351 159.4554985325626 18.0
2 1352 159.5970595502055 23.0
2 1353 159.73858050660343 23.0
2 1354 159.88006130738373 24.0
2 1355 160.02150186375746 23.0
2 1356 160.1629020925381 23.0
2 1357 160.30426191615874 23.0
2 1358 160.4455812626889 25.0
2 1359 160.586860065853 18.0
2 1360 160.72809826504752 18.0
2 1361 160.86929580535656 23.0
2 1362 161.01045263757248 23.0
2 1363 161.1515687182116 23.0
2 1364 161.29264400953042 23.0
2 1365 161.43367847954522 23.0
2 1366 161.57467210204868 22.0
2 1367 161.71562485662741 24.0
2 1368 161.8565367286787 23.0
2 1369 161.99740770942822 23.0
2 1370 162.13823779594853 23.0
2 1371 162.27902699117504 23.0
2 1372 162.41977530392398 24.0
2 1373 162.5604827489102 23.0
2 1374 162.70114934676423 23.0
2 1375 162.84177512404978 23.0
2 1376 162.98236011328171 23.0
2 1377 163.12290435294116 24.0
2 1378 163.26340788749627 23.0
2 1379 163.40387076741814 23.0
2 1380 163.544293049197 23.0
2 1381 163.68467479536162 23.0
2 1382 163.82501607449592 22.0
2 1383 163.96531696125635 23.0
2 1384 164.10557753638906 23.0
2 1385 164.24579788674777 23.0
2 1386 164.3859781053112 23.0
2 1387 164.5261182912008 22.0
2 1388 164.66621854969637 22.0
2 1389 164.80627899225613 23.0
2 1390 164.94629973653213 23.0
2 1391 165.0862809063891 23.0
2 1392 165.22622263192113 24.0
2 1393 165.366125049468 24.0
2 1394 165.50598830163466 23.0
2 1395 165.64581253730873 23.0
2 1396 165.78559791167459 22.0
2 1397 165.92534458623504 22.0
2 1398 166.06505272882652 23.0
2 1399 166.20472251363657 23.0
2 1400 166.3443541212221 23.0
2 1401 166.48394773852465 23.0
2 1402 166.62350355889146 22.0
2 1403 166.7630217820904 23.0
2 1404 166.9025026143267 23.0
2 1405 167.04194626826313 23.0
2 1406 167.18135296303444 23.0
2 1407 167.32072292426733 23.0
2 1408 167.4600563840965 23.0
2 1409 167.59935358118176 23.0
2 1410 167.73861476072628 23.0
2 1411 167.87784017449422 23.0
2 1412 168.01703008082706 23.0
2 1413 168.15618474466186 24.0
2 1414 168.29530443754896 24.0
2 1415 168.4343894376682 24.0
2 1416 168.57344002984775 25.0
2 1417 168.7124565055799 24.0
2 1418 168.85143916304034 18.0
2 1419 168.9903883071051 23.0
2 1420 169.12930424936553 24.0
2 1421 169.26818730815035 23.0
2 1422 169.4070378085389 18.0
2 1423 169.54585608238034 23.0
2 1424 169.68464246831192 23.0
2 1425 169.8233973117737 23.0
2 1426 169.96212096502882 22.0
2 1427 170.1008137871799 22.0
2 1428 170.23947614418512 20.0
2 1429 170.3781084088784 18.0
2 1430 170.51671096098454 18.0
2 1431 170.6552841871371 18.0
2 1432 170.79382848089733 18.0
2 1433 170.93234424276812 18.0
2 1434 171.0708318802162 18.0
2 1435 171.20929180768616 18.0
2 1436 171.34772444661778 22.0
2 1437 171.48613022546533 18.0
2 1438 171.6245095797144 18.0
2 1439 171.7628629518989 18.0
2 1440 171.90119079161866 18.0
2 1441 172.03949355555608 18.0
2 1442 172.17777170749468 18.0
2 1443 172.31602571833753 18.0
2 1444 172.454256066121 18.0
2 1445 172.59246323603531 18.0
2 1446 172.73064772044287 18.0
2 1447 172.8688100188914 18.0
2 1448 173.0069506381363 18.0
2 1449 173.14507009215322 18.0
2 1450 173.28316890215967 18.0
2 1451 173.42124759663076 18.0
2 1452 173.5593067113154 18.0
2 1453 173.69734678925664 18.0
2 1454 173.83536838080573 18.0
2 1455 173.97337204364234 18.0
2 1456 174.11135834279102 18.0
2 1457 174.24932785063686 18.0
2 1458 174.38728114694612 18.0
2 1459 174.52521881888265 18.0
2 1460 174.663141461022 18.0
2 1461 174.80104967537386 18.0
2 1462 174.938944071397 18.0
2 1463 175.07682526601616 18.0
2 1464 175.21469388364096 18.0
2 1465 175.35255055618143 18.0
2 1466 175.49039592306727 18.0
2 1467 175.628230631266 24.0
2 1468 175.7660553352966 18.0
2 1469 175.90387069725023 19.0
2 1470 176.0416773868071 18.0
2 1471 176.17947608125365 18.0
2 1472 176.31726746549964 18.0
2 1473 176.45505223209506 18.0
2 1474 176.59283108124947 18.0
2 1475 176.73060472084825 18.0
2 1476 176.8683738664679 23.0
2 1477 177.00613924139896 18.0
2 1478 177.1439015766582 18.0
2 1479 177.28166161100674 18.0
2 1480 177.41942009097147 18.0
2 1481 177.5571777708574 18.0
2 1482 177.69493541276893 18.0
2 1483 177.83269378662433 18.0
2 1484 177.9704536701757 18.0
2 1485 178.10821584902408 18.0
2 1486 178.24598111663957 18.0
2 1487 178.38375027437561 18.0
2 1488 178.5215241314884 18.0
2 1489 178.65930350515538 18.0
2 1490 178.79708922048934 18.0
2 1491 178.934882110559 18.0
2 1492 179.0726830164043 18.0
2 1493 179.21049278705476 18.0
2 1494 179.34831227954834 18.0
2 1495 179.48614235894502 18.0
2 1496 179.62398389834783 18.0
2 1497 179.76183777891967 18.0
2 1498 179.89970488989832 18.0
2 1499 180.03758612861785 18.0
2 1500 180.17548240052147 18.0
2 1501 180.313394619183 18.0
2 1502 180.45132370632285 18.0
2 1503 180.58927059182255 18.0
2 1504 180.72723621374826 18.0
2 1505 180.8652215183622 18.0
2 1506 181.00322746014461 18.0
2 1507 181.14125500180825 18.0
2 1508 181.27930511431617 18.0
2 1509 181.41737877690042 18.0
2 1510 181.55547697707965 18.0
2 1511 181.69360071067393 18.0
2 1512 181.83175098182537 18.0
2 1513 181.96992880301298 19.0
2 1514 182.1081351950732 19.0
2 1515 182.24637118721358 20.0
2 1516 182.38463781703132 19.0
2 1517 182.52293613053382 18.0
2 1518 182.6612671821522 19.0
2 1519 182.79963203475955 23.0
2 1520 182.9380317596903 23.0
2 1521 183.07646743675667 23.0
2 1522 183.2149401542631 23.0
2 1523 183.35345100903064 25.0
2 1524 183.49200110640504 26.0
2 1525 183.63059156028316 26.0
2 1526 183.76922349312508 26.0
2 1527 183.9078980359725 26.0
2 1528 184.0466163284669 26.0
2 1529 184.1853795188669 26.0
2 1530 184.32418876406535 25.0
2 1531 184.46304522960713 25.0
2 1532 184.6019500897042 26.0
2 1533 184.74090452725818 26.0
2 1534 184.8799097338732 26.0
2 1535 185.01896690987397 25.0
2 1536 185.15807726432516 26.0
2 1537 185.29724201504814 26.0
2 1538 185.4364623886369 26.0
2 1539 185.57573962047732 26.0
2 1540 185.71507495476308 25.0
2 1541 185.85446964451472 26.0
2 1542 185.9939249515959 26.0
2 1543 186.13344214673035 25.0
2 1544 186.27302250952158 25.0
2 1545 186.41266732846688 25.0
2 1546 186.55237790097925 26.0
2 1547 186.6921555333999 26.0
2 1548 186.83200154101849 26.0
2 1549 186.9719172480909 25.0
2 1550 187.11190398785612 26.0
2 1551 187.2519631025511 26.0
2 1552 187.39209594343285 26.0
2 1553 187.53230387079276 25.0
2 1554 187.67258825397457 26.0
2 1555 187.812950471393 26.0
2 1556 187.9533919105475 26.0
2 1557 188.09391396804494 25.0
2 1558 188.2345180496149 25.0
2 1559 188.37520557012311 26.0
2 1560 188.51597795359538 26.0
2 1561 188.65683663323193 26.0
2 1562 188.79778305142347 25.0
2 1563 188.93881865977187 26.0
2 1564 189.0799449191039 26.0
2 1565 189.221163299492 26.0
2 1566 189.3624752802699 25.0
2 1567 189.50388235004948 26.0
2 1568 189.64538600674032 26.0
2 1569 189.78698775756573 26.0
2 1570 189.92868911907968 26.0
2 1571 190.07049161718686 26.0
2 1572 190.21239678715537 26.0
2 1573 190.3544061736386 26.0
2 1574 190.49652133069148 26.0
2 1575 190.6387438217855 26.0
2 1576 190.78107521982986 26.0
2 1577 190.92351710718714 26.0
2 1578 191.06607107568908 26.0
2 1579 191.2087387266578 26.0
2 1580 191.35152167091886 26.0
2 1581 191.49442152882202 26.0
2 1582 191.63743993025872 26.0
2 1583 191.78057851467537 26.0
2 1584 191.9238389310957 26.0
2 1585 192.06722283813664 26.0
2 1586 192.21073190402367 26.0
2 1587 192.35436780661206 26.0
2 1588 192.49813223339908 26.0
2 1589 192.6420268815469 26.0
2 1590 192.78605345789765 26.0
2 1591 192.93021367898893 26.0
2 1592 193.07450927107456 26.0
2 1593 193.21894197014012 26.0
2 1594 193.36351352192105 24.0
2 1595 193.5082256819206 26.0
2 1596 193.6530802154233 26.0
2 1597 193.7980788975192 26.0
2 1598 193.94322351311592 26.0
2 1599 194.0885158569583 26.0
2 1600 194.23395773364402 26.0
2 1601 194.37955095764607 26.0
2 1602 194.52529735332084 26.0
2 1603 194.67119875493546 26.0
2 1604 194.8172570066801 26.0
2 1605 194.9634739626853 26.0
2 1606 195.10985148704225 26.0
2 1607 195.25639145381408 26.0
2 1608 195.40309574706214 26.0
2 1609 195.54996626085742 25.0
2 1610 195.69700489929616 26.0
2 1611 195.84421357652707 26.0
2 1612 195.99159421675472 26.0
2 1613 196.13914875426977 25.0
2 1614 196.2868791334588 26.0
2 1615 196.43478730882396 26.0
2 1616 196.58287524500076 26.0
2 1617 196.73114491677575 26.0
2 1618 196.87959830910108 26.0
2 1619 197.0282374171179 26.0
2 1620 197.1770642461662 25.0
2 1621 197.3260808118082 26.0
2 1622 197.47528913984434 26.0
2 1623 197.62469126632698 26.0
2 1624 197.7742892375844 26.0
2 1625 197.92408511023348 26.0
2 1626 198.07408095119555 26.0
2 1627 198.22427883772258 25.0
2 1628 198.37468085740318 26.0
2 1629 198.52528910818728 26.0
2 1630 198.67610569840377 26.0
2 1631 198.82713274677235 26.0
2 1632 198.97837238242647 26.0
2 1633 199.12982674493023 26.0
2 1634 199.2814979842907 25.0
2 1635 199.43338826098397 26.0
2 1636 199.5854997459627 26.0
2 1637 199.7378346206807 26.0
2 1638 199.89039507711033 26.0
2 1639 200.04318331775363 26.0
2 1640 200.1962015556658 26.0
2 1641 200.34945201447215 26.0
2 1642 200.50293692838076 26.0
2 1643 200.65665854220742 26.0
2 1644 200.81061911138437 25.0
2 1645 200.96482090198555 26.0
2 1646 201.1192661907403 26.0
2 1647 201.27395726504855 26.0
2 1648 201.4288964230033 26.0
2 1649 201.58408597340645 26.0
2 1650 201.7395282357818 26.0
2 1651 201.89522554040028 26.0
2 1652 202.05118022828998 26.0
2 1653 202.20739465125834 26.0
2 1654 202.36387117190853 25.0
2 1655 202.52061216365325 26.0
2 1656 202.6776200107392 26.0
2 1657 202.83489710825918 25.0
2 1658 202.9924458621679 26.0
2 1659 203.15026868930818 26.0
2 1660 203.3083680174176 26.0
2 1661 203.466746285153 26.0
2 1662 203.6254059421073 26.0
2 1663 203.78434944882088 26.0
2 1664 203.9435792768089 26.0
2 1665 204.10309790857048 26.0
2 1666 204.26290783760857 26.0
2 1667 204.4230115684497 26.0
2 1668 204.58341161665936 26.0
2 1669 204.74411050885715 26.0
2 1670 204.90511078274147 26.0
2 1671 205.0664149870966 26.0
2 1672 205.22802568182016 26.0
2 1673 205.38994543793393 25.0
2 1674 205.5521768376034 26.0
2 1675 205.71472247415568 26.0
2 1676 205.87758495209755 26.0
2 1677 206.04076688712814 18.0
2 1678 206.20427090616653 26.0
2 1679 206.3680996473556 25.0
2 1680 206.53225576009015 26.0
2 1681 206.69674190503167 26.0
2 1682 206.86156075412174 26.0
2 1683 207.02671499060466 26.0
2 1684 207.19220730904297 26.0
2 1685 207.35804041533171 25.0
2 1686 207.52421702672422 26.0
2 1687 207.69073987183788 26.0
2 1688 207.85761169068132 26.0
2 1689 208.02483523467015 23.0
2 1690 208.1924132666369 26.0
2 1691 208.3603485608591 26.0
2 1692 208.5286439030698 26.0
2 1693 208.69730209047566 26.0
2 1694 208.8663259317787 26.0
2 1695 209.03571824718756 26.0
2 1696 209.20548186844053 25.0
2 1697 209.37561963881848 26.0
2 1698 209.54613441316494 26.0
2 1699 209.71702905790318 25.0
2 1700 209.88830645105358 26.0
2 1701 210.05996948224825 26.0
2 1702 210.23202105275598 25.0
2 1703 210.40446407548944 26.0
2 1704 210.57730147503062 26.0
2 1705 210.75053618764542 25.0
2 1706 210.92417116129957 26.0
2 1707 211.09820935567922 26.0
2 1708 211.27265374220747 26.0
2 1709 211.44750730405676 26.0
2 1710 211.62277303617714 26.0
2 1711 211.79845394530213 26.0
2 1712 211.97455304997203 26.0
2 1713 212.15107338055378 26.0
2 1714 212.3280179792497 26.0
2 1715 212.50538990012438 26.0
2 1716 212.68319220911826 26.0
2 1717 212.86142798406118 26.0
2 1718 213.0401003146987 26.0
2 1719 213.21921230269913 26.0
2 1720 213.39876706167905 26.0
2 1721 213.57876771721857 26.0
2 1722 213.75921740687562 26.0
2 1723 213.94011928020677 26.0
2 1724 214.12147649878438 26.0
2 1725 214.30329223621104 26.0
2 1726 214.4855696781446 26.0
2 1727 214.66831202230267 21.0
2 1728 214.85152247849345 26.0
2 1729 215.03520426862627 26.0
2 1730 215.21936062672722 26.0
2 1731 215.4039947989621 26.0
2 1732 215.58911004365208 26.0
2 1733 215.77470963128576 26.0
2 1734 215.96079684454753 26.0
2 1735 216.1473749783227 26.0
2 1736 216.3344473397243 26.0
2 1737 216.5220172481058 26.0
2 1738 216.71008803507837 26.0
2 1739 216.89866304453216 26.0
2 1740 217.08774563265058 26.0
2 1741 217.27733916792562 26.0
2 1742 217.4674470311843 26.0
2 1743 217.65807261559138 26.0
2 1744 217.84921932668192 26.0
2 1745 218.04089058236957 26.0
2 1746 218.23308981296609 26.0
2 1747 218.42582046119958 26.0
2 1748 218.61908598223266 26.0
2 1749 218.81288984367475 26.0
2 1750 219.0072355256094 26.0
2 1751 219.20212652060044 26.0
2 1752 219.39756633371766 23.0
2 1753 219.59355848255112 26.0
2 1754 219.79010649722588 22.0
2 1755 219.98721392042575 26.0
2 1756 220.18488430740686 26.0
2 1757 220.38312122601224 26.0
2 1758 220.58192825669806 26.0
2 1759 220.78130899253964 26.0
2 1760 220.98126703925854 26.0
2 1761 221.18180601523602 26.0
2 1762 221.38292955152718 26.0
2 1763 221.58464129188587 18.0
2 1764 221.78694489277703 26.0
2 1765 221.98984402339252 26.0
2 1766 222.19334236567596 26.0
2 1767 222.39744361433088 26.0
2 1768 222.60215147684474 26.0
2 1769 222.80746967350535 26.0
2 1770 223.01340193741365 26.0
2 1771 223.2199520145086 26.0
2 1772 223.42712366357893 26.0
2 1773 223.63492065628074 26.0
2 1774 223.84334677716149 20.0
2 1775 224.05240582366605 26.0
2 1776 224.26210160616546 26.0
2 1777 224.47243794796825 26.0
2 1778 224.68341868533662 20.0
2 1779 224.89504766750932 18.0
2 1780 225.10732875671573 18.0
2 1781 225.32026582818975 20.0
2 1782 225.53386277019888 20.0
2 1783 225.74812348404527 20.0
2 1784 225.96305188409693 26.0
2 1785 226.17865189780025 22.0
2 1786 226.39492746569283 22.0
2 1787 226.6118825414295 24.0
2 1788 226.82952109179456 20.0
2 1789 227.04784709671657 19.0
2 1790 227.26686454929666 20.0
2 1791 227.48657745581025 19.0
2 1792 227.70698983573803 18.0
2 1793 227.928105721779 18.0
2 1794 228.14992915986178 18.0
2 1795 228.37246420917222 18.0
2 1796 228.59571494216536 18.0
2 1797 228.81968544458016 18.0
2 1798 229.04437981546388 18.0
2 1799 229.26980216718505 18.0
2 1800 229.4959566254479 nan
2 1801 229.7228473293219 nan
2 1802 229.9504784312419 nan
2 1803 230.17885409703962 nan
2 1804 230.4079785059554 nan
2 1805 230.6378558506541 nan
2 1806 230.86849033724698 nan
2 1807 231.09988618530727 nan
2 1808 231.33204762788176 nan
2 1809 231.56497891152205 nan
2 1810 231.79868429628604 nan
2 1811 232.0331680557672 nan
2 1812 232.2684344771071 nan
2 1813 232.5044878610099 nan
2 1814 232.74133252176674 nan
2 1815 232.97897278727072 nan
2 1816 233.21741299902732 nan
2 1817 233.45665751218576 nan
2 1818 233.69671069554184 nan
2 1819 233.93757693156545 nan
2 1820 234.17926061641413 nan
2 1821 234.42176615994842 nan
2 1822 234.66509798575464 nan
2 1823 234.90926053116007 nan
2 1824 235.15425824724363 nan
2 1825 235.40009559886946 nan
2 1826 235.64677706468422 nan
2 1827 235.8943071371508 nan
2 1828 236.14269032255862 nan
2 1829 236.3919311410393 nan
2 1830 236.64203412658944 nan
2 1831 236.89300382708555 nan
2 1832 237.14484480429607 nan
2 1833 237.3975616339135 nan
2 1834 237.651158905554 nan
2 1835 237.90564122278718 nan
2 1836 238.16101320314874 nan
2 1837 238.41727947815644 nan
2 1838 238.67444469333353 nan
2 1839 238.93251350822035 nan
2 1840 239.1914905963926 nan
2 1841 239.4513806454845 nan
2 1842 239.71218835719557 nan
2 1843 239.97391844731823 nan
2 1844 240.23657564575183 nan
2 1845 240.5001646965143 nan
2 1846 240.76469035776984 nan
2 1847 241.03015740184125 nan
2 1848 241.296570615222 nan
2 1849 241.5639347986054 nan
2 1850 241.83225476689148 nan
2 1851 242.10153534920917 nan
2 1852 242.3717813889354 nan
2 1853 242.6429977437065 nan
2 1854 242.91518928544193 nan
2 1855 243.18836090035975 nan
2 1856 243.4625174889887 nan
2 1857 243.7376639661985 nan
2 1858 244.01380526120056 nan
2 1859 244.29094631757903 nan
2 1860 244.5690920933026 nan
2 1861 244.8482475607409 nan
2 1862 245.1284177066839 nan
2 1863 245.40960753236155 nan
2 1864 245.69182205345254 nan
2 1865 245.97506630011625 nan
2 1866 246.25934531699474 nan
2 1867 246.5446641632391 nan
2 1868 246.83102791252796 nan
2 1869 247.11844165307627 nan
2 1870 247.40691048766317 nan
2 1871 247.69643953364343 nan
2 1872 247.98703392296244 nan
2 1873 248.27869880218375 nan
2 1874 248.5714393324942 nan
2 1875 248.86526068973075 nan
2 1876 249.16016806439393 nan
2 1877 249.45616666166072 nan
2 1878 249.75326170141335 nan
2 1879 250.051458418249 nan
2 1880 250.3507620614929 nan
2 1881 250.65117789523046 nan
2 1882 250.9527111983082 nan
2 1883 251.2553672643602 nan
2 1884 251.55915140182768 nan
2 1885 251.86406893396645 nan
2 1886 252.17012519887442 nan
2 1887 252.47732554950653 nan
2 1888 252.78567535368506 nan
2 1889 253.09517999413094 nan
2 1890 253.40584486846433 nan
2 1891 253.71767538923586 nan
2 1892 254.03067698394042 nan
2 1893 254.3448550950265 nan
2 1894 254.660215179926 nan
2 1895 254.9767627110658 nan
2 1896 255.29450317587788 nan
2 1897 255.61344207683703 nan
2 1898 255.93358493145274 nan
2 1899 256.254937272306 nan
2 1900 256.57750464706055 nan
2 1901 256.90129261847414 nan
2 1902 257.2263067644256 nan
2 1903 257.55255267793063 nan
2 1904 257.88003596714935 nan
2 1905 258.2087622554202 nan
2 1906 258.53873718125936 nan
2 1907 258.8699663983949 nan
2 1908 259.2024555757722 nan
2 1909 259.5362103975753 nan
2 1910 259.8712365632465 nan
2 1911 260.2075397875037 nan
2 1912 260.54512580034896 nan
2 1913 260.88400034710276 nan
2 1914 261.22416918840315 nan
2 1915 261.56563810023727 nan
2 1916 261.9084128739524 nan
2 1917 262.2524993162707 nan
2 1918 262.59790324931294 nan
2 1919 262.94463051061524 nan
2 1920 263.2926869531391 nan
2 1921 263.6420784452989 nan
2 1922 263.99281087097404 nan
2 1923 264.34489012952014 nan
2 1924 264.6983221358055 nan
2 1925 265.05311282020523 nan
2 1926 265.4092681286355 nan
2 1927 265.7667940225646 nan
2 1928 266.1256964790267 nan
2 1929 266.48598149064924 nan
2 1930 266.8476550656621 nan
2 1931 267.2107232279145 nan
2 1932 267.575192016903 nan
2 1933 267.94106748777375 nan
2 1934 268.3083557113516 nan
2 1935 268.6770627741544 nan
2 1936 269.0471947784045 nan
2 1937 269.4187578420568 nan
2 1938 269.7917580988087 nan
2 1939 270.1662016981137 nan
2 1940 270.5420948052174 nan
2 1941 270.9194436011493 nan
2 1942 271.29825428275996 nan
2 1943 271.67853306272957 nan
2 1944 272.0602861695866 nan
2 1945 272.44351984772584 nan
2 1946 272.8282403574294 nan
2 1947 273.214453974873 nan
2 1948 273.60216699216153 nan
2 1949 273.9913857173255 nan
2 1950 274.38211647435526 nan
2 1951 274.77436560321246 nan
2 1952 275.16813945984165 nan
2 1953 275.5634444161985 nan
2 1954 275.9602868602602 nan
2 1955 276.3586731960413 nan
2 1956 276.75860984362237 nan
2 1957 277.16010323914975 nan
2 1958 277.563159834871 nan
2 1959 277.9677860991387 nan
2 1960 278.3739885164354 nan
2 1961 278.7817735873873 nan
2 1962 279.1911478287867 nan
2 1963 279.6021177736014 nan
2 1964 280.01468997099937 nan
2 1965 280.42887098636334 nan
2 1966 280.8446674013082 nan
2 1967 281.2620858136965 nan
2 1968 281.6811328376627 nan
2 1969 282.10181510361934 nan
2 1970 282.52413925828745 nan
2 1971 282.9481119647046 nan
2 1972 283.37373990224387 nan
2 1973 283.8010297666335 nan
2 1974 284.2299882699774 nan
2 1975 284.66062214076203 nan
2 1976 285.092938123885 nan
2 1977 285.52694298066564 nan
2 1978 285.9626434888676 nan
2 1979 286.4000464427089 nan
2 1980 286.83915865288964 nan
2 1981 287.2799869465971 nan
2 1982 287.72253816753584 nan
2 1983 288.16681917593434 nan
2 1984 288.6128368485705 nan
2 1985 289.06059807878205 nan
2 1986 289.51010977649184 nan
2 1987 289.9613788682167 nan
2 1988 290.41441229709403 nan
2 1989 290.8692170228885 nan
2 1990 291.32580002202127 nan
2 1991 291.784168287576 nan
2 1992 292.244328829326 nan
2 1993 292.70628867374523 nan
2 1994 293.1700548640298 nan
2 1995 293.6356344601094 nan
2 1996 294.10303453867544 nan
2 1997 294.5722621931846 nan
2 1998 295.0433245338895 nan
2 1999 295.51622868784625 nan
2 2000 295.990981798938 nan
2 2001 296.46759102788883 nan
2 2002 296.9460635522842 nan
2 2003 297.42640656658375 nan
2 2004 297.9086272821455 nan
2 2005 298.39273292723465 nan
2 2006 298.8787307470522 nan
2 2007 299.3666280037388 nan
2 2008 299.8564319764052 nan
2 2009 300.34814996114005 nan
2 2010 300.8417892710337 nan
2 2011 301.33735723618946 nan
2 2012 301.8348612037498 nan
2 2013 302.3343085379035 nan
2 2014 302.83570661991223 nan
2 2015 303.33906284812076 nan
2 2016 303.8443846379797 nan
2 2017 304.3516794220572 nan
2 2018 304.8609546500658 nan
2 2019 305.3722177888684 nan
2 2020 305.88547632250504 nan
2 2021 306.4007377522033 nan
2 2022 306.9180095964037 nan
2 2023 307.4372993907656 nan
2 2024 307.9586146881983 nan
2 2025 308.48196305886563 nan
2 2026 309.0073520902158 nan
2 2027 309.5347893869856 nan
2 2028 310.0642825712311 nan
2 2029 310.59583928233167 nan
2 2030 311.12946717702005 nan
2 2031 311.6651739293912 nan
2 2032 312.20296723092406 nan
2 2033 312.74285479049615 nan
2 2034 313.2848443344027 nan
2 2035 313.82894360637374 nan
2 2036 314.3751603675914 nan
2 2037 314.9235023967088 nan
2 2038 315.47397748986396 nan
2 2039 316.0265934606998 nan
2 2040 316.5813581403832 nan
2 2041 317.1382793776174 nan
2 2042 317.69736503866454 nan
2 2043 318.2586230073597 nan
2 2044 318.82206118513113 nan
2 2045 319.38768749101325 nan
2 2046 319.9555098616712 nan
2 2047 320.5255362514092 nan
