#Order, x, y, width
3 0 152.24931704236423 nan
3 1 152.2726406256332 nan
3 2 152.2959497396454 nan
3 3 152.31924475727462 nan
3 4 152.34252605139463 24.0
3 5 152.36579399487923 24.0
3 6 152.38904896060222 24.0
3 7 152.41229132143738 24.0
3 8 152.43552145025848 24.0
3 9 152.45873971993933 25.0
3 10 152.4819465033537 25.0
3 11 152.5051421733754 24.0
3 12 152.52832710287822 25.0
3 13 152.55150166473592 25.0
3 14 152.5746662318223 24.0
3 15 152.59782117701118 24.0
3 16 152.6209668731763 24.0
3 17 152.64410369319148 24.0
3 18 152.6672320099305 24.0
3 19 152.69035219626713 25.0
3 20 152.7134646250752 24.0
3 21 152.73656966922846 25.0
3 22 152.7596677016007 24.0
3 23 152.78275909506576 24.0
3 24 152.80584422249737 25.0
3 25 152.82892345676933 24.0
3 26 152.85199717075542 24.0
3 27 152.87506573732946 24.0
3 28 152.89812952936524 25.0
3 29 152.92118891973652 26.0
3 30 152.94424428131708 24.0
3 31 152.96729598698076 24.0
3 32 152.9903444096013 24.0
3 33 153.0133899220525 24.0
3 34 153.03643289720816 24.0
3 35 153.05947370794206 24.0
3 36 153.082512727128 24.0
3 37 153.10555032763975 24.0
3 38 153.1285868823511 24.0
3 39 153.15162276413585 24.0
3 40 153.17465834586778 24.0
3 41 153.19769400042068 24.0
3 42 153.22073010066833 25.0
3 43 153.24376701948455 24.0
3 44 153.2668051297431 24.0
3 45 153.28984480431777 24.0
3 46 153.31288641608236 25.0
3 47 153.33593033791064 22.0
3 48 153.35897694267643 24.0
3 49 153.38202660325348 23.0
3 50 153.4050796925156 24.0
3 51 153.4281365833366 18.0
3 52 153.4511976485902 24.0
3 53 153.47426326115027 23.0
3 54 153.49733379389056 24.0
3 55 153.52040961968484 25.0
3 56 153.54349111140692 25.0
3 57 153.5665786419306 25.0
3 58 153.58967258412963 24.0
3 59 153.61277331087783 23.0
3 60 153.635881195049 25.0
3 61 153.6589966095169 24.0
3 62 153.6821199271553 25.0
3 63 153.70525152083806 24.0
3 64 153.7283917634389 23.0
3 65 153.75154102783162 22.0
3 66 153.77469968689005 24.0
3 67 153.79786811348794 24.0
3 68 153.82104668049908 24.0
3 69 153.84423576079726 23.0
3 70 153.8674357272563 24.0
3 71 153.89064695274993 23.0
3 72 153.913869810152 24.0
3 73 153.93710467233626 19.0
3 74 153.96035191217652 24.0
3 75 153.98361190254653 24.0
3 76 154.00688501632013 24.0
3 77 154.03017162637107 24.0
3 78 154.05347210557315 24.0
3 79 154.07678682680017 24.0
3 80 154.1001161629259 20.0
3 81 154.12346048682414 23.0
3 82 154.14682017136866 24.0
3 83 154.1701955894333 24.0
3 84 154.19358711389177 24.0
3 85 154.21699511761793 24.0
3 86 154.24041997348553 24.0
3 87 154.26386205436836 24.0
3 88 154.28732173314023 24.0
3 89 154.3107993826749 24.0
3 90 154.33429537584618 21.0
3 91 154.35781008552783 24.0
3 92 154.3813438845937 24.0
3 93 154.40489714591752 24.0
3 94 154.42847024237307 24.0
3 95 154.45206354683418 23.0
3 96 154.47567743217462 23.0
3 97 154.4993122712682 23.0
3 98 154.5229684369887 23.0
3 99 154.54664630220987 23.0
3 100 154.5703462398055 24.0
3 101 154.59406862264944 23.0
3 102 154.61781382361545 23.0
3 103 154.6415822155773 23.0
3 104 154.66537417140879 23.0
3 105 154.6891900639837 24.0
3 106 154.71303026617582 24.0
3 107 154.73689515085897 23.0
3 108 154.7607850909069 24.0
3 109 154.7847004591934 24.0
3 110 154.80864162859228 23.0
3 111 154.83260897197732 23.0
3 112 154.85660286222233 24.0
3 113 154.88062367220104 23.0
3 114 154.9046717747873 23.0
3 115 154.92874754285484 24.0
3 116 154.9528513492775 24.0
3 117 154.97698356692905 24.0
3 118 155.00114456868326 24.0
3 119 155.02533472741396 23.0
3 120 155.0495544159949 24.0
3 121 155.07380400729988 24.0
3 122 155.09808387420267 24.0
3 123 155.12239438957712 24.0
3 124 155.14673592629694 24.0
3 125 155.171108857236 23.0
3 126 155.195513555268 24.0
3 127 155.2199503932668 21.0
3 128 155.24441974410615 23.0
3 129 155.26892198065985 23.0
3 130 155.2934574758017 23.0
3 131 155.31802660240544 23.0
3 132 155.34262973334492 23.0
3 133 155.3672672414939 23.0
3 134 155.39193949972616 23.0
3 135 155.41664688091552 23.0
3 136 155.44138975793575 23.0
3 137 155.4661685036606 23.0
3 138 155.49098349096394 23.0
3 139 155.5158350927195 18.0
3 140 155.54072368180107 23.0
3 141 155.56564963108244 23.0
3 142 155.59061331343742 24.0
3 143 155.6156151017398 23.0
3 144 155.64065536886332 23.0
3 145 155.66573448768185 23.0
3 146 155.6908528310691 23.0
3 147 155.71601077189888 23.0
3 148 155.74120868304502 23.0
3 149 155.76644693738126 23.0
3 150 155.7917259077814 18.0
3 151 155.81704596711924 24.0
3 152 155.84240748826855 23.0
3 153 155.86781084410313 23.0
3 154 155.89325640749678 23.0
3 155 155.9187445513233 24.0
3 156 155.94427564845643 24.0
3 157 155.96985007176997 23.0
3 158 155.99546819413774 23.0
3 159 156.0211303884335 24.0
3 160 156.04683702753107 19.0
3 161 156.0725884843042 26.0
3 162 156.09838513162669 19.0
3 163 156.12422734237234 18.0
3 164 156.15011548941493 23.0
3 165 156.17604994562828 23.0
3 166 156.2020310838861 23.0
3 167 156.22805927706227 23.0
3 168 156.25413489803051 23.0
3 169 156.28025831966465 23.0
3 170 156.30642991483845 18.0
3 171 156.3326500564257 23.0
3 172 156.35891911730022 23.0
3 173 156.3852374703358 23.0
3 174 156.41160548840617 23.0
3 175 156.43802354438515 23.0
3 176 156.46449201114655 23.0
3 177 156.49101126156415 23.0
3 178 156.5175816685117 23.0
3 179 156.54420360486304 23.0
3 180 156.57087744349192 23.0
3 181 156.59760355727218 23.0
3 182 156.62438231907754 23.0
3 183 156.65121410178182 23.0
3 184 156.67809927825883 23.0
3 185 156.70503822138232 23.0
3 186 156.73203130402612 23.0
3 187 156.75907889906398 23.0
3 188 156.7861813793697 23.0
3 189 156.8133391178171 23.0
3 190 156.8405524872799 23.0
3 191 156.86782186063195 23.0
3 192 156.89514761074702 18.0
3 193 156.92253011049888 18.0
3 194 156.94996973276133 18.0
3 195 156.97746685040818 18.0
3 196 157.00502183631318 18.0
3 197 157.03263506335017 19.0
3 198 157.0603069043929 19.0
3 199 157.08803773231514 18.0
3 200 157.11582791999072 18.0
3 201 157.1436778402934 23.0
3 202 157.171587866097 19.0
3 203 157.19955837027527 23.0
3 204 157.22758972570205 23.0
3 205 157.25568230525107 18.0
3 206 157.28383648179616 23.0
3 207 157.31205262821106 23.0
3 208 157.34033111736963 23.0
3 209 157.36867232214558 23.0
3 210 157.39707661541277 23.0
3 211 157.42554437004495 23.0
3 212 157.4540759589159 23.0
3 213 157.48267175489943 23.0
3 214 157.51133213086933 23.0
3 215 157.54005745969937 23.0
3 216 157.56884811426337 18.0
3 217 157.59770446743508 23.0
3 218 157.6266268920883 23.0
3 219 157.6556157610968 23.0
3 220 157.68467144733444 23.0
3 221 157.71379432367493 23.0
3 222 157.7429847629921 23.0
3 223 157.77224313815972 23.0
3 224 157.8015698220516 24.0
3 225 157.8309651875415 18.0
3 226 157.86042960750322 19.0
3 227 157.88996345481056 18.0
3 228 157.91956710233728 18.0
3 229 157.94924092295722 22.0
3 230 157.9789852895441 23.0
3 231 158.00880057497176 23.0
3 232 158.038687152114 18.0
3 233 158.06864539384452 18.0
3 234 158.0986756730372 19.0
3 235 158.1287783625658 19.0
3 236 158.15895383530412 23.0
3 237 158.1892024641259 18.0
3 238 158.21952462190498 19.0
3 239 158.24992068151514 23.0
3 240 158.28039101583016 23.0
3 241 158.31093599772382 23.0
3 242 158.34155600006991 23.0
3 243 158.3722513957422 23.0
3 244 158.40302255761455 23.0
3 245 158.43386985856068 23.0
3 246 158.4647936714544 23.0
3 247 158.49579436916952 23.0
3 248 158.52687232457976 18.0
3 249 158.558027910559 23.0
3 250 158.58926149998095 23.0
3 251 158.62057346571945 23.0
3 252 158.65196418064826 23.0
3 253 158.6834340176412 23.0
3 254 158.714983349572 19.0
3 255 158.7466125493145 23.0
3 256 158.77832198974247 19.0
3 257 158.8101120437297 18.0
3 258 158.84198308415 18.0
3 259 158.87393548387712 18.0
3 260 158.9059696157849 18.0
3 261 158.93808585274707 18.0
3 262 158.97028456763744 18.0
3 263 159.0025661333298 22.0
3 264 159.03493092269792 22.0
3 265 159.06737930861564 22.0
3 266 159.0999116639567 19.0
3 267 159.13252836159492 23.0
3 268 159.16522977440408 22.0
3 269 159.19801627525794 23.0
3 270 159.23088823703034 19.0
3 271 159.263846032595 18.0
3 272 159.29689003482576 23.0
3 273 159.3300206165964 23.0
3 274 159.36323815078075 23.0
3 275 159.3965430102525 23.0
3 276 159.42993556788548 23.0
3 277 159.4634161965535 23.0
3 278 159.49698526913036 23.0
3 279 159.53064315848982 23.0
3 280 159.56439023750568 23.0
3 281 159.5982268790517 23.0
3 282 159.6321534560017 23.0
3 283 159.66617034122947 23.0
3 284 159.70027790760878 23.0
3 285 159.73447652801343 23.0
3 286 159.7687665753172 23.0
3 287 159.8031484223939 23.0
3 288 159.83762244211727 23.0
3 289 159.87218900736113 18.0
3 290 159.9068484909993 19.0
3 291 159.94160126590552 18.0
3 292 159.97644770495359 23.0
3 293 160.0113881810173 18.0
3 294 160.04642306697045 22.0
3 295 160.0815527356868 18.0
3 296 160.1167775600402 19.0
3 297 160.15209791290437 19.0
3 298 160.18751416715313 23.0
3 299 160.22302669566028 23.0
3 300 160.25863587129956 23.0
3 301 160.2943420669448 18.0
3 302 160.33014565546978 19.0
3 303 160.3660470097483 23.0
3 304 160.40204650265412 23.0
3 305 160.43814450706105 23.0
3 306 160.47434139584288 18.0
3 307 160.5106375418734 23.0
3 308 160.54703331802637 21.0
3 309 160.58352909717559 23.0
3 310 160.62012525219487 23.0
3 311 160.65682215595797 23.0
3 312 160.6936201813387 23.0
3 313 160.73051970121085 23.0
3 314 160.7675210884482 24.0
3 315 160.80462471592452 23.0
3 316 160.84183095651363 23.0
3 317 160.8791401830893 23.0
3 318 160.91655276852532 23.0
3 319 160.9540690856955 24.0
3 320 160.99168950747358 24.0
3 321 161.0294144067334 23.0
3 322 161.06724415634872 18.0
3 323 161.10517912919332 23.0
3 324 161.14321969814102 23.0
3 325 161.1813662360656 23.0
3 326 161.21961911584083 23.0
3 327 161.2579787103405 23.0
3 328 161.29644539243841 23.0
3 329 161.33501953500834 23.0
3 330 161.3737015109241 23.0
3 331 161.41249169305945 23.0
3 332 161.4513904542882 18.0
3 333 161.4903981674841 23.0
3 334 161.529515205521 23.0
3 335 161.56874194127263 23.0
3 336 161.60807874761284 23.0
3 337 161.64752599741536 23.0
3 338 161.68708406355398 23.0
3 339 161.72675331890252 23.0
3 340 161.76653413633477 20.0
3 341 161.8064268887245 23.0
3 342 161.8464319489455 24.0
3 343 161.88654968987157 24.0
3 344 161.9267804843765 23.0
3 345 161.96712470533404 24.0
3 346 162.00758272561805 24.0
3 347 162.04815491810223 24.0
3 348 162.08884165566045 23.0
3 349 162.12964331116643 24.0
3 350 162.170560257494 24.0
3 351 162.21159286751697 24.0
3 352 162.25274151410906 24.0
3 353 162.29400657014412 18.0
3 354 162.3353884084959 23.0
3 355 162.37688740203822 23.0
3 356 162.41850392364483 23.0
3 357 162.46023834618956 23.0
3 358 162.50209104254614 23.0
3 359 162.54406238558843 23.0
3 360 162.5861527481902 23.0
3 361 162.6283625032252 23.0
3 362 162.67069202356723 23.0
3 363 162.7131416820901 23.0
3 364 162.7557118516676 23.0
3 365 162.79840290517348 23.0
3 366 162.84121521548158 23.0
3 367 162.88414915546565 24.0
3 368 162.9272050979995 24.0
3 369 162.97038341595692 24.0
3 370 163.01368448221166 24.0
3 371 163.05710866963756 24.0
3 372 163.10065635110837 24.0
3 373 163.1443278994979 24.0
3 374 163.18812368767993 24.0
3 375 163.23204408852826 24.0
3 376 163.27608947491666 24.0
3 377 163.32026021971893 24.0
3 378 163.36455669580886 24.0
3 379 163.40897927606022 24.0
3 380 163.45352833334684 25.0
3 381 163.49820424054246 24.0
3 382 163.54300737052088 24.0
3 383 163.5879380961559 24.0
3 384 163.63299679032133 25.0
3 385 163.67818382589093 23.0
3 386 163.7234995757385 23.0
3 387 163.76894441273777 24.0
3 388 163.81451870976264 24.0
3 389 163.8602228396868 23.0
3 390 163.9060571753841 24.0
3 391 163.95202208972827 24.0
3 392 163.99811795559316 24.0
3 393 164.04434514585253 24.0
3 394 164.09070403338015 24.0
3 395 164.13719499104985 24.0
3 396 164.1838183917354 24.0
3 397 164.23057460831058 24.0
3 398 164.27746401364917 24.0
3 399 164.32448698062495 24.0
3 400 164.37164388211178 24.0
3 401 164.41893509098338 24.0
3 402 164.46636098011354 24.0
3 403 164.51392192237608 24.0
3 404 164.5616182906448 24.0
3 405 164.6094504577934 19.0
3 406 164.65741879669577 24.0
3 407 164.70552368022567 24.0
3 408 164.75376548125683 24.0
3 409 164.80214457266314 24.0
3 410 164.8506613273183 25.0
3 411 164.89931611809615 24.0
3 412 164.94810931787043 25.0
3 413 164.997041299515 25.0
3 414 165.04611243590358 24.0
3 415 165.09532309991 24.0
3 416 165.14467366440803 24.0
3 417 165.19416450227146 24.0
3 418 165.24379598637407 24.0
3 419 165.29356848958966 24.0
3 420 165.34348238479203 24.0
3 421 165.39353804485495 24.0
3 422 165.44373584265222 24.0
3 423 165.49407615105764 24.0
3 424 165.54455934294495 24.0
3 425 165.595185791188 24.0
3 426 165.6459558686605 23.0
3 427 165.69686994823633 25.0
3 428 165.7479284027892 25.0
3 429 165.79913160519297 25.0
3 430 165.85047992832136 22.0
3 431 165.90197374504822 25.0
3 432 165.95361342824728 24.0
3 433 166.00539935079237 25.0
3 434 166.05733188555726 24.0
3 435 166.10941140541576 24.0
3 436 166.16163828324161 24.0
3 437 166.21401289190865 24.0
3 438 166.26653560429065 24.0
3 439 166.3192067932614 23.0
3 440 166.37202683169465 24.0
3 441 166.42499609246426 24.0
3 442 166.478114948444 23.0
3 443 166.53138377250758 25.0
3 444 166.58480293752888 23.0
3 445 166.63837281638166 25.0
3 446 166.69209378193972 24.0
3 447 166.7459662070768 25.0
3 448 166.79999046466673 24.0
3 449 166.85416692758332 24.0
3 450 166.90849596870032 24.0
3 451 166.96297796089152 23.0
3 452 167.0176132770307 24.0
3 453 167.0724022899917 24.0
3 454 167.12734537264822 25.0
3 455 167.18244289787413 24.0
3 456 167.23769523854318 24.0
3 457 167.29310276752918 23.0
3 458 167.34866585770592 24.0
3 459 167.40438488194715 23.0
3 460 167.4602602131267 25.0
3 461 167.51629222411833 25.0
3 462 167.57248128779582 22.0
3 463 167.628827777033 24.0
3 464 167.68533206470363 25.0
3 465 167.7419945236815 25.0
3 466 167.79881552684043 24.0
3 467 167.85579544705416 24.0
3 468 167.9129346571965 23.0
3 469 167.97023353014126 23.0
3 470 168.0276924387622 24.0
3 471 168.08531175593308 23.0
3 472 168.14309185452774 23.0
3 473 168.20103310741996 24.0
3 474 168.25913588748352 24.0
3 475 168.31740056759222 23.0
3 476 168.3758275206198 26.0
3 477 168.43441711944013 23.0
3 478 168.49316973692692 23.0
3 479 168.552085745954 24.0
3 480 168.61116551939514 24.0
3 481 168.67040943012415 24.0
3 482 168.72981785101481 23.0
3 483 168.78939115494092 24.0
3 484 168.84912971477624 24.0
3 485 168.90903390339457 24.0
3 486 168.9691040936697 24.0
3 487 169.0293406584754 26.0
3 488 169.0897439706855 24.0
3 489 169.15031440317378 22.0
3 490 169.211052328814 26.0
3 491 169.27195812047995 23.0
3 492 169.33303215104544 26.0
3 493 169.39427479338426 26.0
3 494 169.45568642037017 23.0
3 495 169.51726740487697 24.0
3 496 169.57901811977848 22.0
3 497 169.64093893794845 23.0
3 498 169.7030302322607 26.0
3 499 169.76529237558896 24.0
3 500 169.8277257408071 24.0
3 501 169.89033070078884 26.0
3 502 169.953107628408 24.0
3 503 170.01605689653834 24.0
3 504 170.0791788780537 23.0
3 505 170.14247394582785 24.0
3 506 170.20594247273453 24.0
3 507 170.26958483164762 24.0
3 508 170.3334013954408 23.0
3 509 170.39739253698795 24.0
3 510 170.46155862916282 24.0
3 511 170.52590004483918 24.0
3 512 170.59041715689085 24.0
3 513 170.6551103381916 23.0
3 514 170.71997996161522 23.0
3 515 170.78502640003552 24.0
3 516 170.85025002632628 23.0
3 517 170.91565121336126 23.0
3 518 170.98123033401427 23.0
3 519 171.0469877611591 24.0
3 520 171.11292386766954 24.0
3 521 171.17903902641936 18.0
3 522 171.2453336102824 22.0
3 523 171.31180799213237 22.0
3 524 171.3784625448431 22.0
3 525 171.4452976412884 23.0
3 526 171.51231365434202 24.0
3 527 171.57951095687778 25.0
3 528 171.64688992176943 23.0
3 529 171.7144509218908 26.0
3 530 171.78219433011566 24.0
3 531 171.85012051931778 24.0
3 532 171.918229862371 24.0
3 533 171.98652273214904 23.0
3 534 172.0549995015257 25.0
3 535 172.12366054337485 24.0
3 536 172.1925062305702 24.0
3 537 172.26153693598556 25.0
3 538 172.3307530324947 25.0
3 539 172.40015489297144 24.0
3 540 172.46974289028952 24.0
3 541 172.5395173973228 23.0
3 542 172.60947878694503 23.0
3 543 172.67962743202997 26.0
3 544 172.74996370545145 25.0
3 545 172.82048798008327 24.0
3 546 172.89120062879917 26.0
3 547 172.96210202447296 24.0
3 548 173.03319253997842 24.0
3 549 173.10447254818936 24.0
3 550 173.17594242197958 24.0
3 551 173.2476025342228 23.0
3 552 173.3194532577929 24.0
3 553 173.3914949655636 22.0
3 554 173.4637280304087 25.0
3 555 173.536152825202 26.0
3 556 173.6087697228173 24.0
3 557 173.6815790961284 23.0
3 558 173.754581318009 24.0
3 559 173.82777676133298 23.0
3 560 173.90116579897412 23.0
3 561 173.9747488038062 24.0
3 562 174.04852614870296 21.0
3 563 174.12249820653824 25.0
3 564 174.1966653501858 22.0
3 565 174.27102795251946 24.0
3 566 174.345586386413 23.0
3 567 174.4203410247402 24.0
3 568 174.49529224037482 23.0
3 569 174.5704404061907 25.0
3 570 174.64578589506158 24.0
3 571 174.7213290798613 21.0
3 572 174.7970703334636 24.0
3 573 174.8730100287423 24.0
3 574 174.9491485385712 23.0
3 575 175.02548623582402 23.0
3 576 175.10202349337465 23.0
3 577 175.17876068409677 24.0
3 578 175.25569818086424 24.0
3 579 175.33283635655084 26.0
3 580 175.41017558403036 22.0
3 581 175.48771623617654 22.0
3 582 175.56545868586323 24.0
3 583 175.64340330596417 23.0
3 584 175.7215504693532 22.0
3 585 175.79990054890408 24.0
3 586 175.8784539174906 25.0
3 587 175.9572109479865 25.0
3 588 176.03617201326566 24.0
3 589 176.1153374862018 23.0
3 590 176.19470773966876 24.0
3 591 176.27428314654028 22.0
3 592 176.35406407969018 23.0
3 593 176.43405091199224 25.0
3 594 176.51424401632022 26.0
3 595 176.59464376554797 25.0
3 596 176.67525053254923 23.0
3 597 176.75606469019777 24.0
3 598 176.83708661136745 25.0
3 599 176.918316668932 23.0
3 600 176.99975523576524 24.0
3 601 177.0814026847409 23.0
3 602 177.16325938873285 23.0
3 603 177.24532572061486 23.0
3 604 177.32760205326065 23.0
3 605 177.4100887595441 23.0
3 606 177.49278621233893 25.0
3 607 177.57569478451896 23.0
3 608 177.65881484895797 23.0
3 609 177.74214677852976 24.0
3 610 177.82569094610812 24.0
3 611 177.9094477245668 24.0
3 612 177.99341748677963 25.0
3 613 178.0776006056204 24.0
3 614 178.16199745396287 22.0
3 615 178.24660840468084 25.0
3 616 178.33143383064808 23.0
3 617 178.41647410473843 20.0
3 618 178.50172959982564 25.0
3 619 178.5872006887835 23.0
3 620 178.67288774448582 24.0
3 621 178.75879113980633 23.0
3 622 178.84491124761888 26.0
3 623 178.93124844079725 23.0
3 624 179.01780309221522 23.0
3 625 179.10457557474658 26.0
3 626 179.19156626126508 23.0
3 627 179.27877552464457 25.0
3 628 179.3662037377588 23.0
3 629 179.45385127348158 24.0
3 630 179.54171850468668 25.0
3 631 179.6298058042479 25.0
3 632 179.71811354503902 25.0
3 633 179.80664209993384 23.0
3 634 179.89539184180612 22.0
3 635 179.9843631435297 23.0
3 636 180.07355637797832 24.0
3 637 180.1629719180258 22.0
3 638 180.25261013654585 24.0
3 639 180.3424714064124 24.0
3 640 180.43255610049914 25.0
3 641 180.52286459167988 24.0
3 642 180.61339725282838 24.0
3 643 180.7041544568185 24.0
3 644 180.79513657652393 26.0
3 645 180.88634398481855 25.0
3 646 180.9777770545761 23.0
3 647 181.06943615867038 23.0
3 648 181.1613216699752 24.0
3 649 181.2534339613643 26.0
3 650 181.3457734057115 18.0
3 651 181.4383403758906 21.0
3 652 181.53113524477536 24.0
3 653 181.62415838523958 24.0
3 654 181.71741017015705 19.0
3 655 181.81089097240155 24.0
3 656 181.9046011648469 19.0
3 657 181.99854112036684 24.0
3 658 182.09271121183517 25.0
3 659 182.18711181212572 24.0
3 660 182.28174329411223 26.0
3 661 182.3766060306685 24.0
3 662 182.47170039466835 23.0
3 663 182.56702675898552 26.0
3 664 182.66258549649385 26.0
3 665 182.75837698006708 24.0
3 666 182.85440158257902 20.0
3 667 182.95065967690346 23.0
3 668 183.0471516359142 22.0
3 669 183.14387783248497 26.0
3 670 183.24083863948965 23.0
3 671 183.33803442980195 26.0
3 672 183.4354655762957 22.0
3 673 183.5331324518447 23.0
3 674 183.63103542932268 24.0
3 675 183.72917488160348 25.0
3 676 183.82755118156086 24.0
3 677 183.92616470206866 21.0
3 678 184.02501581600058 24.0
3 679 184.1241048962305 25.0
3 680 184.22343231563212 25.0
3 681 184.32299844707933 23.0
3 682 184.42280366344582 25.0
3 683 184.52284833760544 24.0
3 684 184.62313284243197 25.0
3 685 184.72365755079915 24.0
3 686 184.82442283558083 24.0
3 687 184.9254290696508 22.0
3 688 185.02667662588277 23.0
3 689 185.12816587715062 26.0
3 690 185.2298971963281 25.0
3 691 185.33187095628898 26.0
3 692 185.4340875299071 24.0
3 693 185.53654729005618 26.0
3 694 185.63925060961006 25.0
3 695 185.7421978614425 26.0
3 696 185.84538941842732 25.0
3 697 185.94882565343826 25.0
3 698 186.05250693934914 26.0
3 699 186.15643364903377 23.0
3 700 186.2606061553659 nan
3 701 186.36502483121933 nan
3 702 186.46969004946786 nan
3 703 186.57460218298527 nan
3 704 186.67976160464534 nan
3 705 186.78516868732186 nan
3 706 186.89082380388862 nan
3 707 186.99672732721945 nan
3 708 187.10287963018806 nan
3 709 187.2092810856683 nan
3 710 187.31593206653395 nan
3 711 187.42283294565874 nan
3 712 187.52998409591655 nan
3 713 187.6373858901811 nan
3 714 187.7450387013262 nan
3 715 187.85294290222566 nan
3 716 187.96109886575323 nan
3 717 188.0695069647827 nan
3 718 188.1781675721879 nan
3 719 188.28708106084258 nan
3 720 188.39624780362055 nan
3 721 188.5056681733956 nan
3 722 188.6153425430415 nan
3 723 188.72527128543203 nan
3 724 188.83545477344103 nan
3 725 188.94589337994222 nan
3 726 189.05658747780944 nan
3 727 189.16753743991646 nan
3 728 189.27874363913705 nan
3 729 189.39020644834505 nan
3 730 189.50192624041418 nan
3 731 189.61390338821826 nan
3 732 189.72613826463112 nan
3 733 189.8386312425265 nan
3 734 189.95138269477818 nan
3 735 190.06439299425998 nan
3 736 190.17766251384566 nan
3 737 190.29119162640905 nan
3 738 190.40498070482388 nan
3 739 190.519030121964 nan
3 740 190.63334025070316 nan
3 741 190.74791146391516 nan
3 742 190.86274413447376 nan
3 743 190.9778386352528 nan
3 744 191.09319533912605 nan
3 745 191.20881461896727 nan
3 746 191.32469684765027 nan
3 747 191.44084239804886 nan
3 748 191.55725164303678 nan
3 749 191.67392495548788 nan
3 750 191.79086270827588 nan
3 751 191.9080652742746 nan
3 752 192.02553302635783 nan
3 753 192.14326633739938 nan
3 754 192.261265580273 nan
3 755 192.3795311278525 nan
3 756 192.49806335301167 nan
3 757 192.6168626286243 nan
3 758 192.73592932756412 nan
3 759 192.855263822705 nan
3 760 192.9748664869207 nan
3 761 193.09473769308502 nan
3 762 193.2148778140717 nan
3 763 193.33528722275457 nan
3 764 193.45596629200742 nan
3 765 193.57691539470403 nan
3 766 193.6981349037182 nan
3 767 193.81962519192368 nan
3 768 193.94138663219428 nan
3 769 194.06341959740382 nan
3 770 194.18572446042606 nan
3 771 194.30830159413478 nan
3 772 194.43115137140376 nan
3 773 194.5542741651068 nan
3 774 194.67767034811772 nan
3 775 194.8013402933103 nan
3 776 194.92528437355827 nan
3 777 195.04950296173547 nan
3 778 195.17399643071568 nan
3 779 195.2987651533727 nan
3 780 195.42380950258027 nan
3 781 195.54912985121223 nan
3 782 195.67472657214236 nan
3 783 195.80060003824443 nan
3 784 195.92675062239223 nan
3 785 196.05317869745957 nan
3 786 196.17988463632025 nan
3 787 196.306868811848 nan
3 788 196.43413159691664 nan
3 789 196.56167336439995 nan
3 790 196.68949448717177 nan
3 791 196.8175953381058 nan
3 792 196.9459762900759 nan
3 793 197.07463771595582 nan
3 794 197.20357998861937 nan
3 795 197.33280348094033 nan
3 796 197.46230856579248 nan
3 797 197.59209561604962 nan
3 798 197.72216500458555 nan
3 799 197.85251710427406 nan
3 800 197.98315228798887 nan
3 801 198.11407092860384 nan
3 802 198.24527339899274 nan
3 803 198.37676007202936 nan
3 804 198.5085313205875 nan
3 805 198.64058751754092 nan
3 806 198.7729290357634 nan
3 807 198.9055562481288 nan
3 808 199.0384695275108 nan
3 809 199.1716692467833 nan
3 810 199.30515577882 nan
3 811 199.43892949649475 nan
3 812 199.5729907726813 nan
3 813 199.70733998025344 nan
3 814 199.841977492085 nan
3 815 199.97690368104972 nan
3 816 200.11211892002137 nan
3 817 200.24762358187382 nan
3 818 200.3834180394808 nan
3 819 200.51950266571612 nan
3 820 200.65587783345356 nan
3 821 200.79254391556688 nan
3 822 200.92950128492993 nan
3 823 201.06675031441642 nan
3 824 201.20429137690024 nan
3 825 201.34212484525509 nan
3 826 201.4802510923548 nan
3 827 201.61867049107315 nan
3 828 201.7573834142839 nan
3 829 201.8963902348609 nan
3 830 202.03569132567787 nan
3 831 202.17528705960865 nan
3 832 202.315177809527 nan
3 833 202.45536394830674 nan
3 834 202.59584584882163 nan
3 835 202.73662388394544 nan
3 836 202.877698426552 nan
3 837 203.0190698495151 nan
3 838 203.1607385257085 nan
3 839 203.30270482800597 nan
3 840 203.44496912928136 nan
3 841 203.58753180240842 nan
3 842 203.7303932202609 nan
3 843 203.8735537557127 nan
3 844 204.0170137816375 nan
3 845 204.16077367090915 nan
3 846 204.3048337964014 nan
3 847 204.44919453098805 nan
3 848 204.59385624754293 nan
3 849 204.73881931893976 nan
3 850 204.88408411805239 nan
3 851 205.02965101775453 nan
3 852 205.17552039092004 nan
3 853 205.3216926104227 nan
3 854 205.4681680491363 nan
3 855 205.61494707993458 nan
3 856 205.76203007569137 nan
3 857 205.90941740928045 nan
3 858 206.0571094535756 nan
3 859 206.20510658145062 nan
3 860 206.3534091657793 nan
3 861 206.50201757943543 nan
3 862 206.6509321952928 nan
3 863 206.80015338622516 nan
3 864 206.9496815251063 nan
3 865 207.09951698481012 nan
3 866 207.2496601382103 nan
3 867 207.40011135818062 nan
3 868 207.55087101759491 nan
3 869 207.70193948932695 nan
3 870 207.85331714625056 nan
3 871 208.00500436123946 nan
3 872 208.15700150716748 nan
3 873 208.3093089569084 nan
3 874 208.46192708333604 nan
3 875 208.61485625932414 nan
3 876 208.7680968577465 nan
3 877 208.92164925147694 nan
3 878 209.07551381338922 nan
3 879 209.22969091635713 nan
3 880 209.38418093325447 nan
3 881 209.538984236955 nan
3 882 209.69410120033254 nan
3 883 209.84953219626087 nan
3 884 210.00527759761377 nan
3 885 210.16133777726503 nan
3 886 210.31771310808847 nan
3 887 210.4744039629578 nan
3 888 210.6314107147469 nan
3 889 210.7887337363295 nan
3 890 210.94637340057943 nan
3 891 211.10433008037043 nan
3 892 211.26260414857632 nan
3 893 211.4211959780709 nan
3 894 211.5801059417279 nan
3 895 211.7393344124212 nan
3 896 211.89888176302446 nan
3 897 212.0587483664116 nan
3 898 212.21893459545635 nan
3 899 212.3794408230325 nan
3 900 212.54026742201384 nan
3 901 212.70141476527414 nan
3 902 212.86288322568723 nan
3 903 213.02467317612687 nan
3 904 213.18678498946684 nan
3 905 213.34921903858094 nan
3 906 213.51197569634297 nan
3 907 213.67505533562672 nan
3 908 213.83845832930595 nan
3 909 214.00218505025447 nan
3 910 214.16623587134606 nan
3 911 214.3306111654545 nan
3 912 214.49531130545364 nan
3 913 214.66033666421717 nan
3 914 214.82568761461894 nan
3 915 214.99136452953272 nan
3 916 215.1573677818323 nan
3 917 215.3236977443915 nan
3 918 215.49035479008407 nan
3 919 215.6573392917838 nan
3 920 215.8246516223645 nan
3 921 215.99229215469992 nan
3 922 216.1602612616639 nan
3 923 216.32855931613017 nan
3 924 216.49718669097257 nan
3 925 216.66614375906488 nan
3 926 216.8354308932809 nan
3 927 217.00504846649434 nan
3 928 217.17499685157907 nan
3 929 217.34527642140887 nan
3 930 217.5158875488575 nan
3 931 217.68683060679874 nan
3 932 217.85810596810643 nan
3 933 218.02971400565428 nan
3 934 218.20165509231617 nan
3 935 218.37392960096582 nan
3 936 218.54653790447708 nan
3 937 218.71948037572366 nan
3 938 218.89275738757937 nan
3 939 219.06636931291803 nan
3 940 219.24031652461343 nan
3 941 219.41459939553937 nan
3 942 219.58921829856956 nan
3 943 219.76417360657786 nan
3 944 219.93946569243806 nan
3 945 220.11509492902388 nan
3 946 220.2910616892092 nan
3 947 220.46736634586773 nan
3 948 220.6440092718733 nan
3 949 220.82099084009974 nan
3 950 220.99831142342074 nan
3 951 221.17597139471013 nan
3 952 221.3539711268417 nan
3 953 221.5323109926893 nan
3 954 221.71099136512663 nan
3 955 221.8900126170275 nan
3 956 222.06937512126572 nan
3 957 222.24907925071506 nan
3 958 222.42912537824935 nan
3 959 222.60951387674228 nan
3 960 222.79024511906772 nan
3 961 222.9713194780995 nan
3 962 223.1527373267113 nan
3 963 223.33449903777694 nan
3 964 223.51660498417027 nan
3 965 223.69905553876504 nan
3 966 223.881851074435 nan
3 967 224.06499196405397 nan
3 968 224.2484785804957 nan
3 969 224.4323112966341 nan
3 970 224.61649048534287 nan
3 971 224.80101651949576 nan
3 972 224.98588977196664 nan
3 973 225.17111061562923 nan
3 974 225.35667942335738 nan
3 975 225.5425965680248 nan
3 976 225.72886242250536 nan
3 977 225.91547735967282 nan
3 978 226.10244175240098 nan
3 979 226.28975597356356 nan
3 980 226.47742039603443 nan
3 981 226.66543539268736 nan
3 982 226.8538013363961 nan
3 983 227.0425186000345 nan
3 984 227.23158755647626 nan
3 985 227.42100857859526 nan
3 986 227.61078203926527 nan
3 987 227.80090831136002 nan
3 988 227.99138776775334 nan
3 989 228.18222078131905 nan
3 990 228.37340772493087 nan
3 991 228.56494897146263 nan
3 992 228.75684489378813 nan
3 993 228.9490958647811 nan
3 994 229.1417022573154 nan
3 995 229.33466444426477 nan
3 996 229.52798279850302 nan
3 997 229.72165769290396 nan
3 998 229.91568950034133 nan
3 999 230.1100785936889 nan
3 1000 230.30482534582052 nan
3 1001 230.49993012961 nan
3 1002 230.69539331793106 nan
3 1003 230.8912152836575 nan
3 1004 231.0873963996631 nan
3 1005 231.2839370388217 nan
3 1006 231.48083757400707 nan
3 1007 231.67809837809295 nan
3 1008 231.8757198239532 nan
3 1009 232.07370228446155 nan
3 1010 232.27204613249182 nan
3 1011 232.4707517409178 nan
3 1012 232.66981948261326 nan
3 1013 232.869249730452 nan
3 1014 233.0690428573078 nan
3 1015 233.26919923605445 nan
3 1016 233.46971923956573 nan
3 1017 233.67060324071548 nan
3 1018 233.8718516123774 nan
3 1019 234.07346472742535 nan
3 1020 234.2754429587331 nan
3 1021 234.47778667917441 nan
3 1022 234.68049626162315 nan
3 1023 234.88357207895302 nan
3 1024 235.08701450403782 nan
3 1025 235.29082390975137 nan
3 1026 235.49500066896744 nan
3 1027 235.69954515455981 nan
3 1028 235.90445773940232 nan
3 1029 236.1097387963687 nan
3 1030 236.31538869833275 nan
3 1031 236.52140781816829 nan
3 1032 236.72779652874908 nan
3 1033 236.9345552029489 nan
3 1034 237.14168421364155 nan
3 1035 237.34918393370086 nan
3 1036 237.55705473600054 nan
3 1037 237.76529699341444 nan
3 1038 237.9739110788163 nan
3 1039 238.18289736507995 nan
3 1040 238.39225622507917 nan
3 1041 238.60198803168774 nan
3 1042 238.81209315777943 nan
3 1043 239.02257197622808 nan
3 1044 239.23342485990742 nan
3 1045 239.44465218169128 nan
3 1046 239.6562543144534 nan
3 1047 239.86823163106766 nan
3 1048 240.08058450440774 nan
3 1049 240.2933133073475 nan
3 1050 240.5064184127607 nan
3 1051 240.71990019352114 nan
3 1052 240.9337590225026 nan
3 1053 241.1479952725789 nan
3 1054 241.36260931662375 nan
3 1055 241.577601527511 nan
3 1056 241.79297227811446 nan
3 1057 242.00872194130787 nan
3 1058 242.224850889965 nan
3 1059 242.4413594969597 nan
3 1060 242.65824813516576 nan
3 1061 242.8755171774569 nan
3 1062 243.09316699670697 nan
3 1063 243.31119796578972 nan
3 1064 243.52961045757897 nan
3 1065 243.74840484494848 nan
3 1066 243.96758150077204 nan
3 1067 244.18714079792346 nan
3 1068 244.40708310927653 nan
3 1069 244.62740880770502 nan
3 1070 244.8481182660827 nan
3 1071 245.0692118572834 nan
3 1072 245.2906899541809 nan
3 1073 245.51255292964896 nan
3 1074 245.73480115656142 nan
3 1075 245.95743500779201 nan
3 1076 246.18045485621454 nan
3 1077 246.40386107470283 nan
3 1078 246.62765403613062 nan
3 1079 246.8518341133717 nan
3 1080 247.07640167929992 nan
3 1081 247.30135710678903 nan
3 1082 247.52670076871277 nan
3 1083 247.75243303794502 nan
3 1084 247.9785542873595 nan
3 1085 248.20506488983 nan
3 1086 248.43196521823035 nan
3 1087 248.6592556454343 nan
3 1088 248.8869365443157 nan
3 1089 249.11500828774825 nan
3 1090 249.3434712486058 nan
3 1091 249.5723257997621 nan
3 1092 249.80157231409098 nan
3 1093 250.03121116446619 nan
3 1094 250.26124272376157 nan
3 1095 250.49166736485085 nan
3 1096 250.72248546060783 nan
3 1097 250.95369738390633 nan
3 1098 251.18530350762012 nan
3 1099 251.41730420462295 nan
3 1100 251.6496998477887 nan
3 1101 251.88249080999108 nan
3 1102 252.1156774641039 nan
3 1103 252.34926018300095 nan
3 1104 252.58323933955603 nan
3 1105 252.8176153066429 nan
3 1106 253.05238845713538 nan
3 1107 253.28755916390725 nan
3 1108 253.52312779983228 nan
3 1109 253.75909473778427 nan
3 1110 253.99546035063702 nan
3 1111 254.2322250112643 nan
3 1112 254.4693890925399 nan
3 1113 254.7069529673376 nan
3 1114 254.94491700853126 nan
3 1115 255.18328158899456 nan
3 1116 255.42204708160136 nan
3 1117 255.66121385922543 nan
3 1118 255.90078229474057 nan
3 1119 256.1407527610205 nan
3 1120 256.3811256309391 nan
3 1121 256.62190127737017 nan
3 1122 256.8630800731874 nan
3 1123 257.1046623912646 nan
3 1124 257.3466486044756 nan
3 1125 257.5890390856942 nan
3 1126 257.8318342077942 nan
3 1127 258.0750343436493 nan
3 1128 258.3186398661333 nan
3 1129 258.5626511481201 nan
3 1130 258.8070685624834 nan
3 1131 259.051892482097 nan
3 1132 259.2971232798347 nan
3 1133 259.54276132857024 nan
3 1134 259.7888070011775 nan
3 1135 260.03526067053025 nan
3 1136 260.2821227095022 nan
3 1137 260.52939349096715 nan
3 1138 260.77707338779896 nan
3 1139 261.0251627728714 nan
3 1140 261.27366201905824 nan
3 1141 261.52257149923327 nan
3 1142 261.77189158627027 nan
3 1143 262.021622653043 nan
3 1144 262.2717650724253 nan
3 1145 262.52231921729094 nan
3 1146 262.77328546051376 nan
3 1147 263.0246641749675 nan
3 1148 263.2764557335259 nan
3 1149 263.5286605090628 nan
3 1150 263.78127887445197 nan
3 1151 264.03431120256727 nan
3 1152 264.2877578662824 nan
3 1153 264.5416192384712 nan
3 1154 264.7958956920074 nan
3 1155 265.05058759976487 nan
3 1156 265.3056953346173 nan
3 1157 265.56121926943854 nan
3 1158 265.8171597771024 nan
3 1159 266.07351723048265 nan
3 1160 266.33029200245306 nan
3 1161 266.5874844658874 nan
3 1162 266.84509499365953 nan
3 1163 267.10312395864315 nan
3 1164 267.36157173371214 nan
3 1165 267.6204386917402 nan
3 1166 267.8797252056012 nan
3 1167 268.13943164816885 nan
3 1168 268.399558392317 nan
3 1169 268.6601058109194 nan
3 1170 268.9210742768498 nan
3 1171 269.1824641629821 nan
3 1172 269.44427584219005 nan
3 1173 269.70650968734736 nan
3 1174 269.9691660713279 nan
3 1175 270.2322453670055 nan
3 1176 270.4957479472538 nan
3 1177 270.7596741849467 nan
3 1178 271.0240244529579 nan
3 1179 271.2887991241613 nan
3 1180 271.55399857143067 nan
3 1181 271.81962316763975 nan
3 1182 272.08567328566227 nan
3 1183 272.3521492983722 nan
3 1184 272.6190515786431 nan
3 1185 272.886380499349 nan
3 1186 273.1541364333635 nan
3 1187 273.42231975356043 nan
3 1188 273.6909308328136 nan
3 1189 273.9599700439969 nan
3 1190 274.22943775998397 nan
3 1191 274.4993343536486 nan
3 1192 274.76966019786465 nan
3 1193 275.0404156655059 nan
3 1194 275.3116011294461 nan
3 1195 275.5832169625591 nan
3 1196 275.85526353771866 nan
3 1197 276.12774122779854 nan
3 1198 276.40065040567254 nan
3 1199 276.67399144421444 nan
3 1200 276.947764716298 nan
3 1201 277.22197059479714 nan
3 1202 277.4966094525855 nan
3 1203 277.771681662537 nan
3 1204 278.0471875975253 nan
3 1205 278.32312763042427 nan
3 1206 278.5995021341077 nan
3 1207 278.8763114814493 nan
3 1208 279.15355604532294 nan
3 1209 279.43123619860233 nan
3 1210 279.7093523141614 nan
3 1211 279.98790476487375 nan
3 1212 280.26689392361334 nan
3 1213 280.54632016325377 nan
3 1214 280.8261838566691 nan
3 1215 281.10648537673285 nan
3 1216 281.38722509631896 nan
3 1217 281.66840338830116 nan
3 1218 281.95002062555324 nan
3 1219 282.232077180949 nan
3 1220 282.5145734273623 nan
3 1221 282.79750973766676 nan
3 1222 283.0808864847363 nan
3 1223 283.3647040414447 nan
3 1224 283.6489627806658 nan
3 1225 283.9336630752732 nan
3 1226 284.21880529814086 nan
3 1227 284.50438982214246 nan
3 1228 284.79041702015184 nan
3 1229 285.07688726504284 nan
3 1230 285.36380092968915 nan
3 1231 285.65115838696465 nan
3 1232 285.938960009743 nan
3 1233 286.22720617089817 nan
3 1234 286.51589724330375 nan
3 1235 286.8050335998337 nan
3 1236 287.0946156133617 nan
3 1237 287.38464365676157 nan
3 1238 287.67511810290716 nan
3 1239 287.9660393246721 nan
3 1240 288.2574076949304 nan
3 1241 288.5492235865556 nan
3 1242 288.84148737242174 nan
3 1243 289.1341994254024 nan
3 1244 289.42736011837144 nan
3 1245 289.7209698242027 nan
3 1246 290.01502891576996 nan
3 1247 290.30953776594697 nan
3 1248 290.6044967476075 nan
3 1249 290.8999062336253 nan
3 1250 291.1957665968743 nan
3 1251 291.4920782102282 nan
3 1252 291.7888414465608 nan
3 1253 292.0860566787459 nan
3 1254 292.38372427965726 nan
3 1255 292.6818446221687 nan
3 1256 292.980418079154 nan
3 1257 293.2794450234869 nan
3 1258 293.57892582804124 nan
3 1259 293.8788608656908 nan
3 1260 294.1792505093094 nan
3 1261 294.4800951317708 nan
3 1262 294.7813951059487 nan
3 1263 295.08315080471704 nan
3 1264 295.3853626009495 nan
3 1265 295.68803086751996 nan
3 1266 295.9911559773021 nan
3 1267 296.2947383031698 nan
3 1268 296.5987782179968 nan
3 1269 296.9032760946569 nan
3 1270 297.20823230602394 nan
3 1271 297.5136472249716 nan
3 1272 297.8195212243738 nan
3 1273 298.12585467710414 nan
3 1274 298.4326479560366 nan
3 1275 298.7399014340449 nan
3 1276 299.0476154840028 nan
3 1277 299.3557904787841 nan
3 1278 299.6644267912626 nan
3 1279 299.9735247943121 nan
3 1280 300.28308486080635 nan
3 1281 300.5931073636192 nan
3 1282 300.9035926756244 nan
3 1283 301.2145411696957 nan
3 1284 301.52595321870695 nan
3 1285 301.83782919553187 nan
3 1286 302.15016947304434 nan
3 1287 302.4629744241181 nan
3 1288 302.7762444216269 nan
3 1289 303.08997983844466 nan
3 1290 303.40418104744504 nan
3 1291 303.7188484215018 nan
3 1292 304.0339823334889 nan
3 1293 304.34958315627995 nan
3 1294 304.66565126274884 nan
3 1295 304.9821870257693 nan
3 1296 305.29919081821515 nan
3 1297 305.6166630129602 nan
3 1298 305.93460398287823 nan
3 1299 306.253014100843 nan
3 1300 306.5718937397283 nan
3 1301 306.89124327240796 nan
3 1302 307.2110630717557 nan
3 1303 307.5313535106454 nan
3 1304 307.85211496195075 nan
3 1305 308.1733477985456 nan
3 1306 308.4950523933037 nan
3 1307 308.81722911909884 nan
3 1308 309.1398783488048 nan
3 1309 309.4630004552955 nan
3 1310 309.7865958114446 nan
3 1311 310.1106647901259 nan
3 1312 310.4352077642132 nan
3 1313 310.76022510658026 nan
3 1314 311.0857171901009 nan
3 1315 311.411684387649 nan
3 1316 311.7381270720982 nan
3 1317 312.0650456163223 nan
3 1318 312.3924403931952 nan
3 1319 312.7203117755906 nan
3 1320 313.0486601363823 nan
3 1321 313.37748584844405 nan
3 1322 313.70678928464974 nan
3 1323 314.0365708178731 nan
3 1324 314.36683082098796 nan
3 1325 314.69756966686805 nan
3 1326 315.0287877283871 nan
3 1327 315.36048537841907 nan
3 1328 315.69266298983763 nan
3 1329 316.02532093551656 nan
3 1330 316.35845958832977 nan
3 1331 316.6920793211509 nan
3 1332 317.02618050685373 nan
3 1333 317.36076351831224 nan
3 1334 317.69582872840004 nan
3 1335 318.031376509991 nan
3 1336 318.36740723595886 nan
3 1337 318.7039212791774 nan
3 1338 319.0409190125205 nan
3 1339 319.3784008088619 nan
3 1340 319.71636704107533 nan
3 1341 320.0548180820346 nan
3 1342 320.3937543046136 nan
3 1343 320.733176081686 nan
3 1344 321.0730837861256 nan
3 1345 321.41347779080627 nan
3 1346 321.7543584686017 nan
3 1347 322.0957261923858 nan
3 1348 322.4375813350323 nan
3 1349 322.7799242694149 nan
3 1350 323.1227553684074 nan
3 1351 323.4660750048838 nan
3 1352 323.80988355171763 nan
3 1353 324.1541813817828 nan
3 1354 324.4989688679531 nan
3 1355 324.84424638310236 nan
3 1356 325.1900143001042 nan
3 1357 325.53627299183256 nan
3 1358 325.88302283116127 nan
3 1359 326.2302641909639 nan
3 1360 326.5779974441145 nan
3 1361 326.9262229634867 nan
3 1362 327.27494112195427 nan
3 1363 327.62415229239105 nan
3 1364 327.97385684767085 nan
3 1365 328.32405516066746 nan
3 1366 328.6747476042546 nan
3 1367 329.02593455130614 nan
3 1368 329.37761637469583 nan
3 1369 329.7297934472974 nan
3 1370 330.0824661419848 nan
3 1371 330.43563483163166 nan
3 1372 330.7892998891118 nan
3 1373 331.1434616872991 nan
3 1374 331.4981205990672 nan
3 1375 331.85327699729004 nan
3 1376 332.20893125484133 nan
3 1377 332.56508374459486 nan
3 1378 332.9217348394244 nan
3 1379 333.27888491220375 nan
3 1380 333.6365343358068 nan
3 1381 333.99468348310717 nan
3 1382 334.35333272697875 nan
3 1383 334.7124824402953 nan
3 1384 335.0721329959306 nan
3 1385 335.43228476675847 nan
3 1386 335.7929381256527 nan
3 1387 336.15409344548704 nan
3 1388 336.5157510991353 nan
3 1389 336.8779114594713 nan
3 1390 337.24057489936877 nan
3 1391 337.6037417917015 nan
3 1392 337.9674125093434 nan
3 1393 338.33158742516804 nan
3 1394 338.6962669120494 nan
3 1395 339.0614513428611 nan
3 1396 339.42714109047716 nan
3 1397 339.7933365277712 nan
3 1398 340.160038027617 nan
3 1399 340.5272459628884 nan
3 1400 340.8949607064592 nan
3 1401 341.2631826312032 nan
3 1402 341.6319121099941 nan
3 1403 342.0011495157057 nan
3 1404 342.370895221212 nan
3 1405 342.7411495993865 nan
3 1406 343.1119130231031 nan
3 1407 343.4831858652356 nan
3 1408 343.8549684986578 nan
3 1409 344.22726129624346 nan
3 1410 344.6000646308665 nan
3 1411 344.97337887540044 nan
3 1412 345.3472044027193 nan
3 1413 345.72154158569674 nan
3 1414 346.0963907972067 nan
3 1415 346.47175241012275 nan
3 1416 346.8476267973188 nan
3 1417 347.22401433166874 nan
3 1418 347.60091538604615 nan
3 1419 347.97833033332495 nan
3 1420 348.3562595463789 nan
3 1421 348.7347033980817 nan
3 1422 349.11366226130735 nan
3 1423 349.4931365089295 nan
3 1424 349.8731265138219 nan
3 1425 350.2536326488584 nan
3 1426 350.6346552869128 nan
3 1427 351.0161948008589 nan
3 1428 351.3982515635704 nan
3 1429 351.78082594792113 nan
3 1430 352.1639183267849 nan
3 1431 352.5475290730355 nan
3 1432 352.9316585595467 nan
3 1433 353.31630715919226 nan
3 1434 353.70147524484605 nan
3 1435 354.08716318938184 nan
3 1436 354.47337136567336 nan
3 1437 354.8601001465944 nan
3 1438 355.24734990501884 nan
3 1439 355.63512101382037 nan
3 1440 356.0234138458728 nan
3 1441 356.41222877404994 nan
3 1442 356.8015661712256 nan
3 1443 357.19142641027355 nan
3 1444 357.5818098640675 nan
3 1445 357.9727169054814 nan
3 1446 358.3641479073889 nan
3 1447 358.7561032426638 nan
3 1448 359.14858328417995 nan
3 1449 359.5415884048111 nan
3 1450 359.93511897743105 nan
3 1451 360.32917537491363 nan
3 1452 360.72375797013257 nan
3 1453 361.11886713596164 nan
3 1454 361.5145032452747 nan
3 1455 361.91066667094543 nan
3 1456 362.3073577858478 nan
3 1457 362.70457696285536 nan
3 1458 363.1023245748421 nan
3 1459 363.5006009946817 nan
3 1460 363.899406595248 nan
3 1461 364.2987417494148 nan
3 1462 364.69860683005584 nan
3 1463 365.0990022100449 nan
3 1464 365.4999282622558 nan
3 1465 365.90138535956237 nan
3 1466 366.30337387483837 nan
3 1467 366.70589418095744 nan
3 1468 367.10894665079365 nan
3 1469 367.5125316572206 nan
3 1470 367.91664957311207 nan
3 1471 368.32130077134195 nan
3 1472 368.7264856247839 nan
3 1473 369.13220450631184 nan
3 1474 369.53845778879946 nan
3 1475 369.9452458451206 nan
3 1476 370.35256904814906 nan
3 1477 370.7604277707586 nan
3 1478 371.168822385823 nan
3 1479 371.57775326621606 nan
3 1480 371.9872207848116 nan
3 1481 372.3972253144833 nan
3 1482 372.8077672281051 nan
3 1483 373.2188468985507 nan
3 1484 373.6304646986939 nan
3 1485 374.0426210014085 nan
3 1486 374.4553161795683 nan
3 1487 374.868550606047 nan
3 1488 375.28232465371843 nan
3 1489 375.69663869545656 nan
3 1490 376.1114931041349 nan
3 1491 376.5268882526274 nan
3 1492 376.9428245138078 nan
3 1493 377.35930226054995 nan
3 1494 377.7763218657275 nan
3 1495 378.1938837022144 nan
3 1496 378.61198814288434 nan
3 1497 379.03063556061113 nan
3 1498 379.44982632826856 nan
3 1499 379.8695608187304 nan
3 1500 380.28983940487046 nan
3 1501 380.71066245956257 nan
3 1502 381.13203035568046 nan
3 1503 381.55394346609785 nan
3 1504 381.9764021636887 nan
3 1505 382.3994068213267 nan
3 1506 382.82295781188566 nan
3 1507 383.2470555082393 nan
3 1508 383.67170028326154 nan
3 1509 384.09689250982603 nan
3 1510 384.52263256080664 nan
3 1511 384.9489208090771 nan
3 1512 385.37575762751135 nan
3 1513 385.80314338898296 nan
3 1514 386.2310784663659 nan
3 1515 386.65956323253386 nan
3 1516 387.0885980603606 nan
3 1517 387.51818332272 nan
3 1518 387.9483193924858 nan
3 1519 388.3790066425318 nan
3 1520 388.81024544573177 nan
3 1521 389.24203617495954 nan
3 1522 389.67437920308885 nan
3 1523 390.10727490299354 nan
3 1524 390.54072364754734 nan
3 1525 390.9747258096241 nan
3 1526 391.4092817620975 nan
3 1527 391.84439187784153 nan
3 1528 392.2800565297298 nan
3 1529 392.7162760906361 nan
3 1530 393.1530509334343 nan
3 1531 393.59038143099815 nan
3 1532 394.02826795620143 nan
3 1533 394.466710881918 nan
3 1534 394.9057105810216 nan
3 1535 395.34526742638593 nan
3 1536 395.7853817908849 nan
3 1537 396.22605404739227 nan
3 1538 396.6672845687818 nan
3 1539 397.1090737279273 nan
3 1540 397.55142189770254 nan
3 1541 397.99432945098135 nan
3 1542 398.4377967606374 nan
3 1543 398.8818241995447 nan
3 1544 399.32641214057685 nan
3 1545 399.7715609566077 nan
3 1546 400.217271020511 nan
3 1547 400.66354270516064 nan
3 1548 401.1103763834302 nan
3 1549 401.55777242819374 nan
3 1550 402.0057312123249 nan
3 1551 402.45425310869746 nan
3 1552 402.9033384901852 nan
3 1553 403.352987729662 nan
3 1554 403.8032012000016 nan
3 1555 404.2539792740778 nan
3 1556 404.7053223247643 nan
3 1557 405.15723072493495 nan
3 1558 405.60970484746355 nan
3 1559 406.0627450652239 nan
3 1560 406.5163517510898 nan
3 1561 406.97052527793494 nan
3 1562 407.42526601863324 nan
3 1563 407.8805743460583 nan
3 1564 408.3364506330842 nan
3 1565 408.7928952525845 nan
3 1566 409.2499085774331 nan
3 1567 409.7074909805037 nan
3 1568 410.16564283467005 nan
3 1569 410.6243645128061 nan
3 1570 411.0836563877855 nan
3 1571 411.5435188324821 nan
3 1572 412.00395221976976 nan
3 1573 412.46495692252216 nan
3 1574 412.92653331361305 nan
3 1575 413.3886817659163 nan
3 1576 413.85140265230575 nan
3 1577 414.31469634565514 nan
3 1578 414.77856321883814 nan
3 1579 415.2430036447287 nan
3 1580 415.70801799620057 nan
3 1581 416.17360664612744 nan
3 1582 416.6397699673832 nan
3 1583 417.1065083328416 nan
3 1584 417.5738221153766 nan
3 1585 418.04171168786166 nan
3 1586 418.5101774231708 nan
3 1587 418.9792196941777 nan
3 1588 419.4488388737562 nan
3 1589 419.9190353347801 nan
3 1590 420.3898094501232 nan
3 1591 420.8611615926592 nan
3 1592 421.333092135262 nan
3 1593 421.80560145080534 nan
3 1594 422.278689912163 nan
3 1595 422.7523578922087 nan
3 1596 423.2266057638164 nan
3 1597 423.70143389985975 nan
3 1598 424.17684267321255 nan
3 1599 424.6528324567487 nan
3 1600 425.12940362334183 nan
3 1601 425.6065565458658 nan
3 1602 426.08429159719446 nan
3 1603 426.5626091502015 nan
3 1604 427.0415095777608 nan
3 1605 427.52099325274605 nan
3 1606 428.0010605480311 nan
3 1607 428.4817118364897 nan
3 1608 428.96294749099565 nan
3 1609 429.44476788442284 nan
3 1610 429.9271733896449 nan
3 1611 430.4101643795357 nan
3 1612 430.893741226969 nan
3 1613 431.3779043048186 nan
3 1614 431.8626539859584 nan
3 1615 432.34799064326194 nan
3 1616 432.83391464960323 nan
3 1617 433.3204263778559 nan
3 1618 433.8075262008939 nan
3 1619 434.2952144915909 nan
3 1620 434.78349162282075 nan
3 1621 435.27235796745714 nan
3 1622 435.76181389837404 nan
3 1623 436.251859788445 nan
3 1624 436.742496010544 nan
3 1625 437.23372293754477 nan
3 1626 437.7255409423212 nan
3 1627 438.21795039774685 nan
3 1628 438.7109516766956 nan
3 1629 439.2045451520413 nan
3 1630 439.6987311966578 nan
3 1631 440.19351018341865 nan
3 1632 440.68888248519784 nan
3 1633 441.1848484748691 nan
3 1634 441.68140852530627 nan
3 1635 442.178563009383 nan
3 1636 442.67631229997323 nan
3 1637 443.1746567699507 nan
3 1638 443.6735967921892 nan
3 1639 444.1731327395624 nan
3 1640 444.67326498494424 nan
3 1641 445.17399390120846 nan
3 1642 445.67531986122884 nan
3 1643 446.1772432378793 nan
3 1644 446.6797644040334 nan
3 1645 447.18288373256496 nan
3 1646 447.68660159634794 nan
3 1647 448.190918368256 nan
3 1648 448.69583442116294 nan
3 1649 449.2013501279426 nan
3 1650 449.70746586146873 nan
3 1651 450.2141819946151 nan
3 1652 450.72149890025554 nan
3 1653 451.2294169512638 nan
3 1654 451.7379365205137 nan
3 1655 452.24705798087905 nan
3 1656 452.75678170523355 nan
3 1657 453.2671080664511 nan
3 1658 453.7780374374053 nan
3 1659 454.28957019097027 nan
3 1660 454.8017067000195 nan
3 1661 455.3144473374268 nan
3 1662 455.8277924760661 nan
3 1663 456.34174248881124 nan
3 1664 456.8562977485357 nan
3 1665 457.37145862811354 nan
3 1666 457.8872255004185 nan
3 1667 458.4035987383243 nan
3 1668 458.9205787147048 nan
3 1669 459.43816580243373 nan
3 1670 459.9563603743849 nan
3 1671 460.47516280343206 nan
3 1672 460.9945734624491 nan
3 1673 461.51459272430975 nan
3 1674 462.0352209618878 nan
3 1675 462.556458548057 nan
3 1676 463.0783058556912 nan
3 1677 463.6007632576641 nan
3 1678 464.1238311268496 nan
3 1679 464.6475098361214 nan
3 1680 465.1717997583534 nan
3 1681 465.69670126641927 nan
3 1682 466.2222147331928 nan
3 1683 466.74834053154785 nan
3 1684 467.2750790343582 nan
3 1685 467.80243061449767 nan
3 1686 468.3303956448399 nan
3 1687 468.85897449825876 nan
3 1688 469.38816754762814 nan
3 1689 469.9179751658217 nan
3 1690 470.4483977257133 nan
3 1691 470.97943560017666 nan
3 1692 471.5110891620856 nan
3 1693 472.04335878431397 nan
3 1694 472.57624483973547 nan
3 1695 473.1097477012239 nan
3 1696 473.6438677416531 nan
3 1697 474.1786053338968 nan
3 1698 474.71396085082887 nan
3 1699 475.249934665323 nan
3 1700 475.786527150253 nan
3 1701 476.32373867849276 nan
3 1702 476.8615696229159 nan
3 1703 477.4000203563964 nan
3 1704 477.93909125180784 nan
3 1705 478.4787826820242 nan
3 1706 479.0190950199191 nan
3 1707 479.56002863836653 nan
3 1708 480.10158391024004 nan
3 1709 480.64376120841365 nan
3 1710 481.186560905761 nan
3 1711 481.7299833751558 nan
3 1712 482.2740289894721 nan
3 1713 482.8186981215835 nan
3 1714 483.36399114436387 nan
3 1715 483.90990843068687 nan
3 1716 484.4564503534264 nan
3 1717 485.00361728545624 nan
3 1718 485.5514095996502 nan
3 1719 486.09982766888197 nan
3 1720 486.64887186602544 nan
3 1721 487.1985425639544 nan
3 1722 487.74884013554254 nan
3 1723 488.2997649536637 nan
3 1724 488.8513173911917 nan
3 1725 489.40349782100026 nan
3 1726 489.9563066159633 nan
3 1727 490.50974414895444 nan
3 1728 491.0638107928476 nan
3 1729 491.61850692051644 nan
3 1730 492.1738329048349 nan
3 1731 492.7297891186767 nan
3 1732 493.2863759349156 nan
3 1733 493.84359372642535 nan
3 1734 494.4014428660799 nan
3 1735 494.9599237267529 nan
3 1736 495.51903668131814 nan
3 1737 496.0787821026494 nan
3 1738 496.63916036362065 nan
3 1739 497.2001718371055 nan
3 1740 497.7618168959777 nan
3 1741 498.3240959131112 nan
3 1742 498.88700926137966 nan
3 1743 499.45055731365693 nan
3 1744 500.0147404428168 nan
3 1745 500.57955902173296 nan
3 1746 501.1450134232793 nan
3 1747 501.7111040203297 nan
3 1748 502.27783118575775 nan
3 1749 502.8451952924373 nan
3 1750 503.4131967132422 nan
3 1751 503.9818358210462 nan
3 1752 504.5511129887231 nan
3 1753 505.12102858914665 nan
3 1754 505.6915829951907 nan
3 1755 506.262776579729 nan
3 1756 506.83460971563534 nan
3 1757 507.40708277578346 nan
3 1758 507.98019613304723 nan
3 1759 508.5539501603005 nan
3 1760 509.1283452304168 nan
3 1761 509.7033817162702 nan
3 1762 510.2790599907343 nan
3 1763 510.85538042668304 nan
3 1764 511.4323433969901 nan
3 1765 512.0099492745293 nan
3 1766 512.5881984321744 nan
3 1767 513.1670912427992 nan
3 1768 513.7466280792776 nan
3 1769 514.3268093144832 nan
3 1770 514.90763532129 nan
3 1771 515.4891064725714 nan
3 1772 516.0712231412017 nan
3 1773 516.6539857000544 nan
3 1774 517.2373945220033 nan
3 1775 517.8214499799221 nan
3 1776 518.4061524466849 nan
3 1777 518.9915022951653 nan
3 1778 519.577499898237 nan
3 1779 520.1641456287739 nan
3 1780 520.7514398596498 nan
3 1781 521.3393829637384 nan
3 1782 521.9279753139135 nan
3 1783 522.5172172830491 nan
3 1784 523.1071092440187 nan
3 1785 523.6976515696963 nan
3 1786 524.2888446329555 nan
3 1787 524.8806888066702 nan
3 1788 525.4731844637141 nan
3 1789 526.0663319769611 nan
3 1790 526.660131719285 nan
3 1791 527.2545840635595 nan
3 1792 527.8496893826584 nan
3 1793 528.4454480494555 nan
3 1794 529.0418604368247 nan
3 1795 529.6389269176397 nan
3 1796 530.2366478647741 nan
3 1797 530.8350236511021 nan
3 1798 531.434054649497 nan
3 1799 532.033741232833 nan
3 1800 532.6340837739838 nan
3 1801 533.235082645823 nan
3 1802 533.8367382212246 nan
3 1803 534.4390508730621 nan
3 1804 535.0420209742097 nan
3 1805 535.6456488975409 nan
3 1806 536.2499350159295 nan
3 1807 536.8548797022495 nan
3 1808 537.4604833293744 nan
3 1809 538.0667462701781 nan
3 1810 538.6736688975345 nan
3 1811 539.2812515843173 nan
3 1812 539.8894947034003 nan
3 1813 540.4983986276573 nan
3 1814 541.107963729962 nan
3 1815 541.7181903831882 nan
3 1816 542.3290789602099 nan
3 1817 542.9406298339006 nan
3 1818 543.5528433771344 nan
3 1819 544.1657199627848 nan
3 1820 544.7792599637256 nan
3 1821 545.3934637528308 nan
3 1822 546.0083317029741 nan
3 1823 546.6238641870293 nan
3 1824 547.24006157787 nan
3 1825 547.8569242483702 nan
3 1826 548.4744525714037 nan
3 1827 549.0926469198441 nan
3 1828 549.7115076665655 nan
3 1829 550.3310351844414 nan
3 1830 550.9512298463455 nan
3 1831 551.572092025152 nan
3 1832 552.1936220937343 nan
3 1833 552.8158204249664 nan
3 1834 553.4386873917222 nan
3 1835 554.0622233668752 nan
3 1836 554.6864287232993 nan
3 1837 555.3113038338682 nan
3 1838 555.936849071456 nan
3 1839 556.5630648089361 nan
3 1840 557.1899514191825 nan
3 1841 557.817509275069 nan
3 1842 558.4457387494695 nan
3 1843 559.0746402152574 nan
3 1844 559.7042140453068 nan
3 1845 560.3344606124914 nan
3 1846 560.965380289685 nan
3 1847 561.5969734497614 nan
3 1848 562.2292404655943 nan
3 1849 562.8621817100577 nan
3 1850 563.4957975560251 nan
3 1851 564.1300883763706 nan
3 1852 564.7650545439676 nan
3 1853 565.4006964316903 nan
3 1854 566.0370144124122 nan
3 1855 566.6740088590074 nan
3 1856 567.3116801443493 nan
3 1857 567.9500286413119 nan
3 1858 568.5890547227689 nan
3 1859 569.2287587615942 nan
3 1860 569.8691411306615 nan
3 1861 570.5102022028448 nan
3 1862 571.1519423510174 nan
3 1863 571.7943619480536 nan
3 1864 572.437461366827 nan
3 1865 573.0812409802113 nan
3 1866 573.7257011610805 nan
3 1867 574.3708422823081 nan
3 1868 575.0166647167681 nan
3 1869 575.6631688373343 nan
3 1870 576.3103550168803 nan
3 1871 576.9582236282799 nan
3 1872 577.6067750444072 nan
3 1873 578.2560096381358 nan
3 1874 578.9059277823394 nan
3 1875 579.5565298498918 nan
3 1876 580.207816213667 nan
3 1877 580.8597872465384 nan
3 1878 581.5124433213803 nan
3 1879 582.165784811066 nan
3 1880 582.8198120884697 nan
3 1881 583.4745255264647 nan
3 1882 584.1299254979253 nan
3 1883 584.786012375725 nan
3 1884 585.4427865327377 nan
3 1885 586.1002483418372 nan
3 1886 586.7583981758971 nan
3 1887 587.4172364077913 nan
3 1888 588.0767634103938 nan
3 1889 588.736979556578 nan
3 1890 589.397885219218 nan
3 1891 590.0594807711874 nan
3 1892 590.7217665853601 nan
3 1893 591.3847430346099 nan
3 1894 592.0484104918105 nan
3 1895 592.7127693298356 nan
3 1896 593.3778199215592 nan
3 1897 594.043562639855 nan
3 1898 594.709997857597 nan
3 1899 595.3771259476586 nan
3 1900 596.0449472829138 nan
3 1901 596.7134622362363 nan
3 1902 597.3826711805 nan
3 1903 598.0525744885786 nan
3 1904 598.7231725333459 nan
3 1905 599.3944656876758 nan
3 1906 600.066454324442 nan
3 1907 600.7391388165181 nan
3 1908 601.4125195367783 nan
3 1909 602.0865968580961 nan
3 1910 602.7613711533454 nan
3 1911 603.4368427953998 nan
3 1912 604.1130121571333 nan
3 1913 604.7898796114197 nan
3 1914 605.4674455311326 nan
3 1915 606.1457102891459 nan
3 1916 606.8246742583335 nan
3 1917 607.504337811569 nan
3 1918 608.1847013217262 nan
3 1919 608.865765161679 nan
3 1920 609.547529704301 nan
3 1921 610.2299953224663 nan
3 1922 610.9131623890485 nan
3 1923 611.5970312769214 nan
3 1924 612.2816023589587 nan
3 1925 612.9668760080344 nan
3 1926 613.652852597022 nan
3 1927 614.3395324987957 nan
3 1928 615.0269160862289 nan
3 1929 615.7150037321956 nan
3 1930 616.4037958095694 nan
3 1931 617.0932926912243 nan
3 1932 617.7834947500339 nan
3 1933 618.4744023588721 nan
3 1934 619.1660158906129 nan
3 1935 619.8583357181296 nan
3 1936 620.5513622142964 nan
3 1937 621.2450957519868 nan
3 1938 621.939536704075 nan
3 1939 622.6346854434343 nan
3 1940 623.3305423429385 nan
3 1941 624.0271077754619 nan
3 1942 624.7243821138779 nan
3 1943 625.4223657310604 nan
3 1944 626.1210589998832 nan
3 1945 626.82046229322 nan
3 1946 627.5205759839446 nan
3 1947 628.2214004449309 nan
3 1948 628.9229360490525 nan
3 1949 629.6251831691833 nan
3 1950 630.3281421781971 nan
3 1951 631.0318134489678 nan
3 1952 631.736197354369 nan
3 1953 632.4412942672745 nan
3 1954 633.1471045605582 nan
3 1955 633.8536286070938 nan
3 1956 634.5608667797551 nan
3 1957 635.268819451416 nan
3 1958 635.9774869949501 nan
3 1959 636.6868697832313 nan
3 1960 637.3969681891333 nan
3 1961 638.1077825855301 nan
3 1962 638.8193133452953 nan
3 1963 639.5315608413027 nan
3 1964 640.2445254464262 nan
3 1965 640.9582075335395 nan
3 1966 641.6726074755163 nan
3 1967 642.3877256452306 nan
3 1968 643.1035624155561 nan
3 1969 643.8201181593665 nan
3 1970 644.5373932495357 nan
3 1971 645.2553880589373 nan
3 1972 645.9741029604454 nan
3 1973 646.6935383269335 nan
3 1974 647.4136945312757 nan
3 1975 648.1345719463454 nan
3 1976 648.8561709450167 nan
3 1977 649.5784919001633 nan
3 1978 650.3015351846589 nan
3 1979 651.0253011713775 nan
3 1980 651.7497902331925 nan
3 1981 652.475002742978 nan
3 1982 653.2009390736077 nan
3 1983 653.9275995979553 nan
3 1984 654.654984688895 nan
3 1985 655.3830947193001 nan
3 1986 656.1119300620446 nan
3 1987 656.8414910900024 nan
3 1988 657.5717781760468 nan
3 1989 658.3027916930521 nan
3 1990 659.034532013892 nan
3 1991 659.7669995114402 nan
3 1992 660.5001945585705 nan
3 1993 661.2341175281565 nan
3 1994 661.9687687930725 nan
3 1995 662.7041487261918 nan
3 1996 663.4402577003883 nan
3 1997 664.1770960885359 nan
3 1998 664.9146642635083 nan
3 1999 665.6529625981793 nan
3 2000 666.3919914654227 nan
3 2001 667.1317512381124 nan
3 2002 667.8722422891219 nan
3 2003 668.6134649913256 nan
3 2004 669.3554197175965 nan
3 2005 670.0981068408089 nan
3 2006 670.8415267338362 nan
3 2007 671.5856797695526 nan
3 2008 672.3305663208316 nan
3 2009 673.0761867605472 nan
3 2010 673.8225414615731 nan
3 2011 674.5696307967833 nan
3 2012 675.3174551390509 nan
3 2013 676.0660148612506 nan
3 2014 676.8153103362554 nan
3 2015 677.5653419369396 nan
3 2016 678.3161100361767 nan
3 2017 679.0676150068407 nan
3 2018 679.8198572218053 nan
3 2019 680.5728370539443 nan
3 2020 681.3265548761317 nan
3 2021 682.0810110612406 nan
3 2022 682.8362059821457 nan
3 2023 683.59214001172 nan
3 2024 684.3488135228376 nan
3 2025 685.1062268883725 nan
3 2026 685.8643804811982 nan
3 2027 686.6232746741887 nan
3 2028 687.3829098402177 nan
3 2029 688.1432863521588 nan
3 2030 688.9044045828862 nan
3 2031 689.6662649052732 nan
3 2032 690.428867692194 nan
3 2033 691.1922133165222 nan
3 2034 691.9563021511315 nan
3 2035 692.7211345688959 nan
3 2036 693.4867109426893 nan
3 2037 694.2530316453849 nan
3 2038 695.0200970498572 nan
3 2039 695.7879075289793 nan
3 2040 696.5564634556256 nan
3 2041 697.3257652026696 nan
3 2042 698.095813142985 nan
3 2043 698.8666076494458 nan
3 2044 699.6381490949257 nan
3 2045 700.4104378522984 nan
3 2046 701.1834742944379 nan
3 2047 701.9572587942178 nan
