#Order, x, y, width
3 0 145.17225955555432 nan
3 1 145.18929690495992 nan
3 2 145.2063552907628 nan
3 3 145.22343498892295 nan
3 4 145.2405362754004 24.0
3 5 145.25765942615513 23.0
3 6 145.2748047171471 25.0
3 7 145.29197242433634 23.0
3 8 145.3091628236828 24.0
3 9 145.32637619114652 23.0
3 10 145.34361280268746 23.0
3 11 145.36087293426561 24.0
3 12 145.37815686184098 24.0
3 13 145.39546486137357 24.0
3 14 145.41279720882332 24.0
3 15 145.43015418015028 24.0
3 16 145.44753605131442 24.0
3 17 145.4649430982757 24.0
3 18 145.48237559699416 24.0
3 19 145.49983382342978 25.0
3 20 145.51731805354254 26.0
3 21 145.53482856329242 24.0
3 22 145.55236562863945 24.0
3 23 145.56992952554359 25.0
3 24 145.58752052996482 24.0
3 25 145.60513891786317 24.0
3 26 145.6227849651986 23.0
3 27 145.64045894793114 25.0
3 28 145.65816114202073 18.0
3 29 145.6758918234274 26.0
3 30 145.69365126811113 25.0
3 31 145.7114397520319 24.0
3 32 145.72925755114971 24.0
3 33 145.74710494142457 22.0
3 34 145.76498219881645 24.0
3 35 145.78288959928534 24.0
3 36 145.80082741879124 25.0
3 37 145.81879593329415 25.0
3 38 145.83679541875406 24.0
3 39 145.85482615113094 24.0
3 40 145.8728884063848 24.0
3 41 145.8909824604756 24.0
3 42 145.9091085893634 23.0
3 43 145.9272670690081 24.0
3 44 145.9454581753698 25.0
3 45 145.96368218440838 24.0
3 46 145.9819393720839 24.0
3 47 146.00023001435633 25.0
3 48 146.0185543871857 24.0
3 49 146.03691276653194 24.0
3 50 146.05530542835507 24.0
3 51 146.0737326486151 24.0
3 52 146.09219470327199 24.0
3 53 146.11069186828576 26.0
3 54 146.12922441961635 24.0
3 55 146.14779263322382 24.0
3 56 146.16639678506812 24.0
3 57 146.18503715110924 24.0
3 58 146.2037140073072 24.0
3 59 146.222427629622 24.0
3 60 146.24117829401357 24.0
3 61 146.25996627644193 24.0
3 62 146.2787918528671 24.0
3 63 146.29765529924904 25.0
3 64 146.31655689154775 24.0
3 65 146.33549690572323 26.0
3 66 146.35447561773546 24.0
3 67 146.37349330354445 24.0
3 68 146.39255023911016 24.0
3 69 146.4116467003926 23.0
3 70 146.4307829633518 24.0
3 71 146.44995930394765 24.0
3 72 146.46917599814026 24.0
3 73 146.48843332188954 24.0
3 74 146.5077315511555 24.0
3 75 146.52707096189818 25.0
3 76 146.54645183007747 24.0
3 77 146.56587443165347 24.0
3 78 146.5853390425861 24.0
3 79 146.60484593883538 24.0
3 80 146.6243953963613 25.0
3 81 146.64398769112387 25.0
3 82 146.66362309908303 25.0
3 83 146.68330189619883 25.0
3 84 146.7030243584312 25.0
3 85 146.72279076174019 24.0
3 86 146.74260138208575 24.0
3 87 146.7624564954279 23.0
3 88 146.78235637772661 24.0
3 89 146.8023013049419 24.0
3 90 146.82229155303372 19.0
3 91 146.8423273979621 24.0
3 92 146.862409115687 24.0
3 93 146.88253698216846 24.0
3 94 146.9027112733664 24.0
3 95 146.92293226524086 25.0
3 96 146.94320023375184 25.0
3 97 146.9635154548593 24.0
3 98 146.98387820452325 24.0
3 99 147.00428875870367 24.0
3 100 147.02474739336057 24.0
3 101 147.04525438445393 24.0
3 102 147.06581000794372 24.0
3 103 147.08641453978998 24.0
3 104 147.10706825595267 24.0
3 105 147.12777143239177 24.0
3 106 147.1485243450673 24.0
3 107 147.16932726993923 24.0
3 108 147.19018048296758 24.0
3 109 147.2110842601123 24.0
3 110 147.2320388773334 24.0
3 111 147.2530446105909 24.0
3 112 147.27410173584474 24.0
3 113 147.29521052905497 24.0
3 114 147.31637126618153 24.0
3 115 147.33758422318442 24.0
3 116 147.35884967602368 25.0
3 117 147.38016790065925 24.0
3 118 147.4015391730511 24.0
3 119 147.4229637691593 20.0
3 120 147.4444419649438 24.0
3 121 147.46597403636457 25.0
3 122 147.48756025938164 24.0
3 123 147.50920090995498 24.0
3 124 147.53089626404457 24.0
3 125 147.55264659761045 25.0
3 126 147.57445218661255 24.0
3 127 147.5963133070109 25.0
3 128 147.61823023476546 24.0
3 129 147.6402032458363 24.0
3 130 147.6622326161833 24.0
3 131 147.68431862176652 24.0
3 132 147.70646153854597 24.0
3 133 147.72866164248157 24.0
3 134 147.75091920953338 24.0
3 135 147.77323451566133 24.0
3 136 147.79560783682547 24.0
3 137 147.81803944898576 24.0
3 138 147.8405296281022 18.0
3 139 147.86307865013478 24.0
3 140 147.8856867910435 24.0
3 141 147.90835432678833 24.0
3 142 147.93108153332926 24.0
3 143 147.95386868662632 24.0
3 144 147.97671606263947 24.0
3 145 147.9996239373287 24.0
3 146 148.022592586654 24.0
3 147 148.0456222865754 24.0
3 148 148.06871331305285 24.0
3 149 148.09186594204635 24.0
3 150 148.11508044951592 26.0
3 151 148.1383571114215 24.0
3 152 148.16169620372312 24.0
3 153 148.18509800238076 24.0
3 154 148.2085627833544 24.0
3 155 148.23209082260405 24.0
3 156 148.25568239608972 24.0
3 157 148.27933777977137 24.0
3 158 148.30305724960897 24.0
3 159 148.32684108156258 24.0
3 160 148.35068955159213 24.0
3 161 148.37460293565763 26.0
3 162 148.39858150971907 23.0
3 163 148.42262554973647 23.0
3 164 148.44673533166977 23.0
3 165 148.47091113147903 24.0
3 166 148.49515322512417 24.0
3 167 148.51946188856522 23.0
3 168 148.54383739776216 24.0
3 169 148.568280028675 23.0
3 170 148.5927900572637 20.0
3 171 148.61736775948827 23.0
3 172 148.6420134113087 24.0
3 173 148.666727288685 24.0
3 174 148.69150966757712 23.0
3 175 148.7163608239451 24.0
3 176 148.7412810337489 24.0
3 177 148.7662705729485 23.0
3 178 148.79132971750394 23.0
3 179 148.81645874337516 24.0
3 180 148.8416579265222 24.0
3 181 148.866927542905 24.0
3 182 148.89226786848357 24.0
3 183 148.9176791792179 23.0
3 184 148.94316175106803 24.0
3 185 148.9687158599939 24.0
3 186 148.99434178195548 24.0
3 187 149.02003979291283 24.0
3 188 149.0458101688259 24.0
3 189 149.07165318565467 24.0
3 190 149.09756911935915 24.0
3 191 149.12355824589935 24.0
3 192 149.14962084123525 24.0
3 193 149.1757571813268 24.0
3 194 149.20196754213404 23.0
3 195 149.22825219961695 19.0
3 196 149.25461142973552 23.0
3 197 149.28104550844972 23.0
3 198 149.30755471171958 19.0
3 199 149.33413931550507 23.0
3 200 149.36079959576617 23.0
3 201 149.38753582846292 23.0
3 202 149.41434828955525 24.0
3 203 149.4412372550032 19.0
3 204 149.46820300076672 18.0
3 205 149.4952458028058 23.0
3 206 149.5223659370805 23.0
3 207 149.54956367955074 23.0
3 208 149.57683930617654 23.0
3 209 149.6041930929179 23.0
3 210 149.6316253157348 23.0
3 211 149.6591362505872 23.0
3 212 149.68672617343518 23.0
3 213 149.71439536023863 23.0
3 214 149.7421440869576 24.0
3 215 149.76997262955206 23.0
3 216 149.79788126398202 24.0
3 217 149.82587026620746 24.0
3 218 149.85393991218837 24.0
3 219 149.88209047788476 24.0
3 220 149.91032223925657 24.0
3 221 149.93863547226385 24.0
3 222 149.96703045286657 18.0
3 223 149.99550745702473 24.0
3 224 150.02406676069828 24.0
3 225 150.05270863984725 24.0
3 226 150.08143337043165 24.0
3 227 150.11024122841144 23.0
3 228 150.1391324897466 23.0
3 229 150.16810743039716 23.0
3 230 150.19716632632307 23.0
3 231 150.22630945348436 18.0
3 232 150.255537087841 19.0
3 233 150.28484950535298 19.0
3 234 150.31424698198032 23.0
3 235 150.34372979368297 19.0
3 236 150.37329821642095 23.0
3 237 150.40295252615422 23.0
3 238 150.4326929988428 23.0
3 239 150.4625199104467 23.0
3 240 150.49243353692586 23.0
3 241 150.52243415424033 23.0
3 242 150.55252203835005 24.0
3 243 150.582697465215 23.0
3 244 150.61296071079525 24.0
3 245 150.64331205105074 23.0
3 246 150.67375176194145 23.0
3 247 150.70428011942738 24.0
3 248 150.73489739946857 23.0
3 249 150.76560387802493 23.0
3 250 150.7963998310565 24.0
3 251 150.82728553452327 24.0
3 252 150.85826126438522 24.0
3 253 150.88932729660235 24.0
3 254 150.92048390713467 20.0
3 255 150.95173137194212 23.0
3 256 150.98306996698474 24.0
3 257 151.01449996822248 24.0
3 258 151.04602165161538 24.0
3 259 151.0776352931234 19.0
3 260 151.10934116870655 23.0
3 261 151.14113955432478 19.0
3 262 151.17303072593813 23.0
3 263 151.20501495950657 23.0
3 264 151.2370925309901 23.0
3 265 151.2692637163487 23.0
3 266 151.30152879154238 23.0
3 267 151.3338880325311 23.0
3 268 151.36634171527487 19.0
3 269 151.3988901157337 23.0
3 270 151.43153350986753 23.0
3 271 151.46427217363643 23.0
3 272 151.49710638300033 23.0
3 273 151.53003641391922 23.0
3 274 151.56306254235312 23.0
3 275 151.59618504426203 23.0
3 276 151.6294041956059 23.0
3 277 151.66272027234476 24.0
3 278 151.6961335504386 24.0
3 279 151.72964430584736 23.0
3 280 151.76325281453109 24.0
3 281 151.79695935244976 24.0
3 282 151.83076419556335 24.0
3 283 151.86466761983186 24.0
3 284 151.8986699012153 24.0
3 285 151.93277131567365 24.0
3 286 151.9669721391669 24.0
3 287 152.00127264765504 24.0
3 288 152.03567311709804 24.0
3 289 152.07017382345595 24.0
3 290 152.10477504268871 24.0
3 291 152.1394770507563 23.0
3 292 152.1742801236188 19.0
3 293 152.20918453723607 23.0
3 294 152.2441905675682 23.0
3 295 152.27929849057517 23.0
3 296 152.31450858221692 23.0
3 297 152.3498211184535 23.0
3 298 152.38523637524486 23.0
3 299 152.42075462855104 23.0
3 300 152.45637615433196 23.0
3 301 152.49210122854768 23.0
3 302 152.52793012715816 23.0
3 303 152.5638631261234 23.0
3 304 152.59990050140337 23.0
3 305 152.6360425289581 23.0
3 306 152.67228948474752 18.0
3 307 152.7086416447317 24.0
3 308 152.74509928487058 24.0
3 309 152.78166268112417 24.0
3 310 152.81833210945246 24.0
3 311 152.8551078458154 24.0
3 312 152.89199016617306 24.0
3 313 152.9289793464854 24.0
3 314 152.96607566271237 24.0
3 315 153.00327939081401 24.0
3 316 153.0405908067503 24.0
3 317 153.0780101864812 24.0
3 318 153.11553780596677 24.0
3 319 153.15317394116693 24.0
3 320 153.1909188680417 24.0
3 321 153.2287728625511 24.0
3 322 153.26673620065506 24.0
3 323 153.30480915831362 23.0
3 324 153.34299201148679 23.0
3 325 153.38128503613447 23.0
3 326 153.41968850821675 23.0
3 327 153.4582027036936 23.0
3 328 153.49682789852494 23.0
3 329 153.53556436867086 23.0
3 330 153.57441239009128 23.0
3 331 153.61337223874625 23.0
3 332 153.6524441905957 24.0
3 333 153.69162852159968 23.0
3 334 153.73092550771813 24.0
3 335 153.77033542491108 24.0
3 336 153.80985854913848 23.0
3 337 153.84949515636038 23.0
3 338 153.88924552253673 23.0
3 339 153.92910992362752 18.0
3 340 153.96908863559275 24.0
3 341 154.00918193439244 24.0
3 342 154.04939009598655 20.0
3 343 154.08971339633507 24.0
3 344 154.130152111398 24.0
3 345 154.17070651713533 24.0
3 346 154.21137688950705 24.0
3 347 154.25216350447315 24.0
3 348 154.29306663799363 24.0
3 349 154.33408656602847 24.0
3 350 154.3752235645377 24.0
3 351 154.41647790948124 24.0
3 352 154.45784987681915 24.0
3 353 154.49933974251138 24.0
3 354 154.54094778251795 24.0
3 355 154.5826742727988 24.0
3 356 154.624519489314 23.0
3 357 154.6664837080235 23.0
3 358 154.70856720488726 24.0
3 359 154.75077025586532 24.0
3 360 154.79309313691763 23.0
3 361 154.83553612400425 24.0
3 362 154.87809949308507 24.0
3 363 154.92078352012018 24.0
3 364 154.96358848106954 24.0
3 365 155.0065146518931 24.0
3 366 155.0495623085509 24.0
3 367 155.09273172700293 24.0
3 368 155.13602318320915 24.0
3 369 155.17943695312954 24.0
3 370 155.22297331272415 24.0
3 371 155.26663253795294 24.0
3 372 155.3104149047759 24.0
3 373 155.35432068915304 24.0
3 374 155.39835016704433 24.0
3 375 155.44250361440976 24.0
3 376 155.48678130720933 25.0
3 377 155.53118352140302 18.0
3 378 155.57571053295084 25.0
3 379 155.62036261781276 24.0
3 380 155.6651400519488 25.0
3 381 155.71004311131895 23.0
3 382 155.75507207188318 25.0
3 383 155.80022720960147 24.0
3 384 155.84550880043386 25.0
3 385 155.8909171203403 24.0
3 386 155.9364524452808 24.0
3 387 155.98211505121535 24.0
3 388 156.02790521410392 24.0
3 389 156.07382320990652 24.0
3 390 156.11986931458316 24.0
3 391 156.16604380409382 24.0
3 392 156.21234695439847 24.0
3 393 156.2587790414571 24.0
3 394 156.30534034122974 24.0
3 395 156.35203112967633 24.0
3 396 156.3988516827569 24.0
3 397 156.44580227643146 24.0
3 398 156.49288318665995 22.0
3 399 156.5400946894024 24.0
3 400 156.58743706061878 23.0
3 401 156.63491057626908 23.0
3 402 156.6825155123133 25.0
3 403 156.73025214471144 24.0
3 404 156.77812074942346 24.0
3 405 156.82612160240942 24.0
3 406 156.87425497962923 24.0
3 407 156.92252115704292 24.0
3 408 156.9709204106105 24.0
3 409 157.01945301629192 24.0
3 410 157.0681192500472 25.0
3 411 157.11691938783633 24.0
3 412 157.16585370561927 24.0
3 413 157.21492247935606 24.0
3 414 157.26412598500667 24.0
3 415 157.3134644985311 24.0
3 416 157.3629382958893 23.0
3 417 157.41254765304132 25.0
3 418 157.4622928459471 24.0
3 419 157.51217415056666 24.0
3 420 157.56219184286002 25.0
3 421 157.6123461987871 23.0
3 422 157.66263749430794 24.0
3 423 157.71306600538253 24.0
3 424 157.76363200797087 24.0
3 425 157.81433577803293 24.0
3 426 157.8651775915287 24.0
3 427 157.91615772441816 24.0
3 428 157.96727645266134 24.0
3 429 158.0185340522182 24.0
3 430 158.06993079904876 26.0
3 431 158.121466969113 24.0
3 432 158.17314283837086 24.0
3 433 158.22495868278241 24.0
3 434 158.27691477830763 23.0
3 435 158.32901140090647 24.0
3 436 158.38124882653895 24.0
3 437 158.43362733116504 24.0
3 438 158.48614719074476 24.0
3 439 158.53880868123807 24.0
3 440 158.591612078605 24.0
3 441 158.64455765880552 23.0
3 442 158.6976456977996 24.0
3 443 158.75087647154726 24.0
3 444 158.80425025600852 24.0
3 445 158.8577673271433 26.0
3 446 158.91142796091162 24.0
3 447 158.9652324332735 24.0
3 448 159.0191810201889 24.0
3 449 159.07327399761786 24.0
3 450 159.1275116415203 24.0
3 451 159.18189422785628 23.0
3 452 159.23642203258572 24.0
3 453 159.29109533166866 24.0
3 454 159.34591440106507 24.0
3 455 159.40087951673496 24.0
3 456 159.45599095463834 24.0
3 457 159.51124899073514 24.0
3 458 159.56665390098541 24.0
3 459 159.6222059613491 25.0
3 460 159.67790544778623 18.0
3 461 159.73375263625678 20.0
3 462 159.78974780272074 19.0
3 463 159.84589122313812 24.0
3 464 159.9021831734689 25.0
3 465 159.95862392967305 24.0
3 466 160.01521376771058 24.0
3 467 160.0719529635415 24.0
3 468 160.12884179312576 25.0
3 469 160.18588053242337 23.0
3 470 160.24306945739434 24.0
3 471 160.30040884399867 26.0
3 472 160.35789896819628 24.0
3 473 160.41554010594726 23.0
3 474 160.4733325332115 25.0
3 475 160.5312765259491 25.0
3 476 160.58937236011997 23.0
3 477 160.6476203116841 24.0
3 478 160.70602065660154 24.0
3 479 160.76457367083225 24.0
3 480 160.8232796303362 24.0
3 481 160.88213881107342 24.0
3 482 160.9411514890039 24.0
3 483 161.0003179400876 26.0
3 484 161.05963844028452 24.0
3 485 161.11911326555466 26.0
3 486 161.17874269185802 26.0
3 487 161.23852699515456 26.0
3 488 161.29846645140432 24.0
3 489 161.35856133656725 26.0
3 490 161.41881192660338 23.0
3 491 161.47921849747266 24.0
3 492 161.5397813251351 26.0
3 493 161.60050068555068 24.0
3 494 161.66137685467942 26.0
3 495 161.7224101084813 24.0
3 496 161.7836007229163 24.0
3 497 161.8449489739444 24.0
3 498 161.90645513752565 23.0
3 499 161.96811948962 24.0
3 500 162.0299423061874 23.0
3 501 162.0919238631879 24.0
3 502 162.15406443658148 23.0
3 503 162.21636430232815 23.0
3 504 162.27882373638784 24.0
3 505 162.3414430147206 23.0
3 506 162.4042224132864 23.0
3 507 162.46716220804524 23.0
3 508 162.5302626749571 26.0
3 509 162.59352408998197 24.0
3 510 162.65694672907986 25.0
3 511 162.72053086821074 23.0
3 512 162.7842767833346 23.0
3 513 162.84818475041146 24.0
3 514 162.9122550454013 24.0
3 515 162.9764879442641 22.0
3 516 163.04088372295985 20.0
3 517 163.10544265744858 24.0
3 518 163.1701650236902 23.0
3 519 163.2350510976448 23.0
3 520 163.3001011552723 24.0
3 521 163.3653154725327 18.0
3 522 163.43069432538604 26.0
3 523 163.49623798979226 24.0
3 524 163.56194674171138 24.0
3 525 163.6278208571034 23.0
3 526 163.69386061192824 25.0
3 527 163.76006628214597 24.0
3 528 163.82643814371656 24.0
3 529 163.8929764726 24.0
3 530 163.95968154475628 24.0
3 531 164.0265536361454 24.0
3 532 164.09359302272733 23.0
3 533 164.16079998046206 24.0
3 534 164.22817478530962 23.0
3 535 164.29571771322998 23.0
3 536 164.36342904018312 23.0
3 537 164.43130904212904 24.0
3 538 164.49935799502774 23.0
3 539 164.5675761748392 23.0
3 540 164.6359638575234 23.0
3 541 164.70452131904034 23.0
3 542 164.77324883535005 24.0
3 543 164.84214668241248 25.0
3 544 164.9112151361876 24.0
3 545 164.98045447263547 24.0
3 546 165.04986496771602 23.0
3 547 165.11944689738928 24.0
3 548 165.18920053761522 24.0
3 549 165.25912616435386 21.0
3 550 165.32922405356516 23.0
3 551 165.3994944812091 24.0
3 552 165.46993772324572 21.0
3 553 165.54055405563497 25.0
3 554 165.61134375433687 23.0
3 555 165.68230709531142 25.0
3 556 165.75344435451854 26.0
3 557 165.8247558079183 23.0
3 558 165.89624173147067 24.0
3 559 165.9679024011356 24.0
3 560 166.03973809287316 23.0
3 561 166.11174908264326 26.0
3 562 166.18393564640596 24.0
3 563 166.2562980601212 22.0
3 564 166.32883659974902 24.0
3 565 166.40155154124935 24.0
3 566 166.47444316058224 25.0
3 567 166.54751173370764 23.0
3 568 166.6207575365856 22.0
3 569 166.69418084517602 24.0
3 570 166.76778193543896 24.0
3 571 166.8415610833344 24.0
3 572 166.9155185648223 26.0
3 573 166.9896546558627 24.0
3 574 167.06396963241556 23.0
3 575 167.13846377044086 22.0
3 576 167.21313734589864 25.0
3 577 167.28799063474887 25.0
3 578 167.36302391295152 25.0
3 579 167.4382374564666 25.0
3 580 167.51363154125409 25.0
3 581 167.589206443274 24.0
3 582 167.6649624384863 26.0
3 583 167.740899802851 24.0
3 584 167.8170188123281 21.0
3 585 167.89331974287754 26.0
3 586 167.96980287045935 23.0
3 587 168.04646847103353 24.0
3 588 168.12331682056006 24.0
3 589 168.20034819499892 23.0
3 590 168.27756287031013 25.0
3 591 168.3549611224537 25.0
3 592 168.43254322738952 22.0
3 593 168.51030946107767 25.0
3 594 168.58826009947813 23.0
3 595 168.66639541855088 25.0
3 596 168.74471569425592 23.0
3 597 168.8232212025532 24.0
3 598 168.9019122194028 26.0
3 599 168.9807890207646 23.0
3 600 169.05985188259868 23.0
3 601 169.13910108086498 24.0
3 602 169.21853689152354 23.0
3 603 169.2981595905343 23.0
3 604 169.3779694538573 22.0
3 605 169.45796675745248 24.0
3 606 169.53815177727986 25.0
3 607 169.61852478929944 23.0
3 608 169.6990860694712 22.0
3 609 169.77983589375515 24.0
3 610 169.86077453811123 23.0
3 611 169.9419022784995 24.0
3 612 170.0232193908799 20.0
3 613 170.10472615121245 24.0
3 614 170.1864228354571 22.0
3 615 170.2683097195739 23.0
3 616 170.35038707952282 23.0
3 617 170.43265519126382 22.0
3 618 170.51511433075694 24.0
3 619 170.59776477396213 20.0
3 620 170.6806067968394 24.0
3 621 170.76364067534877 24.0
3 622 170.84686668545015 24.0
3 623 170.93028510310364 24.0
3 624 171.01389620426914 23.0
3 625 171.09770026490668 25.0
3 626 171.18169756097626 25.0
3 627 171.26588836843788 23.0
3 628 171.35027296325148 25.0
3 629 171.4348516213771 23.0
3 630 171.5196246187747 24.0
3 631 171.60459223140433 24.0
3 632 171.6897547352259 26.0
3 633 171.77511240619944 25.0
3 634 171.86066552028495 25.0
3 635 171.94641435344244 24.0
3 636 172.03235918163185 23.0
3 637 172.11850028081318 25.0
3 638 172.20483792694645 24.0
3 639 172.29137239599166 23.0
3 640 172.37810396390876 26.0
3 641 172.46503290665777 23.0
3 642 172.55215950019866 24.0
3 643 172.63948402049147 25.0
3 644 172.7270067434961 23.0
3 645 172.81472794517265 23.0
3 646 172.90264790148106 23.0
3 647 172.9907668883813 25.0
3 648 173.0790851818334 25.0
3 649 173.16760305779732 23.0
3 650 173.25632079223305 21.0
3 651 173.34523866110064 22.0
3 652 173.43435694036003 24.0
3 653 173.5236759059712 26.0
3 654 173.61319583389417 26.0
3 655 173.70291700008895 25.0
3 656 173.79283968051547 24.0
3 657 173.8829641511338 24.0
3 658 173.97329068790384 24.0
3 659 174.06381956678567 24.0
3 660 174.15455106373923 24.0
3 661 174.2454854547245 26.0
3 662 174.33662301570152 23.0
3 663 174.42796402263025 24.0
3 664 174.5195087514707 18.0
3 665 174.61125747818284 26.0
3 666 174.70321047872667 22.0
3 667 174.79536802906222 25.0
3 668 174.8877304051494 24.0
3 669 174.98029788294826 23.0
3 670 175.07307073841878 26.0
3 671 175.16604924752093 25.0
3 672 175.25923368621474 23.0
3 673 175.35262433046017 23.0
3 674 175.44622145621724 26.0
3 675 175.54002533944595 24.0
3 676 175.6340362561062 26.0
3 677 175.72825448215812 22.0
3 678 175.82268029356158 25.0
3 679 175.91731396627665 23.0
3 680 176.01215577626328 25.0
3 681 176.1072059994815 25.0
3 682 176.20246491189124 25.0
3 683 176.29793278945255 24.0
3 684 176.39360990812537 26.0
3 685 176.48949654386976 23.0
3 686 176.58559297264566 26.0
3 687 176.68189947041307 24.0
3 688 176.778416313132 23.0
3 689 176.8751437767624 24.0
3 690 176.97208213726432 26.0
3 691 177.0692316705977 19.0
3 692 177.16659265272256 23.0
3 693 177.26416535959888 25.0
3 694 177.36195006718665 23.0
3 695 177.45994705144588 24.0
3 696 177.55815658833654 24.0
3 697 177.65657895381864 25.0
3 698 177.75521442385218 25.0
3 699 177.8540632743971 25.0
3 700 177.95312578141343 nan
3 701 178.05240222086115 nan
3 702 178.1518928687003 nan
3 703 178.2515980008908 nan
3 704 178.35151789339264 nan
3 705 178.4516528221659 nan
3 706 178.55200306317047 nan
3 707 178.6525688923664 nan
3 708 178.75335058571366 nan
3 709 178.85434841917225 nan
3 710 178.95556266870219 nan
3 711 179.05699361026342 nan
3 712 179.15864151981594 nan
3 713 179.26050667331978 nan
3 714 179.3625893467349 nan
3 715 179.4648898160213 nan
3 716 179.56740835713896 nan
3 717 179.6701452460479 nan
3 718 179.77310075870807 nan
3 719 179.8762751710795 nan
3 720 179.97966875912215 nan
3 721 180.08328179879604 nan
3 722 180.18711456606115 nan
3 723 180.29116733687746 nan
3 724 180.39544038720499 nan
3 725 180.4999339930037 nan
3 726 180.6046484302336 nan
3 727 180.70958397485467 nan
3 728 180.8147409028269 nan
3 729 180.92011949011032 nan
3 730 181.02572001266486 nan
3 731 181.13154274645058 nan
3 732 181.2375879674274 nan
3 733 181.34385595155538 nan
3 734 181.45034697479446 nan
3 735 181.55706131310464 nan
3 736 181.66399924244593 nan
3 737 181.7711610387783 nan
3 738 181.87854697806176 nan
3 739 181.98615733625633 nan
3 740 182.09399238932193 nan
3 741 182.20205241321858 nan
3 742 182.3103376839063 nan
3 743 182.41884847734508 nan
3 744 182.52758506949488 nan
3 745 182.6365477363157 nan
3 746 182.74573675376752 nan
3 747 182.85515239781037 nan
3 748 182.96479494440422 nan
3 749 183.07466466950905 nan
3 750 183.18476184908485 nan
3 751 183.29508675909165 nan
3 752 183.40563967548943 nan
3 753 183.51642087423812 nan
3 754 183.62743063129778 nan
3 755 183.7386692226284 nan
3 756 183.85013692418994 nan
3 757 183.96183401194241 nan
3 758 184.0737607618458 nan
3 759 184.18591744986006 nan
3 760 184.29830435194526 nan
3 761 184.4109217440613 nan
3 762 184.52376990216828 nan
3 763 184.6368491022261 nan
3 764 184.75015962019478 nan
3 765 184.86370173203434 nan
3 766 184.97747571370473 nan
3 767 185.09148184116597 nan
3 768 185.20572039037805 nan
3 769 185.32019163730092 nan
3 770 185.43489585789465 nan
3 771 185.54983332811915 nan
3 772 185.66500432393445 nan
3 773 185.78040912130055 nan
3 774 185.89604799617743 nan
3 775 186.01192122452508 nan
3 776 186.1280290823035 nan
3 777 186.24437184547264 nan
3 778 186.36094978999256 nan
3 779 186.47776319182321 nan
3 780 186.5948123269246 nan
3 781 186.7120974712567 nan
3 782 186.8296189007795 nan
3 783 186.94737689145305 nan
3 784 187.06537171923725 nan
3 785 187.18360366009216 nan
3 786 187.30207298997775 nan
3 787 187.420779984854 nan
3 788 187.5397249206809 nan
3 789 187.65890807341847 nan
3 790 187.7783297190267 nan
3 791 187.89799013346556 nan
3 792 188.017889592695 nan
3 793 188.13802837267514 nan
3 794 188.25840674936583 nan
3 795 188.37902499872715 nan
3 796 188.49988339671907 nan
3 797 188.62098221930154 nan
3 798 188.74232174243463 nan
3 799 188.86390224207827 nan
3 800 188.98572399419248 nan
3 801 189.10778727473723 nan
3 802 189.23009235967254 nan
3 803 189.35263952495836 nan
3 804 189.47542904655472 nan
3 805 189.5984612004216 nan
3 806 189.72173626251902 nan
3 807 189.8452545088069 nan
3 808 189.9690162152453 nan
3 809 190.09302165779417 nan
3 810 190.2172711124135 nan
3 811 190.34176485506333 nan
3 812 190.4665031617036 nan
3 813 190.59148630829432 nan
3 814 190.7167145707955 nan
3 815 190.8421882251671 nan
3 816 190.96790754736912 nan
3 817 191.0938728133616 nan
3 818 191.22008429910443 nan
3 819 191.3465422805577 nan
3 820 191.47324703368136 nan
3 821 191.6001988344354 nan
3 822 191.7273979587798 nan
3 823 191.85484468267458 nan
3 824 191.9825392820797 nan
3 825 192.1104820329552 nan
3 826 192.23867321126102 nan
3 827 192.36711309295717 nan
3 828 192.49580195400367 nan
3 829 192.62474007036047 nan
3 830 192.75392771798758 nan
3 831 192.88336517284498 nan
3 832 193.01305271089268 nan
3 833 193.14299060809066 nan
3 834 193.2731791403989 nan
3 835 193.40361858377742 nan
3 836 193.5343092141862 nan
3 837 193.66525130758524 nan
3 838 193.7964451399345 nan
3 839 193.927890987194 nan
3 840 194.05958912532373 nan
3 841 194.19153983028366 nan
3 842 194.32374337803378 nan
3 843 194.45620004453414 nan
3 844 194.58891010574467 nan
3 845 194.72187383762537 nan
3 846 194.85509151613627 nan
3 847 194.98856341723732 nan
3 848 195.12228981688853 nan
3 849 195.25627099104986 nan
3 850 195.39050721568137 nan
3 851 195.52499876674298 nan
3 852 195.65974592019472 nan
3 853 195.7947489519966 nan
3 854 195.93000813810855 nan
3 855 196.0655237544906 nan
3 856 196.20129607710277 nan
3 857 196.33732538190498 nan
3 858 196.47361194485728 nan
3 859 196.61015604191965 nan
3 860 196.74695794905207 nan
3 861 196.88401794221454 nan
3 862 197.02133629736704 nan
3 863 197.15891329046957 nan
3 864 197.29674919748211 nan
3 865 197.43484429436467 nan
3 866 197.57319885707724 nan
3 867 197.7118131615798 nan
3 868 197.85068748383236 nan
3 869 197.98982209979488 nan
3 870 198.1292172854274 nan
3 871 198.26887331668985 nan
3 872 198.40879046954225 nan
3 873 198.54896901994462 nan
3 874 198.68940924385691 nan
3 875 198.83011141723915 nan
3 876 198.97107581605127 nan
3 877 199.11230271625334 nan
3 878 199.2537923938053 nan
3 879 199.39554512466714 nan
3 880 199.53756118479888 nan
3 881 199.6798408501605 nan
3 882 199.82238439671198 nan
3 883 199.96519210041333 nan
3 884 200.10826423722452 nan
3 885 200.25160108310556 nan
3 886 200.3952029140164 nan
3 887 200.53907000591713 nan
3 888 200.68320263476764 nan
3 889 200.82760107652797 nan
3 890 200.9722656071581 nan
3 891 201.11719650261804 nan
3 892 201.26239403886774 nan
3 893 201.40785849186722 nan
3 894 201.55359013757646 nan
3 895 201.6995892519555 nan
3 896 201.84585611096423 nan
3 897 201.99239099056277 nan
3 898 202.13919416671098 nan
3 899 202.28626591536897 nan
3 900 202.43360651249665 nan
3 901 202.581216234054 nan
3 902 202.72909535600112 nan
3 903 202.8772441542979 nan
3 904 203.02566290490438 nan
3 905 203.1743518837805 nan
3 906 203.32331136688632 nan
3 907 203.47254163018178 nan
3 908 203.6220429496269 nan
3 909 203.77181560118163 nan
3 910 203.92185986080602 nan
3 911 204.07217600446003 nan
3 912 204.22276430810365 nan
3 913 204.37362504769692 nan
3 914 204.52475849919972 nan
3 915 204.67616493857216 nan
3 916 204.82784464177416 nan
3 917 204.97979788476573 nan
3 918 205.1320249435069 nan
3 919 205.2845260939576 nan
3 920 205.43730161207785 nan
3 921 205.59035177382762 nan
3 922 205.74367685516694 nan
3 923 205.8972771320558 nan
3 924 206.05115288045414 nan
3 925 206.20530437632203 nan
3 926 206.35973189561938 nan
3 927 206.51443571430622 nan
3 928 206.66941610834255 nan
3 929 206.82467335368835 nan
3 930 206.98020772630363 nan
3 931 207.13601950214837 nan
3 932 207.29210895718253 nan
3 933 207.44847636736614 nan
3 934 207.60512200865918 nan
3 935 207.76204615702164 nan
3 936 207.91924908841352 nan
3 937 208.07673107879478 nan
3 938 208.23449240412546 nan
3 939 208.3925333403655 nan
3 940 208.55085416347495 nan
3 941 208.70945514941377 nan
3 942 208.86833657414195 nan
3 943 209.02749871361948 nan
3 944 209.18694184380635 nan
3 945 209.34666624066256 nan
3 946 209.50667218014812 nan
3 947 209.666959938223 nan
3 948 209.82752979084717 nan
3 949 209.98838201398064 nan
3 950 210.14951688358337 nan
3 951 210.31093467561544 nan
3 952 210.4726356660368 nan
3 953 210.63462013080738 nan
3 954 210.79688834588728 nan
3 955 210.95944058723637 nan
3 956 211.12227713081478 nan
3 957 211.28539825258235 nan
3 958 211.44880422849917 nan
3 959 211.61249533452525 nan
3 960 211.7764718466205 nan
3 961 211.94073404074499 nan
3 962 212.10528219285862 nan
3 963 212.27011657892146 nan
3 964 212.43523747489348 nan
3 965 212.60064515673469 nan
3 966 212.766339900405 nan
3 967 212.9323219818645 nan
3 968 213.09859167707313 nan
3 969 213.26514926199093 nan
3 970 213.43199501257783 nan
3 971 213.59912920479383 nan
3 972 213.766552114599 nan
3 973 213.93426401795318 nan
3 974 214.10226519081652 nan
3 975 214.27055590914892 nan
3 976 214.4391364489104 nan
3 977 214.60800708606095 nan
3 978 214.77716809656056 nan
3 979 214.94661975636922 nan
3 980 215.11636234144692 nan
3 981 215.28639612775368 nan
3 982 215.4567213912494 nan
3 983 215.6273384078942 nan
3 984 215.79824745364797 nan
3 985 215.96944880447077 nan
3 986 216.14094273632253 nan
3 987 216.31272952516332 nan
3 988 216.48480944695302 nan
3 989 216.6571827776517 nan
3 990 216.8298497932194 nan
3 991 217.002810769616 nan
3 992 217.17606598280153 nan
3 993 217.349615708736 nan
3 994 217.5234602233794 nan
3 995 217.69759980269174 nan
3 996 217.87203472263297 nan
3 997 218.04676525916307 nan
3 998 218.2217916882421 nan
3 999 218.39711428582996 nan
3 1000 218.57273332788674 nan
3 1001 218.7486490903724 nan
3 1002 218.92486184924684 nan
3 1003 219.1013718804702 nan
3 1004 219.27817946000238 nan
3 1005 219.4552848638034 nan
3 1006 219.63268836783323 nan
3 1007 219.81039024805185 nan
3 1008 219.9883907804193 nan
3 1009 220.16669024089555 nan
3 1010 220.34528890544058 nan
3 1011 220.5241870500144 nan
3 1012 220.70338495057698 nan
3 1013 220.8828828830883 nan
3 1014 221.0626811235084 nan
3 1015 221.2427799477973 nan
3 1016 221.42317963191488 nan
3 1017 221.60388045182117 nan
3 1018 221.7848826834762 nan
3 1019 221.96618660283997 nan
3 1020 222.14779248587246 nan
3 1021 222.32970060853359 nan
3 1022 222.51191124678343 nan
3 1023 222.69442467658195 nan
3 1024 222.87724117388913 nan
3 1025 223.06036101466498 nan
3 1026 223.2437844748695 nan
3 1027 223.42751183046263 nan
3 1028 223.6115433574044 nan
3 1029 223.79587933165485 nan
3 1030 223.98052002917387 nan
3 1031 224.16546572592154 nan
3 1032 224.35071669785776 nan
3 1033 224.5362732209426 nan
3 1034 224.72213557113605 nan
3 1035 224.90830402439806 nan
3 1036 225.09477885668866 nan
3 1037 225.28156034396778 nan
3 1038 225.46864876219547 nan
3 1039 225.6560443873317 nan
3 1040 225.84374749533646 nan
3 1041 226.03175836216977 nan
3 1042 226.2200772637916 nan
3 1043 226.40870447616192 nan
3 1044 226.59764027524074 nan
3 1045 226.78688493698806 nan
3 1046 226.97643873736388 nan
3 1047 227.16630195232815 nan
3 1048 227.3564748578409 nan
3 1049 227.54695772986213 nan
3 1050 227.7377508443518 nan
3 1051 227.92885447726988 nan
3 1052 228.12026890457645 nan
3 1053 228.3119944022314 nan
3 1054 228.50403124619476 nan
3 1055 228.69637971242656 nan
3 1056 228.88904007688677 nan
3 1057 229.08201261553535 nan
3 1058 229.2752976043323 nan
3 1059 229.46889531923765 nan
3 1060 229.66280603621135 nan
3 1061 229.8570300312134 nan
3 1062 230.05156758020385 nan
3 1063 230.2464189591426 nan
3 1064 230.4415844439897 nan
3 1065 230.6370643107051 nan
3 1066 230.83285883524883 nan
3 1067 231.02896829358087 nan
3 1068 231.2253929616612 nan
3 1069 231.42213311544987 nan
3 1070 231.6191890309068 nan
3 1071 231.81656098399196 nan
3 1072 232.01424925066542 nan
3 1073 232.21225410688714 nan
3 1074 232.41057582861708 nan
3 1075 232.60921469181528 nan
3 1076 232.8081709724417 nan
3 1077 233.00744494645636 nan
3 1078 233.20703688981922 nan
3 1079 233.4069470784903 nan
3 1080 233.60717578842957 nan
3 1081 233.80772329559704 nan
3 1082 234.00858987595268 nan
3 1083 234.2097758054565 nan
3 1084 234.41128136006847 nan
3 1085 234.6131068157486 nan
3 1086 234.8152524484569 nan
3 1087 235.01771853415332 nan
3 1088 235.22050534879787 nan
3 1089 235.42361316835056 nan
3 1090 235.62704226877133 nan
3 1091 235.83079292602025 nan
3 1092 236.03486541605722 nan
3 1093 236.23926001484233 nan
3 1094 236.44397699833547 nan
3 1095 236.6490166424967 nan
3 1096 236.85437922328597 nan
3 1097 237.06006501666332 nan
3 1098 237.26607429858873 nan
3 1099 237.47240734502213 nan
3 1100 237.67906443192362 nan
3 1101 237.8860458352531 nan
3 1102 238.09335183097056 nan
3 1103 238.3009826950361 nan
3 1104 238.50893870340957 nan
3 1105 238.71722013205107 nan
3 1106 238.9258272569205 nan
3 1107 239.13476035397792 nan
3 1108 239.34401969918332 nan
3 1109 239.55360556849666 nan
3 1110 239.76351823787797 nan
3 1111 239.9737579832872 nan
3 1112 240.18432508068435 nan
3 1113 240.39521980602942 nan
3 1114 240.6064424352824 nan
3 1115 240.81799324440328 nan
3 1116 241.02987250935206 nan
3 1117 241.2420805060887 nan
3 1118 241.45461751057326 nan
3 1119 241.6674837987657 nan
3 1120 241.88067964662594 nan
3 1121 242.09420533011405 nan
3 1122 242.30806112519002 nan
3 1123 242.52224730781387 nan
3 1124 242.7367641539455 nan
3 1125 242.95161193954493 nan
3 1126 243.16679094057218 nan
3 1127 243.38230143298722 nan
3 1128 243.59814369275009 nan
3 1129 243.81431799582072 nan
3 1130 244.03082461815916 nan
3 1131 244.24766383572532 nan
3 1132 244.46483592447925 nan
3 1133 244.68234116038093 nan
3 1134 244.90017981939036 nan
3 1135 245.11835217746753 nan
3 1136 245.33685851057243 nan
3 1137 245.55569909466504 nan
3 1138 245.77487420570534 nan
3 1139 245.99438411965338 nan
3 1140 246.21422911246907 nan
3 1141 246.43440946011248 nan
3 1142 246.65492543854353 nan
3 1143 246.87577732372228 nan
3 1144 247.09696539160868 nan
3 1145 247.3184899181627 nan
3 1146 247.54035117934438 nan
3 1147 247.76254945111367 nan
3 1148 247.98508500943063 nan
3 1149 248.20795813025518 nan
3 1150 248.43116908954732 nan
3 1151 248.6547181632671 nan
3 1152 248.87860562737444 nan
3 1153 249.10283175782936 nan
3 1154 249.32739683059188 nan
3 1155 249.55230112162195 nan
3 1156 249.7775449068796 nan
3 1157 250.00312846232475 nan
3 1158 250.22905206391746 nan
3 1159 250.45531598761772 nan
3 1160 250.68192050938546 nan
3 1161 250.9088659051808 nan
3 1162 251.13615245096355 nan
3 1163 251.36378042269385 nan
3 1164 251.59175009633162 nan
3 1165 251.82006174783686 nan
3 1166 252.0487156531696 nan
3 1167 252.27771208828977 nan
3 1168 252.50705132915743 nan
3 1169 252.73673365173255 nan
3 1170 252.96675933197508 nan
3 1171 253.19712864584503 nan
3 1172 253.4278418693024 nan
3 1173 253.65889927830722 nan
3 1174 253.89030114881942 nan
3 1175 254.12204775679902 nan
3 1176 254.354139378206 nan
3 1177 254.58657628900036 nan
3 1178 254.8193587651421 nan
3 1179 255.0524870825912 nan
3 1180 255.28596151730764 nan
3 1181 255.51978234525146 nan
3 1182 255.7539498423826 nan
3 1183 255.98846428466106 nan
3 1184 256.22332594804686 nan
3 1185 256.4585351084999 nan
3 1186 256.6940920419803 nan
3 1187 256.929997024448 nan
3 1188 257.166250331863 nan
3 1189 257.40285224018527 nan
3 1190 257.6398030253748 nan
3 1191 257.8771029633916 nan
3 1192 258.11475233019564 nan
3 1193 258.3527514017469 nan
3 1194 258.5911004540054 nan
3 1195 258.8297997629312 nan
3 1196 259.06884960448417 nan
3 1197 259.30825025462434 nan
3 1198 259.54800198931173 nan
3 1199 259.7881050845063 nan
3 1200 260.02855981616807 nan
3 1201 260.269366460257 nan
3 1202 260.5105252927331 nan
3 1203 260.7520365895564 nan
3 1204 260.9939006266868 nan
3 1205 261.23611768008436 nan
3 1206 261.47868802570906 nan
3 1207 261.72161193952087 nan
3 1208 261.96488969747986 nan
3 1209 262.2085215755459 nan
3 1210 262.452507849679 nan
3 1211 262.6968487958393 nan
3 1212 262.9415446899866 nan
3 1213 263.186595808081 nan
3 1214 263.4320024260825 nan
3 1215 263.677764819951 nan
3 1216 263.92388326564657 nan
3 1217 264.1703580391292 nan
3 1218 264.41718941635884 nan
3 1219 264.6643776732955 nan
3 1220 264.9119230858992 nan
3 1221 265.15982593012995 nan
3 1222 265.40808648194763 nan
3 1223 265.65670501731233 nan
3 1224 265.905681812184 nan
3 1225 266.15501714252264 nan
3 1226 266.4047112842883 nan
3 1227 266.65476451344085 nan
3 1228 266.90517710594037 nan
3 1229 267.15594933774685 nan
3 1230 267.4070814848202 nan
3 1231 267.65857382312055 nan
3 1232 267.91042662860775 nan
3 1233 268.16264017724194 nan
3 1234 268.41521474498296 nan
3 1235 268.6681506077909 nan
3 1236 268.9214480416257 nan
3 1237 269.1751073224474 nan
3 1238 269.42912872621594 nan
3 1239 269.68351252889136 nan
3 1240 269.9382590064336 nan
3 1241 270.19336843480266 nan
3 1242 270.44884108995865 nan
3 1243 270.70467724786135 nan
3 1244 270.9608771844709 nan
3 1245 271.2174411757473 nan
3 1246 271.47436949765046 nan
3 1247 271.7316624261404 nan
3 1248 271.98932023717714 nan
3 1249 272.24734320672064 nan
3 1250 272.5057316107309 nan
3 1251 272.7644857251679 nan
3 1252 273.0236058259917 nan
3 1253 273.2830921891622 nan
3 1254 273.5429450906394 nan
3 1255 273.8031648063834 nan
3 1256 274.06375161235405 nan
3 1257 274.3247057845114 nan
3 1258 274.58602759881546 nan
3 1259 274.84771733122625 nan
3 1260 275.1097752577037 nan
3 1261 275.3722016542078 nan
3 1262 275.63499679669854 nan
3 1263 275.898160961136 nan
3 1264 276.16169442348 nan
3 1265 276.4255974596907 nan
3 1266 276.6898703457281 nan
3 1267 276.95451335755206 nan
3 1268 277.2195267711226 nan
3 1269 277.4849108623997 nan
3 1270 277.75066590734355 nan
3 1271 278.01679218191384 nan
3 1272 278.28328996207074 nan
3 1273 278.55015952377425 nan
3 1274 278.81740114298435 nan
3 1275 279.08501509566094 nan
3 1276 279.35300165776414 nan
3 1277 279.62136110525375 nan
3 1278 279.89009371408997 nan
3 1279 280.1591997602327 nan
3 1280 280.42867951964195 nan
3 1281 280.69853326827774 nan
3 1282 280.9687612821 nan
3 1283 281.23936383706865 nan
3 1284 281.51034120914386 nan
3 1285 281.7816936742855 nan
3 1286 282.05342150845365 nan
3 1287 282.3255249876082 nan
3 1288 282.59800438770924 nan
3 1289 282.87085998471673 nan
3 1290 283.1440920545906 nan
3 1291 283.41770087329087 nan
3 1292 283.69168671677755 nan
3 1293 283.9660498610107 nan
3 1294 284.2407905819502 nan
3 1295 284.5159091555561 nan
3 1296 284.7914058577883 nan
3 1297 285.06728096460694 nan
3 1298 285.3435347519719 nan
3 1299 285.62016749584325 nan
3 1300 285.89717947218094 nan
3 1301 286.17457095694493 nan
3 1302 286.45234222609525 nan
3 1303 286.7304935555919 nan
3 1304 287.00902522139484 nan
3 1305 287.2879374994641 nan
3 1306 287.56723066575967 nan
3 1307 287.8469049962415 nan
3 1308 288.1269607668696 nan
3 1309 288.4073982536039 nan
3 1310 288.68821773240455 nan
3 1311 288.9694194792314 nan
3 1312 289.2510037700446 nan
3 1313 289.5329708808039 nan
3 1314 289.81532108746944 nan
3 1315 290.09805466600125 nan
3 1316 290.38117189235925 nan
3 1317 290.6646730425034 nan
3 1318 290.9485583923938 nan
3 1319 291.23282821799035 nan
3 1320 291.51748279525304 nan
3 1321 291.8025224001419 nan
3 1322 292.087947308617 nan
3 1323 292.3737577966382 nan
3 1324 292.6599541401655 nan
3 1325 292.946536615159 nan
3 1326 293.23350549757856 nan
3 1327 293.52086106338425 nan
3 1328 293.8086035885361 nan
3 1329 294.096733348994 nan
3 1330 294.38525062071795 nan
3 1331 294.67415567966805 nan
3 1332 294.9634488018042 nan
3 1333 295.2531302630864 nan
3 1334 295.54320033947465 nan
3 1335 295.8336593069289 nan
3 1336 296.12450744140926 nan
3 1337 296.41574501887567 nan
3 1338 296.70737231528807 nan
3 1339 296.9993896066064 nan
3 1340 297.2917971687909 nan
3 1341 297.5845952778012 nan
3 1342 297.8777842095976 nan
3 1343 298.17136424014 nan
3 1344 298.46533564538834 nan
3 1345 298.7596987013027 nan
3 1346 299.0544536838429 nan
3 1347 299.3496008689691 nan
3 1348 299.6451405326412 nan
3 1349 299.94107295081926 nan
3 1350 300.23739839946325 nan
3 1351 300.5341171545332 nan
3 1352 300.83122949198895 nan
3 1353 301.12873568779065 nan
3 1354 301.4266360178982 nan
3 1355 301.7249307582716 nan
3 1356 302.023620184871 nan
3 1357 302.32270457365615 nan
3 1358 302.6221842005872 nan
3 1359 302.9220593416241 nan
3 1360 303.2223302727268 nan
3 1361 303.5229972698553 nan
3 1362 303.82406060896966 nan
3 1363 304.1255205660298 nan
3 1364 304.4273774169958 nan
3 1365 304.7296314378276 nan
3 1366 305.0322829044851 nan
3 1367 305.3353320929284 nan
3 1368 305.6387792791175 nan
3 1369 305.94262473901233 nan
3 1370 306.246868748573 nan
3 1371 306.5515115837593 nan
3 1372 306.8565535205314 nan
3 1373 307.16199483484917 nan
3 1374 307.46783580267265 nan
3 1375 307.7740766999619 nan
3 1376 308.0807178026768 nan
3 1377 308.3877593867775 nan
3 1378 308.69520172822376 nan
3 1379 309.00304510297576 nan
3 1380 309.31128978699337 nan
3 1381 309.6199360562366 nan
3 1382 309.92898418666556 nan
3 1383 310.2384344542402 nan
3 1384 310.54828713492043 nan
3 1385 310.8585425046663 nan
3 1386 311.16920083943774 nan
3 1387 311.4802624151947 nan
3 1388 311.7917275078974 nan
3 1389 312.10359639350565 nan
3 1390 312.41586934797954 nan
3 1391 312.7285466472789 nan
3 1392 313.0416285673639 nan
3 1393 313.35511538419445 nan
3 1394 313.6690073737305 nan
3 1395 313.98330481193216 nan
3 1396 314.2980079747593 nan
3 1397 314.61311713817196 nan
3 1398 314.9286325781302 nan
3 1399 315.2445545705939 nan
3 1400 315.560883391523 nan
3 1401 315.8776193168777 nan
3 1402 316.1947626226179 nan
3 1403 316.5123135847035 nan
3 1404 316.83027247909456 nan
3 1405 317.1486395817511 nan
3 1406 317.4674151686331 nan
3 1407 317.7865995157006 nan
3 1408 318.10619289891343 nan
3 1409 318.42619559423173 nan
3 1410 318.7466078776155 nan
3 1411 319.0674300250246 nan
3 1412 319.38866231241906 nan
3 1413 319.7103050157589 nan
3 1414 320.03235841100417 nan
3 1415 320.35482277411484 nan
3 1416 320.67769838105085 nan
3 1417 321.0009855077722 nan
3 1418 321.3246844302389 nan
3 1419 321.648795424411 nan
3 1420 321.9733187662483 nan
3 1421 322.298254731711 nan
3 1422 322.623603596759 nan
3 1423 322.9493656373523 nan
3 1424 323.2755411294509 nan
3 1425 323.60213034901483 nan
3 1426 323.92913357200393 nan
3 1427 324.2565510743783 nan
3 1428 324.5843831320981 nan
3 1429 324.91263002112305 nan
3 1430 325.24129201741323 nan
3 1431 325.57036939692864 nan
3 1432 325.8998624356293 nan
3 1433 326.2297714094751 nan
3 1434 326.5600965944262 nan
3 1435 326.8908382664425 nan
3 1436 327.22199670148404 nan
3 1437 327.5535721755107 nan
3 1438 327.8855649644825 nan
3 1439 328.2179753443595 nan
3 1440 328.5508035911016 nan
3 1441 328.88404998066903 nan
3 1442 329.21771478902144 nan
3 1443 329.5517982921191 nan
3 1444 329.8863007659218 nan
3 1445 330.2212224863896 nan
3 1446 330.55656372948255 nan
3 1447 330.8923247711606 nan
3 1448 331.2285058873838 nan
3 1449 331.565107354112 nan
3 1450 331.90212944730536 nan
3 1451 332.23957244292365 nan
3 1452 332.5774366169271 nan
3 1453 332.91572224527556 nan
3 1454 333.25442960392905 nan
3 1455 333.5935589688477 nan
3 1456 333.93311061599127 nan
3 1457 334.27308482131986 nan
3 1458 334.61348186079346 nan
3 1459 334.95430201037203 nan
3 1460 335.29554554601555 nan
3 1461 335.63721274368413 nan
3 1462 335.97930387933775 nan
3 1463 336.3218192289363 nan
3 1464 336.6647590684397 nan
3 1465 337.0081236738081 nan
3 1466 337.35191332100146 nan
3 1467 337.6961282859798 nan
3 1468 338.04076884470305 nan
3 1469 338.3858352731312 nan
3 1470 338.7313278472242 nan
3 1471 339.07724684294215 nan
3 1472 339.42359253624494 nan
3 1473 339.77036520309264 nan
3 1474 340.1175651194452 nan
3 1475 340.4651925612627 nan
3 1476 340.813247804505 nan
3 1477 341.1617311251322 nan
3 1478 341.5106427991042 nan
3 1479 341.85998310238097 nan
3 1480 342.20975231092257 nan
3 1481 342.5599507006891 nan
3 1482 342.91057854764034 nan
3 1483 343.26163612773644 nan
3 1484 343.61312371693725 nan
3 1485 343.96504159120286 nan
3 1486 344.3173900264933 nan
3 1487 344.6701692987684 nan
3 1488 345.02337968398837 nan
3 1489 345.377021458113 nan
3 1490 345.7310948971025 nan
3 1491 346.0856002769166 nan
3 1492 346.4405378735154 nan
3 1493 346.79590796285896 nan
3 1494 347.1517108209073 nan
3 1495 347.5079467236202 nan
3 1496 347.8646159469579 nan
3 1497 348.2217187668802 nan
3 1498 348.5792554593471 nan
3 1499 348.93722630031886 nan
3 1500 349.2956315657552 nan
3 1501 349.6544715316161 nan
3 1502 350.0137464738617 nan
3 1503 350.373456668452 nan
3 1504 350.73360239134684 nan
3 1505 351.09418391850625 nan
3 1506 351.4552015258903 nan
3 1507 351.816655489459 nan
3 1508 352.17854608517223 nan
3 1509 352.54087358899005 nan
3 1510 352.9036382768724 nan
3 1511 353.26684042477933 nan
3 1512 353.6304803086708 nan
3 1513 353.9945582045069 nan
3 1514 354.3590743882475 nan
3 1515 354.7240291358526 nan
3 1516 355.08942272328227 nan
3 1517 355.45525542649636 nan
3 1518 355.821527521455 nan
3 1519 356.18823928411814 nan
3 1520 356.55539099044574 nan
3 1521 356.92298291639787 nan
3 1522 357.2910153379344 nan
3 1523 357.6594885310154 nan
3 1524 358.0284027716009 nan
3 1525 358.3977583356508 nan
3 1526 358.76755549912514 nan
3 1527 359.13779453798395 nan
3 1528 359.50847572818714 nan
3 1529 359.8795993456947 nan
3 1530 360.25116566646676 nan
3 1531 360.62317496646307 nan
3 1532 360.9956275216439 nan
3 1533 361.368523607969 nan
3 1534 361.7418635013986 nan
3 1535 362.1156474778924 nan
3 1536 362.48987581341066 nan
3 1537 362.86454878391316 nan
3 1538 363.2396666653601 nan
3 1539 363.6152297337113 nan
3 1540 363.9912382649269 nan
3 1541 364.36769253496675 nan
3 1542 364.7445928197909 nan
3 1543 365.1219393953593 nan
3 1544 365.499732537632 nan
3 1545 365.877972522569 nan
3 1546 366.2566596261303 nan
3 1547 366.6357941242758 nan
3 1548 367.0153762929656 nan
3 1549 367.3954064081596 nan
3 1550 367.77588474581773 nan
3 1551 368.15681158190023 nan
3 1552 368.5381871923669 nan
3 1553 368.92001185317775 nan
3 1554 369.3022858402928 nan
3 1555 369.68500942967216 nan
3 1556 370.0681828972756 nan
3 1557 370.45180651906315 nan
3 1558 370.83588057099496 nan
3 1559 371.2204053290309 nan
3 1560 371.605381069131 nan
3 1561 371.9908080672552 nan
3 1562 372.37668659936355 nan
3 1563 372.763016941416 nan
3 1564 373.1497993693726 nan
3 1565 373.53703415919335 nan
3 1566 373.92472158683813 nan
3 1567 374.312861928267 nan
3 1568 374.70145545943996 nan
3 1569 375.09050245631704 nan
3 1570 375.480003194858 nan
3 1571 375.86995795102325 nan
3 1572 376.2603670007724 nan
3 1573 376.6512306200657 nan
3 1574 377.0425490848629 nan
3 1575 377.4343226711242 nan
3 1576 377.82655165480946 nan
3 1577 378.2192363118787 nan
3 1578 378.61237691829206 nan
3 1579 379.00597375000933 nan
3 1580 379.4000270829906 nan
3 1581 379.7945371931959 nan
3 1582 380.1895043565851 nan
3 1583 380.5849288491181 nan
3 1584 380.98081094675524 nan
3 1585 381.37715092545625 nan
3 1586 381.77394906118127 nan
3 1587 382.1712056298901 nan
3 1588 382.56892090754286 nan
3 1589 382.9670951700996 nan
3 1590 383.36572869352005 nan
3 1591 383.7648217537645 nan
3 1592 384.1643746267929 nan
3 1593 384.5643875885651 nan
3 1594 384.9648609150412 nan
3 1595 385.36579488218115 nan
3 1596 385.76718976594486 nan
3 1597 386.16904584229246 nan
3 1598 386.5713633871839 nan
3 1599 386.97414267657916 nan
3 1600 387.3773839864382 nan
3 1601 387.78108759272106 nan
3 1602 388.1852537713877 nan
3 1603 388.5898827983981 nan
3 1604 388.9949749497123 nan
3 1605 389.4005305012903 nan
3 1606 389.806549729092 nan
3 1607 390.2130329090775 nan
3 1608 390.6199803172068 nan
3 1609 391.02739222943967 nan
3 1610 391.43526892173634 nan
3 1611 391.84361067005676 nan
3 1612 392.2524177503609 nan
3 1613 392.66169043860873 nan
3 1614 393.0714290107602 nan
3 1615 393.48163374277544 nan
3 1616 393.8923049106142 nan
3 1617 394.3034427902368 nan
3 1618 394.7150476576029 nan
3 1619 395.1271197886728 nan
3 1620 395.53965945940627 nan
3 1621 395.95266694576344 nan
3 1622 396.36614252370407 nan
3 1623 396.7800864691884 nan
3 1624 397.19449905817635 nan
3 1625 397.6093805666279 nan
3 1626 398.0247312705031 nan
3 1627 398.4405514457618 nan
3 1628 398.85684136836414 nan
3 1629 399.2736013142699 nan
3 1630 399.69083155943935 nan
3 1631 400.10853237983235 nan
3 1632 400.52670405140884 nan
3 1633 400.9453468501289 nan
3 1634 401.36446105195245 nan
3 1635 401.78404693283943 nan
3 1636 402.2041047687501 nan
3 1637 402.62463483564414 nan
3 1638 403.0456374094817 nan
3 1639 403.4671127662227 nan
3 1640 403.8890611818273 nan
3 1641 404.3114829322553 nan
3 1642 404.73437829346665 nan
3 1643 405.15774754142154 nan
3 1644 405.58159095207986 nan
3 1645 406.00590880140163 nan
3 1646 406.4307013653468 nan
3 1647 406.8559689198754 nan
3 1648 407.28171174094734 nan
3 1649 407.70793010452275 nan
3 1650 408.1346242865615 nan
3 1651 408.5617945630237 nan
3 1652 408.98944120986926 nan
3 1653 409.41756450305814 nan
3 1654 409.84616471855037 nan
3 1655 410.2752421323059 nan
3 1656 410.70479702028484 nan
3 1657 411.1348296584471 nan
3 1658 411.56534032275266 nan
3 1659 411.99632928916157 nan
3 1660 412.42779683363375 nan
3 1661 412.8597432321292 nan
3 1662 413.2921687606079 nan
3 1663 413.72507369503 nan
3 1664 414.15845831135533 nan
3 1665 414.5923228855439 nan
3 1666 415.02666769355574 nan
3 1667 415.46149301135085 nan
3 1668 415.89679911488906 nan
3 1669 416.3325862801306 nan
3 1670 416.7688547830354 nan
3 1671 417.20560489956335 nan
3 1672 417.6428369056745 nan
3 1673 418.0805510773289 nan
3 1674 418.51874769048646 nan
3 1675 418.95742702110715 nan
3 1676 419.396589345151 nan
3 1677 419.83623493857806 nan
3 1678 420.2763640773483 nan
3 1679 420.71697703742166 nan
3 1680 421.15807409475815 nan
3 1681 421.5996555253177 nan
3 1682 422.0417216050604 nan
3 1683 422.48427260994623 nan
3 1684 422.9273088159352 nan
3 1685 423.3708304989873 nan
3 1686 423.81483793506237 nan
3 1687 424.2593314001206 nan
3 1688 424.70431117012174 nan
3 1689 425.14977752102607 nan
3 1690 425.59573072879346 nan
3 1691 426.0421710693838 nan
3 1692 426.48909881875727 nan
3 1693 426.9365142528738 nan
3 1694 427.38441764769317 nan
3 1695 427.83280927917565 nan
3 1696 428.2816894232812 nan
3 1697 428.73105835596965 nan
3 1698 429.1809163532011 nan
3 1699 429.63126369093555 nan
3 1700 430.0821006451329 nan
3 1701 430.5334274917533 nan
3 1702 430.98524450675654 nan
3 1703 431.4375519661028 nan
3 1704 431.890350145752 nan
3 1705 432.3436393216641 nan
3 1706 432.7974197697991 nan
3 1707 433.251691766117 nan
3 1708 433.7064555865778 nan
3 1709 434.16171150714155 nan
3 1710 434.61745980376816 nan
3 1711 435.0737007524176 nan
3 1712 435.5304346290499 nan
3 1713 435.9876617096251 nan
3 1714 436.4453822701031 nan
3 1715 436.90359658644394 nan
3 1716 437.36230493460766 nan
3 1717 437.8215075905542 nan
3 1718 438.28120483024355 nan
3 1719 438.7413969296357 nan
3 1720 439.2020841646906 nan
3 1721 439.6632668113683 nan
3 1722 440.1249451456288 nan
3 1723 440.58711944343213 nan
3 1724 441.0497899807382 nan
3 1725 441.512957033507 nan
3 1726 441.97662087769856 nan
3 1727 442.44078178927276 nan
3 1728 442.9054400441898 nan
3 1729 443.37059591840955 nan
3 1730 443.83624968789195 nan
3 1731 444.3024016285971 nan
3 1732 444.769052016485 nan
3 1733 445.2362011275154 nan
3 1734 445.7038492376486 nan
3 1735 446.1719966228446 nan
3 1736 446.6406435590631 nan
3 1737 447.1097903222643 nan
3 1738 447.5794371884082 nan
3 1739 448.04958443345464 nan
3 1740 448.52023233336365 nan
3 1741 448.9913811640954 nan
3 1742 449.46303120160974 nan
3 1743 449.9351827218667 nan
3 1744 450.40783600082625 nan
3 1745 450.88099131444835 nan
3 1746 451.354648938693 nan
3 1747 451.8288091495203 nan
3 1748 452.3034722228901 nan
3 1749 452.77863843476246 nan
3 1750 453.2543080610974 nan
3 1751 453.7304813778549 nan
3 1752 454.2071586609949 nan
3 1753 454.6843401864773 nan
3 1754 455.1620262302623 nan
3 1755 455.6402170683098 nan
3 1756 456.1189129765799 nan
3 1757 456.59811423103235 nan
3 1758 457.07782110762736 nan
3 1759 457.5580338823247 nan
3 1760 458.0387528310846 nan
3 1761 458.519978229867 nan
3 1762 459.00171035463177 nan
3 1763 459.48394948133904 nan
3 1764 459.9666958859487 nan
3 1765 460.44994984442076 nan
3 1766 460.9337116327152 nan
3 1767 461.417981526792 nan
3 1768 461.9027598026113 nan
3 1769 462.388046736133 nan
3 1770 462.87384260331703 nan
3 1771 463.3601476801234 nan
3 1772 463.84696224251206 nan
3 1773 464.3342865664432 nan
3 1774 464.82212092787665 nan
3 1775 465.31046560277247 nan
3 1776 465.79932086709056 nan
3 1777 466.288686996791 nan
3 1778 466.7785642678337 nan
3 1779 467.2689529561787 nan
3 1780 467.75985333778596 nan
3 1781 468.25126568861555 nan
3 1782 468.7431902846274 nan
3 1783 469.2356274017816 nan
3 1784 469.72857731603796 nan
3 1785 470.22204030335666 nan
3 1786 470.7160166396974 nan
3 1787 471.2105066010206 nan
3 1788 471.70551046328586 nan
3 1789 472.2010285024534 nan
3 1790 472.6970609944832 nan
3 1791 473.19360821533513 nan
3 1792 473.69067044096926 nan
3 1793 474.18824794734553 nan
3 1794 474.6863410104241 nan
3 1795 475.1849499061647 nan
3 1796 475.68407491052756 nan
3 1797 476.18371629947256 nan
3 1798 476.6838743489596 nan
3 1799 477.18454933494877 nan
3 1800 477.6857415334002 nan
3 1801 478.1874512202736 nan
3 1802 478.6896786715292 nan
3 1803 479.1924241631268 nan
3 1804 479.69568797102664 nan
3 1805 480.1994703711884 nan
3 1806 480.70377163957227 nan
3 1807 481.2085920521383 nan
3 1808 481.71393188484626 nan
3 1809 482.21979141365637 nan
3 1810 482.7261709145285 nan
3 1811 483.2330706634226 nan
3 1812 483.7404909362987 nan
3 1813 484.24843200911687 nan
3 1814 484.75689415783705 nan
3 1815 485.26587765841924 nan
3 1816 485.7753827868234 nan
3 1817 486.28540981900954 nan
3 1818 486.7959590309375 nan
3 1819 487.3070306985676 nan
3 1820 487.81862509785964 nan
3 1821 488.33074250477364 nan
3 1822 488.84338319526955 nan
3 1823 489.3565474453074 nan
3 1824 489.87023553084714 nan
3 1825 490.3844477278486 nan
3 1826 490.8991843122722 nan
3 1827 491.4144455600777 nan
3 1828 491.93023174722504 nan
3 1829 492.44654314967426 nan
3 1830 492.96338004338537 nan
3 1831 493.4807427043182 nan
3 1832 493.998631408433 nan
3 1833 494.51704643168966 nan
3 1834 495.0359880500481 nan
3 1835 495.5554565394684 nan
3 1836 496.0754521759105 nan
3 1837 496.5959752353345 nan
3 1838 497.11702599370017 nan
3 1839 497.6386047269676 nan
3 1840 498.16071171109695 nan
3 1841 498.6833472220481 nan
3 1842 499.2065115357809 nan
3 1843 499.73020492825555 nan
3 1844 500.2544276754318 nan
3 1845 500.7791800532699 nan
3 1846 501.3044623377298 nan
3 1847 501.8302748047713 nan
3 1848 502.35661773035457 nan
3 1849 502.88349139043953 nan
3 1850 503.41089606098626 nan
3 1851 503.93883201795455 nan
3 1852 504.4672995373046 nan
3 1853 504.99629889499636 nan
3 1854 505.5258303669898 nan
3 1855 506.05589422924487 nan
3 1856 506.58649075772155 nan
3 1857 507.1176202283798 nan
3 1858 507.6492829171798 nan
3 1859 508.1814791000814 nan
3 1860 508.7142090530446 nan
3 1861 509.2474730520294 nan
3 1862 509.7812713729959 nan
3 1863 510.3156042919039 nan
3 1864 510.8504720847134 nan
3 1865 511.38587502738454 nan
3 1866 511.92181339587734 nan
3 1867 512.4582874661517 nan
3 1868 512.9952975141675 nan
3 1869 513.5328438158848 nan
3 1870 514.0709266472636 nan
3 1871 514.6095462842641 nan
3 1872 515.1487030028461 nan
3 1873 515.6883970789695 nan
3 1874 516.2286287885945 nan
3 1875 516.7693984076809 nan
3 1876 517.3107062121887 nan
3 1877 517.8525524780781 nan
3 1878 518.394937481309 nan
3 1879 518.9378614978414 nan
3 1880 519.4813248036351 nan
3 1881 520.0253276746503 nan
3 1882 520.5698703868468 nan
3 1883 521.1149532161849 nan
3 1884 521.6605764386243 nan
3 1885 522.2067403301252 nan
3 1886 522.7534451666475 nan
3 1887 523.300691224151 nan
3 1888 523.848478778596 nan
3 1889 524.3968081059425 nan
3 1890 524.9456794821501 nan
3 1891 525.4950931831793 nan
3 1892 526.0450494849897 nan
3 1893 526.5955486635415 nan
3 1894 527.1465909947947 nan
3 1895 527.698176754709 nan
3 1896 528.2503062192449 nan
3 1897 528.8029796643618 nan
3 1898 529.3561973660202 nan
3 1899 529.9099596001798 nan
3 1900 530.4642666428008 nan
3 1901 531.0191187698429 nan
3 1902 531.5745162572664 nan
3 1903 532.130459381031 nan
3 1904 532.6869484170969 nan
3 1905 533.2439836414242 nan
3 1906 533.8015653299725 nan
3 1907 534.3596937587022 nan
3 1908 534.9183692035731 nan
3 1909 535.477591940545 nan
3 1910 536.0373622455782 nan
3 1911 536.5976803946326 nan
3 1912 537.1585466636682 nan
3 1913 537.719961328645 nan
3 1914 538.2819246655229 nan
3 1915 538.844436950262 nan
3 1916 539.4074984588221 nan
3 1917 539.9711094671634 nan
3 1918 540.535270251246 nan
3 1919 541.0999810870296 nan
3 1920 541.6652422504742 nan
3 1921 542.23105401754 nan
3 1922 542.7974166641869 nan
3 1923 543.3643304663748 nan
3 1924 543.931795700064 nan
3 1925 544.499812641214 nan
3 1926 545.0683815657852 nan
3 1927 545.6375027497375 nan
3 1928 546.2071764690306 nan
3 1929 546.7774029996249 nan
3 1930 547.3481826174802 nan
3 1931 547.9195155985566 nan
3 1932 548.4914022188138 nan
3 1933 549.0638427542123 nan
3 1934 549.6368374807116 nan
3 1935 550.2103866742721 nan
3 1936 550.7844906108531 nan
3 1937 551.3591495664155 nan
3 1938 551.9343638169187 nan
3 1939 552.5101336383228 nan
3 1940 553.0864593065879 nan
3 1941 553.663341097674 nan
3 1942 554.2407792875408 nan
3 1943 554.8187741521488 nan
3 1944 555.3973259674576 nan
3 1945 555.9764350094272 nan
3 1946 556.5561015540178 nan
3 1947 557.1363258771893 nan
3 1948 557.7171082549016 nan
3 1949 558.2984489631147 nan
3 1950 558.8803482777887 nan
3 1951 559.4628064748837 nan
3 1952 560.0458238303594 nan
3 1953 560.629400620176 nan
3 1954 561.2135371202934 nan
3 1955 561.7982336066715 nan
3 1956 562.3834903552705 nan
3 1957 562.9693076420504 nan
3 1958 563.5556857429709 nan
3 1959 564.1426249339922 nan
3 1960 564.7301254910744 nan
3 1961 565.3181876901774 nan
3 1962 565.906811807261 nan
3 1963 566.4959981182853 nan
3 1964 567.0857468992104 nan
3 1965 567.6760584259964 nan
3 1966 568.2669329746029 nan
3 1967 568.8583708209902 nan
3 1968 569.4503722411182 nan
3 1969 570.0429375109469 nan
3 1970 570.6360669064363 nan
3 1971 571.2297607035464 nan
3 1972 571.8240191782372 nan
3 1973 572.4188426064685 nan
3 1974 573.0142312642006 nan
3 1975 573.6101854273932 nan
3 1976 574.2067053720066 nan
3 1977 574.8037913740004 nan
3 1978 575.4014437093351 nan
3 1979 575.9996626539703 nan
3 1980 576.5984484838662 nan
3 1981 577.1978014749825 nan
3 1982 577.7977219032794 nan
3 1983 578.398210044717 nan
3 1984 578.9992661752551 nan
3 1985 579.6008905708538 nan
3 1986 580.203083507473 nan
3 1987 580.8058452610728 nan
3 1988 581.4091761076131 nan
3 1989 582.013076323054 nan
3 1990 582.6175461833552 nan
3 1991 583.2225859644772 nan
3 1992 583.8281959423796 nan
3 1993 584.4343763930224 nan
3 1994 585.0411275923657 nan
3 1995 585.6484498163695 nan
3 1996 586.2563433409938 nan
3 1997 586.8648084421985 nan
3 1998 587.4738453959437 nan
3 1999 588.0834544781894 nan
3 2000 588.6936359648955 nan
3 2001 589.3043901320219 nan
3 2002 589.9157172555289 nan
3 2003 590.5276176113762 nan
3 2004 591.140091475524 nan
3 2005 591.7531391239321 nan
3 2006 592.3667608325607 nan
3 2007 592.9809568773694 nan
3 2008 593.5957275343187 nan
3 2009 594.2110730793684 nan
3 2010 594.8269937884781 nan
3 2011 595.4434899376085 nan
3 2012 596.0605618027191 nan
3 2013 596.6782096597701 nan
3 2014 597.2964337847213 nan
3 2015 597.9152344535329 nan
3 2016 598.5346119421647 nan
3 2017 599.1545665265769 nan
3 2018 599.7750984827294 nan
3 2019 600.3962080865822 nan
3 2020 601.0178956140951 nan
3 2021 601.6401613412283 nan
3 2022 602.2630055439417 nan
3 2023 602.8864284981955 nan
3 2024 603.5104304799495 nan
3 2025 604.1350117651637 nan
3 2026 604.760172629798 nan
3 2027 605.3859133498127 nan
3 2028 606.0122342011674 nan
3 2029 606.6391354598225 nan
3 2030 607.2666174017377 nan
3 2031 607.894680302873 nan
3 2032 608.5233244391885 nan
3 2033 609.1525500866442 nan
3 2034 609.7823575211999 nan
3 2035 610.4127470188159 nan
3 2036 611.043718855452 nan
3 2037 611.6752733070682 nan
3 2038 612.3074106496244 nan
3 2039 612.9401311590809 nan
3 2040 613.5734351113973 nan
3 2041 614.207322782534 nan
3 2042 614.8417944484506 nan
3 2043 615.4768503851074 nan
3 2044 616.1124908684642 nan
3 2045 616.7487161744812 nan
3 2046 617.385526579118 nan
3 2047 618.0229223583349 nan
