#Order, x, y, width
1 0 85.5178116189775 nan
1 1 85.47260696893329 nan
1 2 85.42753139690475 nan
1 3 85.3825811453981 nan
1 4 85.33775252559806 20.0
1 5 85.29304191651204 20.0
1 6 85.24844576412202 20.0
1 7 85.20396058054419 20.0
1 8 85.15958294319599 20.0
1 9 85.1153094939708 20.0
1 10 85.07113693842024 20.0
1 11 85.02706204494365 20.0
1 12 84.98308164398519 20.0
1 13 84.9391926272382 20.0
1 14 84.89539194685686 20.0
1 15 84.85167661467507 20.0
1 16 84.80804370143262 20.0
1 17 84.76449033600842 20.0
1 18 84.72101370466088 20.0
1 19 84.67761105027533 20.0
1 20 84.63427967161844 19.0
1 21 84.59101692259965 20.0
1 22 84.54782021153943 19.0
1 23 84.50468700044453 19.0
1 24 84.46161480428987 20.0
1 25 84.41860119030738 19.0
1 26 84.37564377728152 19.0
1 27 84.33274023485139 20.0
1 28 84.28988828281955 20.0
1 29 84.2470856904675 20.0
1 30 84.20433027587755 20.0
1 31 84.16161990526133 20.0
1 32 84.11895249229461 20.0
1 33 84.07632599745874 20.0
1 34 84.0337384273882 20.0
1 35 83.99118783422472 20.0
1 36 83.94867231497746 20.0
1 37 83.90619001088963 20.0
1 38 83.86373910681111 20.0
1 39 83.82131783057734 20.0
1 40 83.77892445239426 20.0
1 41 83.73655728422938 20.0
1 42 83.69421467920876 20.0
1 43 83.65189503102005 20.0
1 44 83.60959677332141 19.0
1 45 83.56731837915645 19.0
1 46 83.52505836037474 19.0
1 47 83.48281526705853 25.0
1 48 83.44058768695481 19.0
1 49 83.39837424491344 20.0
1 50 83.35617360233074 19.0
1 51 83.31398445659892 24.0
1 52 83.27180554056083 20.0
1 53 83.22963562197066 20.0
1 54 83.18747350295978 20.0
1 55 83.14531801950827 20.0
1 56 83.10316804092194 20.0
1 57 83.0610224693146 20.0
1 58 83.01888023909572 20.0
1 59 82.97674031646359 20.0
1 60 82.9346016989035 20.0
1 61 82.89246341469142 20.0
1 62 82.85032452240266 20.0
1 63 82.8081841104259 20.0
1 64 82.76604129648224 20.0
1 65 82.72389522714937 20.0
1 66 82.68174507739076 20.0
1 67 82.63959005008996 19.0
1 68 82.59742937558985 19.0
1 69 82.55526231123669 19.0
1 70 82.51308814092934 19.0
1 71 82.47090617467313 19.0
1 72 82.4287157481387 19.0
1 73 82.38651622222552 20.0
1 74 82.34430698263029 19.0
1 75 82.30208743941998 20.0
1 76 82.25985702660964 20.0
1 77 82.21761520174475 20.0
1 78 82.1753614454883 20.0
1 79 82.1330952612124 20.0
1 80 82.09081617459447 20.0
1 81 82.04852373321786 20.0
1 82 82.0062175061771 20.0
1 83 81.96389708368739 20.0
1 84 81.92156207669876 23.0
1 85 81.87921211651435 20.0
1 86 81.8368468544132 20.0
1 87 81.79446596127724 20.0
1 88 81.75206912722271 20.0
1 89 81.70965606123562 20.0
1 90 81.66722649081153 19.0
1 91 81.62478016159959 19.0
1 92 81.5823168370505 19.0
1 93 81.53983629806879 19.0
1 94 81.49733834266907 19.0
1 95 81.45482278563631 18.0
1 96 81.41228945819029 19.0
1 97 81.36973820765374 20.0
1 98 81.32716889712478 19.0
1 99 81.28458140515293 20.0
1 100 81.24197562541934 20.0
1 101 81.19935146642058 20.0
1 102 81.15670885115647 20.0
1 103 81.11404771682152 20.0
1 104 81.07136801450038 20.0
1 105 81.0286697088667 20.0
1 106 80.98595277788601 20.0
1 107 80.94321721252203 20.0
1 108 80.90046301644671 20.0
1 109 80.85769020575397 20.0
1 110 80.81489880867684 20.0
1 111 80.77208886530832 20.0
1 112 80.72926042732561 19.0
1 113 80.68641355771801 19.0
1 114 80.64354833051812 19.0
1 115 80.60066483053654 19.0
1 116 80.55776315310003 19.0
1 117 80.51484340379292 20.0
1 118 80.47190569820202 19.0
1 119 80.42895016166473 19.0
1 120 80.38597692902049 19.0
1 121 80.34298614436554 20.0
1 122 80.29997796081079 20.0
1 123 80.25695254024308 20.0
1 124 80.21391005308944 20.0
1 125 80.17085067808462 20.0
1 126 80.12777460204174 21.0
1 127 80.08468201962597 21.0
1 128 80.0415731331314 21.0
1 129 79.99844815226079 20.0
1 130 79.95530729390853 20.0
1 131 79.91215078194651 20.0
1 132 79.86897884701281 20.0
1 133 79.8257917263037 20.0
1 134 79.78258966336816 19.0
1 135 79.7393729079055 19.0
1 136 79.69614171556587 19.0
1 137 79.65289634775347 19.0
1 138 79.60963707143272 19.0
1 139 79.56636415893709 19.0
1 140 79.52307788778081 19.0
1 141 79.47977854047326 19.0
1 142 79.43646640433603 19.0
1 143 79.3931417713228 19.0
1 144 79.34980493784174 20.0
1 145 79.30645620458066 20.0
1 146 79.26309587633475 20.0
1 147 79.21972426183683 20.0
1 148 79.17634167359034 20.0
1 149 79.13294842770473 20.0
1 150 79.08954484373339 20.0
1 151 79.04613124451417 20.0
1 152 79.0027079560123 20.0
1 153 78.95927530716575 20.0
1 154 78.9158336297331 20.0
1 155 78.87238325814373 20.0
1 156 78.82892452935043 20.0
1 157 78.78545778268443 20.0
1 158 78.74198335971269 19.0
1 159 78.69850160409746 19.0
1 160 78.65501286145835 19.0
1 161 78.61151747923641 26.0
1 162 78.56801580656067 19.0
1 163 78.52450819411675 19.0
1 164 78.48099499401782 19.0
1 165 78.43747655967766 19.0
1 166 78.3939532456859 19.0
1 167 78.35042540768542 20.0
1 168 78.30689340225186 20.0
1 169 78.26335758677523 20.0
1 170 78.21981831934366 20.0
1 171 78.17627595862912 21.0
1 172 78.13273086377521 20.0
1 173 78.08918339428703 20.0
1 174 78.045633909923 20.0
1 175 78.00208277058863 20.0
1 176 77.95853033623231 20.0
1 177 77.91497696674307 20.0
1 178 77.87142302185006 20.0
1 179 77.82786886102429 20.0
1 180 77.78431484338185 20.0
1 181 77.74076132758933 20.0
1 182 77.69720867177081 19.0
1 183 77.65365723341692 19.0
1 184 77.61010736929553 19.0
1 185 77.5665594353643 19.0
1 186 77.52301378668496 19.0
1 187 77.47947077733937 19.0
1 188 77.43593076034738 19.0
1 189 77.3923940875862 19.0
1 190 77.34886110971166 19.0
1 191 77.30533217608111 20.0
1 192 77.26180763467788 19.0
1 193 77.21828783203748 19.0
1 194 77.17477311317539 20.0
1 195 77.13126382151646 20.0
1 196 77.08776029882584 20.0
1 197 77.04426288514165 20.0
1 198 77.00077191870895 20.0
1 199 76.95728773591546 20.0
1 200 76.91381067122873 20.0
1 201 76.87034105713477 20.0
1 202 76.82687922407821 20.0
1 203 76.78342550040391 19.0
1 204 76.73998021230005 19.0
1 205 76.69654368374265 19.0
1 206 76.65311623644142 19.0
1 207 76.6096981897872 19.0
1 208 76.56628986080055 19.0
1 209 76.52289156408197 19.0
1 210 76.47950361176325 19.0
1 211 76.43612631346026 19.0
1 212 76.39275997622713 19.0
1 213 76.34940490451154 19.0
1 214 76.30606140011156 20.0
1 215 76.26272976213355 20.0
1 216 76.2194102869514 20.0
1 217 76.17610326816713 20.0
1 218 76.13280899657248 20.0
1 219 76.08952776011195 20.0
1 220 76.0462598438469 20.0
1 221 76.00300552992091 20.0
1 222 75.95976509752632 20.0
1 223 75.91653882287177 20.0
1 224 75.87332697915119 20.0
1 225 75.83012983651363 20.0
1 226 75.78694766203434 19.0
1 227 75.74378071968692 19.0
1 228 75.70062927031664 19.0
1 229 75.65749357161468 19.0
1 230 75.61437387809356 19.0
1 231 75.57127044106353 19.0
1 232 75.52818350861014 19.0
1 233 75.48511332557258 19.0
1 234 75.44206013352331 19.0
1 235 75.39902417074843 19.0
1 236 75.35600567222926 19.0
1 237 75.31300486962466 19.0
1 238 75.27002199125454 20.0
1 239 75.22705726208407 20.0
1 240 75.18411090370904 20.0
1 241 75.14118313434199 20.0
1 242 75.09827416879926 20.0
1 243 75.05538421848905 20.0
1 244 75.0125134914002 20.0
1 245 74.96966219209189 20.0
1 246 74.92683052168431 20.0
1 247 74.88401867784995 20.0
1 248 74.84122685480594 20.0
1 249 74.7984552433071 20.0
1 250 74.75570403063975 20.0
1 251 74.71297340061643 19.0
1 252 74.67026353357136 19.0
1 253 74.6275746063566 19.0
1 254 74.58490679233911 20.0
1 255 74.5422602613984 19.0
1 256 74.49963517992508 19.0
1 257 74.45703171081999 19.0
1 258 74.41445001349416 19.0
1 259 74.37189024386939 19.0
1 260 74.3293525543796 20.0
1 261 74.28683709397278 19.0
1 262 74.2443440081137 19.0
1 263 74.20187343878722 19.0
1 264 74.15942552450227 20.0
1 265 74.11700040029646 20.0
1 266 74.07459819774137 20.0
1 267 74.03221904494836 20.0
1 268 73.98986306657517 20.0
1 269 73.94753038383283 20.0
1 270 73.9052211144935 20.0
1 271 73.86293537289862 20.0
1 272 73.82067326996776 20.0
1 273 73.77843491320803 20.0
1 274 73.73622040672399 19.0
1 275 73.69402985122814 19.0
1 276 73.65186334405189 19.0
1 277 73.60972097915715 19.0
1 278 73.56760284714832 19.0
1 279 73.5255090352849 19.0
1 280 73.48343962749446 19.0
1 281 73.44139470438618 19.0
1 282 73.39937434326494 19.0
1 283 73.35737861814565 19.0
1 284 73.3154075997683 19.0
1 285 73.27346135561328 19.0
1 286 73.23153994991719 20.0
1 287 73.18964344368916 20.0
1 288 73.14777189472746 20.0
1 289 73.10592535763656 20.0
1 290 73.06410388384477 20.0
1 291 73.02230752162198 20.0
1 292 72.98053631609804 20.0
1 293 72.93879030928139 20.0
1 294 72.89706954007815 20.0
1 295 72.85537404431143 20.0
1 296 72.81370385474125 20.0
1 297 72.77205900108449 19.0
1 298 72.73043951003547 19.0
1 299 72.68884540528668 19.0
1 300 72.64727670754999 19.0
1 301 72.60573343457793 19.0
1 302 72.5642156011856 19.0
1 303 72.52272321927262 19.0
1 304 72.48125629784558 19.0
1 305 72.43981484304058 19.0
1 306 72.39839885814624 19.0
1 307 72.35700834362683 19.0
1 308 72.31564329714578 19.0
1 309 72.27430371358945 19.0
1 310 72.23298958509096 19.0
1 311 72.19170090105465 20.0
1 312 72.15043764818031 20.0
1 313 72.1091998104881 20.0
1 314 72.06798736934331 20.0
1 315 72.0268003034816 20.0
1 316 71.98563858903437 20.0
1 317 71.94450219955426 20.0
1 318 71.90339110604103 20.0
1 319 71.86230527696743 20.0
1 320 71.82124467830542 20.0
1 321 71.78020927355243 19.0
1 322 71.73919902375799 19.0
1 323 71.69821388755028 19.0
1 324 71.6572538211631 19.0
1 325 71.61631877846276 19.0
1 326 71.57540871097532 19.0
1 327 71.53452356791384 19.0
1 328 71.49366329620585 19.0
1 329 71.4528278405209 19.0
1 330 71.41201714329827 19.0
1 331 71.37123114477481 19.0
1 332 71.33046978301286 20.0
1 333 71.28973299392833 19.0
1 334 71.24902071131882 19.0
1 335 71.20833286689192 20.0
1 336 71.16766939029358 20.0
1 337 71.12703020913648 19.0
1 338 71.08641524902866 20.0
1 339 71.04582443360206 20.0
1 340 71.00525768454126 20.0
1 341 70.96471492161217 20.0
1 342 70.92419606269097 20.0
1 343 70.88370102379282 20.0
1 344 70.843229719101 20.0
1 345 70.80278206099572 19.0
1 346 70.76235796008328 19.0
1 347 70.72195732522505 19.0
1 348 70.68158006356666 19.0
1 349 70.64122608056707 19.0
1 350 70.60089528002784 19.0
1 351 70.56058756412222 19.0
1 352 70.52030283342441 19.0
1 353 70.48004098693879 19.0
1 354 70.43980192212913 19.0
1 355 70.39958553494789 19.0
1 356 70.35939171986534 19.0
1 357 70.31922036989894 20.0
1 358 70.27907137664252 20.0
1 359 70.23894463029542 19.0
1 360 70.19884001969183 20.0
1 361 70.15875743232988 20.0
1 362 70.11869675440084 20.0
1 363 70.07865787081828 20.0
1 364 70.0386406652471 20.0
1 365 69.9986450201327 20.0
1 366 69.95867081672995 20.0
1 367 69.91871793513218 20.0
1 368 69.87878625430017 20.0
1 369 69.838875652091 19.0
1 370 69.79898600528696 19.0
1 371 69.75911718962428 19.0
1 372 69.71926907982184 19.0
1 373 69.67944154960995 19.0
1 374 69.63963447175885 19.0
1 375 69.59984771810727 19.0
1 376 69.56008115959092 19.0
1 377 69.52033466627084 19.0
1 378 69.48060810736173 19.0
1 379 69.44090135126015 19.0
1 380 69.4012142655727 19.0
1 381 69.36154671714405 19.0
1 382 69.32189857208486 19.0
1 383 69.28226969579977 20.0
1 384 69.24265995301502 20.0
1 385 69.20306920780625 19.0
1 386 69.16349732362599 20.0
1 387 69.12394416333116 20.0
1 388 69.0844095892104 20.0
1 389 69.04489346301139 20.0
1 390 69.0053956459679 20.0
1 391 68.96591599882687 20.0
1 392 68.92645438187526 20.0
1 393 68.88701065496689 20.0
1 394 68.84758467754902 19.0
1 395 68.80817630868904 19.0
1 396 68.76878540710065 19.0
1 397 68.72941183117035 19.0
1 398 68.69005543898346 19.0
1 399 68.65071608835014 19.0
1 400 68.61139363683132 19.0
1 401 68.57208794176441 19.0
1 402 68.53279886028888 19.0
1 403 68.49352624937171 19.0
1 404 68.4542699658327 19.0
1 405 68.41502986636966 19.0
1 406 68.37580580758339 19.0
1 407 68.33659764600255 19.0
1 408 68.29740523810835 19.0
1 409 68.25822844035912 20.0
1 410 68.21906710921473 20.0
1 411 68.17992110116077 20.0
1 412 68.14079027273266 20.0
1 413 68.10167448053957 20.0
1 414 68.0625735812882 20.0
1 415 68.02348743180629 20.0
1 416 67.98441588906611 20.0
1 417 67.9453588102077 20.0
1 418 67.90631605256189 20.0
1 419 67.86728747367333 19.0
1 420 67.82827293132316 19.0
1 421 67.78927228355151 19.0
1 422 67.75028538868004 19.0
1 423 67.71131210533407 19.0
1 424 67.67235229246455 19.0
1 425 67.63340580937003 19.0
1 426 67.59447251571834 19.0
1 427 67.55555227156788 19.0
1 428 67.5166449373892 19.0
1 429 67.477750374086 19.0
1 430 67.43886844301602 19.0
1 431 67.39999900601185 19.0
1 432 67.36114192540154 19.0
1 433 67.32229706402886 19.0
1 434 67.28346428527357 20.0
1 435 67.24464345307139 20.0
1 436 67.20583443193382 20.0
1 437 67.16703708696775 20.0
1 438 67.12825128389483 20.0
1 439 67.08947688907071 20.0
1 440 67.05071376950414 20.0
1 441 67.0119617928757 20.0
1 442 66.97322082755645 20.0
1 443 66.93449074262647 20.0
1 444 66.89577140789298 19.0
1 445 66.85706269390833 19.0
1 446 66.81836447198808 19.0
1 447 66.77967661422836 19.0
1 448 66.74099899352349 19.0
1 449 66.70233148358312 19.0
1 450 66.66367395894932 19.0
1 451 66.62502629501334 19.0
1 452 66.58638836803235 19.0
1 453 66.5477600551457 19.0
1 454 66.50914123439134 19.0
1 455 66.47053178472169 19.0
1 456 66.43193158601937 19.0
1 457 66.39334051911308 22.0
1 458 66.35475846579274 19.0
1 459 66.3161853088248 20.0
1 460 66.27762093196722 19.0
1 461 66.23906521998414 20.0
1 462 66.20051805866059 20.0
1 463 66.16197933481685 20.0
1 464 66.12344893632243 20.0
1 465 66.08492675211025 20.0
1 466 66.04641267219024 20.0
1 467 66.00790658766282 19.0
1 468 65.96940839073238 20.0
1 469 65.93091797472033 19.0
1 470 65.89243523407796 19.0
1 471 65.85396006439919 19.0
1 472 65.81549236243298 19.0
1 473 65.77703202609571 19.0
1 474 65.73857895448329 19.0
1 475 65.70013304788282 19.0
1 476 65.66169420778442 19.0
1 477 65.62326233689271 19.0
1 478 65.58483733913778 19.0
1 479 65.54641911968662 19.0
1 480 65.50800758495357 19.0
1 481 65.46960264261119 19.0
1 482 65.43120420160052 19.0
1 483 65.39281217214133 19.0
1 484 65.35442646574218 19.0
1 485 65.31604699521003 19.0
1 486 65.27767367466001 20.0
1 487 65.23930641952467 20.0
1 488 65.20094514656314 20.0
1 489 65.1625897738702 20.0
1 490 65.12424022088496 20.0
1 491 65.0858964083993 20.0
1 492 65.04755825856647 20.0
1 493 65.00922569490895 20.0
1 494 64.97089864232663 20.0
1 495 64.93257702710426 19.0
1 496 64.89426077691935 19.0
1 497 64.85594982084913 19.0
1 498 64.81764408937785 19.0
1 499 64.77934351440369 19.0
1 500 64.74104802924543 19.0
1 501 64.70275756864902 19.0
1 502 64.66447206879386 19.0
1 503 64.62619146729897 19.0
1 504 64.58791570322877 19.0
1 505 64.54964471709889 19.0
1 506 64.51137845088178 19.0
1 507 64.4731168480119 19.0
1 508 64.43485985339085 19.0
1 509 64.39660741339233 19.0
1 510 64.35835947586683 20.0
1 511 64.32011599014639 20.0
1 512 64.28187690704848 20.0
1 513 64.24364217888066 20.0
1 514 64.20541175944425 20.0
1 515 64.16718560403795 20.0
1 516 64.12896366946185 20.0
1 517 64.09074591402052 20.0
1 518 64.05253229752614 23.0
1 519 64.0143227813016 20.0
1 520 63.9761173281835 20.0
1 521 63.93791590252437 18.0
1 522 63.89971847019541 19.0
1 523 63.861524998588706 19.0
1 524 63.823335456619255 19.0
1 525 63.78514981472668 19.0
1 526 63.746968044877235 19.0
1 527 63.708790120565084 19.0
1 528 63.670616016813796 19.0
1 529 63.632445710177336 19.0
1 530 63.59427917874118 19.0
1 531 63.55611640212294 19.0
1 532 63.51795736147325 19.0
1 533 63.47980203947582 19.0
1 534 63.44165042034807 19.0
1 535 63.403502489840925 19.0
1 536 63.36535823523893 20.0
1 537 63.32721764535991 20.0
1 538 63.289080710554444 20.0
1 539 63.250947422705366 20.0
1 540 63.212817775227066 20.0
1 541 63.17469176306419 20.0
1 542 63.13656938269101 20.0
1 543 63.0984506321097 20.0
1 544 63.06033551084912 20.0
1 545 63.02222401996332 20.0
1 546 62.984116162029345 20.0
1 547 62.946011941145656 19.0
1 548 62.907911362929795 19.0
1 549 62.86981443451643 19.0
1 550 62.831721164554466 19.0
1 551 62.793631563204826 19.0
1 552 62.75554564213765 19.0
1 553 62.71746341452908 19.0
1 554 62.679384895058774 19.0
1 555 62.64131009990608 19.0
1 556 62.60323904674705 19.0
1 557 62.565171754750835 19.0
1 558 62.527108244576 19.0
1 559 62.48904853836666 19.0
1 560 62.450992659748636 19.0
1 561 62.41294063382499 19.0
1 562 62.37489248717246 20.0
1 563 62.336848247836144 22.0
1 564 62.29880794532577 20.0
1 565 62.26077161061039 20.0
1 566 62.222739276113955 20.0
1 567 62.18471097571009 20.0
1 568 62.14668674471708 20.0
1 569 62.10866661989252 20.0
1 570 62.0706506394281 20.0
1 571 62.03263884294387 20.0
1 572 61.99463127148269 20.0
1 573 61.956627967504446 19.0
1 574 61.91862897488 20.0
1 575 61.88063433888536 19.0
1 576 61.84264410619514 19.0
1 577 61.80465832487659 20.0
1 578 61.76667704438287 19.0
1 579 61.72870031554672 19.0
1 580 61.690728190573594 19.0
1 581 61.652760723034945 19.0
1 582 61.61479796786122 19.0
1 583 61.57683998133476 19.0
1 584 61.538886821082606 19.0
1 585 61.50093854606945 19.0
1 586 61.462995216589846 19.0
1 587 61.42505689426104 19.0
1 588 61.387123642014984 20.0
1 589 61.349195524090774 19.0
1 590 61.31127260602675 20.0
1 591 61.27335495465253 20.0
1 592 61.23544263808073 20.0
1 593 61.19753572569914 20.0
1 594 61.159634288162174 20.0
1 595 61.121738397382245 21.0
1 596 61.08384812652178 20.0
1 597 61.04596354998416 20.0
1 598 61.00808474340499 20.0
1 599 60.97021178364381 20.0
1 600 60.93234474877474 20.0
1 601 60.89448371807711 20.0
1 602 60.85662877202726 19.0
1 603 60.818779992288675 19.0
1 604 60.78093746170266 19.0
1 605 60.74310126427953 19.0
1 606 60.705271485188405 19.0
1 607 60.667448210748205 19.0
1 608 60.629631528417534 19.0
1 609 60.59182152678548 19.0
1 610 60.554018295561136 19.0
1 611 60.51622192556424 19.0
1 612 60.478432508714775 19.0
1 613 60.44065013802325 19.0
1 614 60.40287490758033 19.0
1 615 60.36510691254634 19.0
1 616 60.327346249141755 19.0
1 617 60.28959301463585 20.0
1 618 60.251847307336945 20.0
1 619 60.2141092265812 20.0
1 620 60.17637887272292 20.0
1 621 60.138656347122954 20.0
1 622 60.10094175213867 20.0
1 623 60.0632351911125 20.0
1 624 60.02553676836138 20.0
1 625 59.98784658916601 20.0
1 626 59.950164759759545 20.0
1 627 59.912491387316265 20.0
1 628 59.8748265799413 20.0
1 629 59.83717044665835 20.0
1 630 59.79952309739911 19.0
1 631 59.76188464299216 19.0
1 632 59.72425519515065 19.0
1 633 59.6866348664619 19.0
1 634 59.649023770375265 19.0
1 635 59.611422021190826 19.0
1 636 59.57382973404805 19.0
1 637 59.53624702491345 19.0
1 638 59.49867401056967 19.0
1 639 59.46111080860352 19.0
1 640 59.42355753739381 19.0
1 641 59.38601431610007 19.0
1 642 59.348481264650594 20.0
1 643 59.31095850373 19.0
1 644 59.273446154768166 20.0
1 645 59.23594433992751 20.0
1 646 59.198453182091235 20.0
1 647 59.160972804851575 20.0
1 648 59.12350333249721 20.0
1 649 59.08604489000132 20.0
1 650 59.04859760300924 20.0
1 651 59.011161597827225 20.0
1 652 58.973737001408836 20.0
1 653 58.93632394134349 20.0
1 654 58.89892254584426 20.0
1 655 58.861532943734964 20.0
1 656 58.82415526443887 19.0
1 657 58.7867896379652 19.0
1 658 58.74943619489749 19.0
1 659 58.71209506638074 19.0
1 660 58.67476638410984 19.0
1 661 58.637450280315775 19.0
1 662 58.600146887754676 19.0
1 663 58.56285633969415 19.0
1 664 58.52557876990157 19.0
1 665 58.488314312631005 19.0
1 666 58.45106310261122 19.0
1 667 58.41382527503305 19.0
1 668 58.37660096553656 19.0
1 669 58.33939031019864 19.0
1 670 58.30219344552101 20.0
1 671 58.265010508416495 19.0
1 672 58.22784163619794 20.0
1 673 58.190686966564456 20.0
1 674 58.15354663758929 20.0
1 675 58.1164207877074 20.0
1 676 58.07930955570262 20.0
1 677 58.042213080695646 20.0
1 678 58.00513150213072 20.0
1 679 57.968064959763346 20.0
1 680 57.93101359364819 20.0
1 681 57.893977544125704 20.0
1 682 57.856956951810375 20.0
1 683 57.81995195757804 20.0
1 684 57.7829627025525 19.0
1 685 57.745989328094495 19.0
1 686 57.709031975787994 19.0
1 687 57.67209078742815 19.0
1 688 57.635165905008755 19.0
1 689 57.59825747071004 19.0
1 690 57.5613656268857 19.0
1 691 57.52449051605112 19.0
1 692 57.48763228087052 19.0
1 693 57.45079106414431 19.0
1 694 57.41396700879743 19.0
1 695 57.37716025786666 19.0
1 696 57.34037095448835 19.0
1 697 57.30359924188555 19.0
1 698 57.26684526335704 18.0
1 699 57.23010916226334 20.0
1 700 57.19339108201625 20.0
1 701 57.156691166065514 20.0
1 702 57.120009557886604 20.0
1 703 57.08334640096936 20.0
1 704 57.04670183880539 20.0
1 705 57.01007601487594 20.0
1 706 56.97346907264005 20.0
1 707 56.93688115552228 20.0
1 708 56.90031240690121 20.0
1 709 56.8637629700971 20.0
1 710 56.82723298836012 20.0
1 711 56.790722604858274 20.0
1 712 56.75423196266577 19.0
1 713 56.71776120475158 19.0
1 714 56.68131047396718 19.0
1 715 56.64487991303471 19.0
1 716 56.60846966453619 19.0
1 717 56.572079870900936 19.0
1 718 56.53571067439442 19.0
1 719 56.49936221710653 19.0
1 720 56.463034640941125 19.0
1 721 56.42672808760276 19.0
1 722 56.390442698586874 19.0
1 723 56.354178615167704 19.0
1 724 56.317935978387474 19.0
1 725 56.28171492904433 19.0
1 726 56.24551560768231 19.0
1 727 56.20933815457906 20.0
1 728 56.17318270973581 20.0
1 729 56.13704941286595 20.0
1 730 56.10093840338322 20.0
1 731 56.064849820392546 20.0
1 732 56.0287838026776 20.0
1 733 55.99274048869097 20.0
1 734 55.95672001654294 20.0
1 735 55.92072252399129 20.0
1 736 55.88474814842981 20.0
1 737 55.84879702687883 20.0
1 738 55.81286929597407 20.0
1 739 55.776965091956555 20.0
1 740 55.741084550661725 22.0
1 741 55.70522780751028 19.0
1 742 55.66939499749589 20.0
1 743 55.63358625517775 19.0
1 744 55.597801714668535 19.0
1 745 55.562041509624095 19.0
1 746 55.52630577323575 19.0
1 747 55.49059463821812 19.0
1 748 55.454908236800236 19.0
1 749 55.419246700716 19.0
1 750 55.383610161194134 19.0
1 751 55.34799874894817 19.0
1 752 55.31241259416858 19.0
1 753 55.27685182651118 19.0
1 754 55.241316575089144 19.0
1 755 55.205806968463065 20.0
1 756 55.17032313463264 19.0
1 757 55.134865201026315 20.0
1 758 55.09943329449224 20.0
1 759 55.06402754129104 20.0
1 760 55.028648067085015 20.0
1 761 54.99329499692929 19.0
1 762 54.95796845526485 20.0
1 763 54.92266856590808 20.0
1 764 54.887395452042746 25.0
1 765 54.852149236212085 20.0
1 766 54.816930040308776 20.0
1 767 54.78173798556881 20.0
1 768 54.74657319256124 20.0
1 769 54.71143578118176 20.0
1 770 54.676325870642074 19.0
1 771 54.64124357946517 19.0
1 772 54.60618902547428 19.0
1 773 54.571162325787725 19.0
1 774 54.53616359680887 19.0
1 775 54.50119295421981 19.0
1 776 54.46625051297405 19.0
1 777 54.4313363872873 19.0
1 778 54.39645069063238 19.0
1 779 54.36159353572995 19.0
1 780 54.326765034541765 19.0
1 781 54.29196529826547 19.0
1 782 54.257194437323875 19.0
1 783 54.22245256136154 19.0
1 784 54.187739779235855 20.0
1 785 54.15305619901113 20.0
1 786 54.1184019279518 20.0
1 787 54.08377707251492 20.0
1 788 54.049181738345105 20.0
1 789 54.014616030267874 20.0
1 790 53.98008005228252 20.0
1 791 53.94557390755564 20.0
1 792 53.91109769841755 20.0
1 793 53.876651526353314 20.0
1 794 53.84223549199808 20.0
1 795 53.80784969513169 20.0
1 796 53.77349423467162 19.0
1 797 53.739169208669225 19.0
1 798 53.704874714302505 19.0
1 799 53.67061084787186 19.0
1 800 53.63637770479383 19.0
1 801 53.60217537959692 19.0
1 802 53.56800396591484 19.0
1 803 53.53386355648385 19.0
1 804 53.49975424313526 19.0
1 805 53.465676116793 19.0
1 806 53.43162926746641 19.0
1 807 53.39761378424729 19.0
1 808 53.36362975530606 19.0
1 809 53.32967726788504 19.0
1 810 53.295756408295986 19.0
1 811 53.26186726191418 20.0
1 812 53.22800991317696 19.0
1 813 53.194184445577086 20.0
1 814 53.16039094165961 20.0
1 815 53.12662948301874 20.0
1 816 53.0929001502937 20.0
1 817 53.05920302316434 20.0
1 818 53.02553818034971 20.0
1 819 52.99190569960182 20.0
1 820 52.958305657704464 20.0
1 821 52.924738130469485 20.0
1 822 52.891203192733705 20.0
1 823 52.85770091835504 20.0
1 824 52.824231380210655 20.0
1 825 52.79079465019427 20.0
1 826 52.757390799213056 20.0
1 827 52.72401989718466 20.0
1 828 52.69068201303542 19.0
1 829 52.65737721469763 19.0
1 830 52.62410556910789 19.0
1 831 52.59086714220338 19.0
1 832 52.5576619989225 19.0
1 833 52.52449020319927 19.0
1 834 52.49135181796587 19.0
1 835 52.45824690514666 19.0
1 836 52.4251755256591 19.0
1 837 52.39213773941162 19.0
1 838 52.35913360530252 19.0
1 839 52.326163181218234 19.0
1 840 52.29322652403079 19.0
1 841 52.26032368960057 19.0
1 842 52.22745473277102 20.0
1 843 52.19461970736958 20.0
1 844 52.16181866620794 20.0
1 845 52.12905166108003 20.0
1 846 52.09631874276112 20.0
1 847 52.06361996100849 20.0
1 848 52.030955364560036 20.0
1 849 51.99832500113521 20.0
1 850 51.965728917433516 20.0
1 851 51.93316715913671 20.0
1 852 51.900639770904355 20.0
1 853 51.86814679637893 20.0
1 854 51.83568827818488 20.0
1 855 51.80326425792581 20.0
1 856 51.770874776187824 20.0
1 857 51.73851987254227 20.0
1 858 51.70619958553982 19.0
1 859 51.67391395271819 20.0
1 860 51.64166301059871 19.0
1 861 51.60944679468905 19.0
1 862 51.5772653394831 19.0
1 863 51.54511867846448 19.0
1 864 51.51300684410469 19.0
1 865 51.48092986786788 19.0
1 866 51.44888778020951 19.0
1 867 51.41688061057963 19.0
1 868 51.3849083874237 19.0
1 869 51.3529711381858 19.0
1 870 51.321068889309274 19.0
1 871 51.289201666237624 19.0
1 872 51.257369493420136 19.0
1 873 51.2255723943117 20.0
1 874 51.193810391373596 20.0
1 875 51.16208350608126 20.0
1 876 51.130391758921014 20.0
1 877 51.09873516939514 26.0
1 878 51.06711375602633 20.0
1 879 51.035527536357066 20.0
1 880 51.00397652695546 20.0
1 881 50.972460743416846 20.0
1 882 50.94098020036658 20.0
1 883 50.90953491146549 20.0
1 884 50.87812488941036 20.0
1 885 50.846750145939225 20.0
1 886 50.81541069183513 20.0
1 887 50.784106536927226 20.0
1 888 50.752837690098055 20.0
1 889 50.721604159284496 20.0
1 890 50.69040595148435 20.0
1 891 50.65924307275731 19.0
1 892 50.62811552823182 19.0
1 893 50.597023322107134 19.0
1 894 50.56596645765958 19.0
1 895 50.53494493724585 19.0
1 896 50.503958762306844 19.0
1 897 50.4730079333754 19.0
1 898 50.44209245007636 19.0
1 899 50.4112123111339 19.0
1 900 50.380367514379245 19.0
1 901 50.34955805674811 19.0
1 902 50.31878393429532 19.0
1 903 50.28804514219023 19.0
1 904 50.25734167473152 20.0
1 905 50.22667352534319 20.0
1 906 50.19604068658863 20.0
1 907 50.16544315016837 20.0
1 908 50.13488090693406 20.0
1 909 50.104353946885844 20.0
1 910 50.07386225918329 20.0
1 911 50.043405832150164 20.0
1 912 50.012984653281165 20.0
1 913 49.9825987092441 20.0
1 914 49.95224798589084 20.0
1 915 49.92193246826371 20.0
1 916 49.891652140596236 20.0
1 917 49.861406986324816 20.0
1 918 49.83119698809458 20.0
1 919 49.80102212776332 20.0
1 920 49.77088238641103 20.0
1 921 49.740777744344264 20.0
1 922 49.710708181106355 20.0
1 923 49.680673675479106 21.0
1 924 49.650674205495626 19.0
1 925 49.62070974844436 20.0
1 926 49.590780280874846 19.0
1 927 49.5608857786082 19.0
1 928 49.53102621674365 19.0
1 929 49.501201569663024 19.0
1 930 49.47141181104282 19.0
1 931 49.441656913858075 19.0
1 932 49.411936850391484 19.0
1 933 49.38225159224293 19.0
1 934 49.35260111033346 19.0
1 935 49.32298537491447 19.0
1 936 49.29340435558061 19.0
1 937 49.26385802126863 19.0
1 938 49.23434634027239 20.0
1 939 49.20486928025082 20.0
1 940 49.175426808231315 20.0
1 941 49.14601889062496 20.0
1 942 49.11664549322702 20.0
1 943 49.0873065812332 20.0
1 944 49.05800211924281 20.0
1 945 49.02873207126973 20.0
1 946 48.99949640075189 20.0
1 947 48.97029507055524 20.0
1 948 48.941128042988204 20.0
1 949 48.91199527981079 20.0
1 950 48.88289674223697 20.0
1 951 48.853832390949975 20.0
1 952 48.82480218610948 20.0
1 953 48.79580608736108 20.0
1 954 48.766844053843236 20.0
1 955 48.737916044201555 20.0
1 956 48.70902201659091 20.0
1 957 48.68016192869234 19.0
1 958 48.65133573771932 19.0
1 959 48.622543400423744 19.0
1 960 48.593784873111794 20.0
1 961 48.565060111651455 19.0
1 962 48.53636907147836 19.0
1 963 48.50771170761252 19.0
1 964 48.47908797466054 19.0
1 965 48.45049782683262 19.0
1 966 48.42194121794672 19.0
1 967 48.39341810144491 19.0
1 968 48.364928430394194 19.0
1 969 48.33647215750552 19.0
1 970 48.30804923514171 20.0
1 971 48.27965961532213 21.0
1 972 48.25130324974111 20.0
1 973 48.22298008977599 20.0
1 974 48.194690086488 20.0
1 975 48.16643319064993 20.0
1 976 48.138209352742216 20.0
1 977 48.11001852297015 20.0
1 978 48.08186065127119 20.0
1 979 48.05373568733028 20.0
1 980 48.025643580586156 20.0
1 981 47.99758428024061 20.0
1 982 47.9695577352766 20.0
1 983 47.94156389446132 20.0
1 984 47.91360270636422 20.0
1 985 47.88567411935894 20.0
1 986 47.85777808164152 20.0
1 987 47.82991454123966 20.0
1 988 47.802083446021676 20.0
1 989 47.77428474371193 20.0
1 990 47.74651838189391 20.0
1 991 47.71878430803069 19.0
1 992 47.691082469471745 20.0
1 993 47.66341281346135 19.0
1 994 47.635775287153194 19.0
1 995 47.60816983762674 19.0
1 996 47.580596411884066 20.0
1 997 47.55305495687623 19.0
1 998 47.52554541950657 19.0
1 999 47.49806774664231 19.0
1 1000 47.470621885132985 19.0
1 1001 47.443207781809285 19.0
1 1002 47.41582538350843 19.0
1 1003 47.388474637074964 19.0
1 1004 47.36115548937673 20.0
1 1005 47.33386788731656 19.0
1 1006 47.30661177784618 23.0
1 1007 47.27938710797054 20.0
1 1008 47.252193824766564 20.0
1 1009 47.225031875390876 20.0
1 1010 47.197901207095 20.0
1 1011 47.17080176723325 20.0
1 1012 47.143733503274206 20.0
1 1013 47.11669636281771 20.0
1 1014 47.08969029360243 20.0
1 1015 47.06271524351691 20.0
1 1016 47.0357711606132 20.0
1 1017 47.00885799311919 20.0
1 1018 46.98197568945084 20.0
1 1019 46.95512419821965 20.0
1 1020 46.92830346825046 20.0
1 1021 46.901513448589654 20.0
1 1022 46.8747540885151 20.0
1 1023 46.84802533755685 20.0
1 1024 46.82132714549557 20.0
1 1025 46.79465946238845 19.0
1 1026 46.76802223857057 19.0
1 1027 46.74141542467545 19.0
1 1028 46.714838971636155 19.0
1 1029 46.68829283070771 19.0
1 1030 46.66177695347116 19.0
1 1031 46.63529129185497 19.0
1 1032 46.6088357981369 19.0
1 1033 46.58241042495841 19.0
1 1034 46.55601512534466 19.0
1 1035 46.529649852705944 19.0
1 1036 46.5033145608525 19.0
1 1037 46.477009204012205 20.0
1 1038 46.45073373683696 19.0
1 1039 46.42448811441178 19.0
1 1040 46.39827229227704 19.0
1 1041 46.37208622643238 20.0
1 1042 46.34592987334479 19.0
1 1043 46.31980318997656 20.0
1 1044 46.29370613377894 20.0
1 1045 46.267638662715626 20.0
1 1046 46.241600735268484 20.0
1 1047 46.215592310454255 20.0
1 1048 46.189613347835916 20.0
1 1049 46.1636638075296 20.0
1 1050 46.13774365021958 20.0
1 1051 46.111852837172385 20.0
1 1052 46.08599133024864 20.0
1 1053 46.06015909190619 19.0
1 1054 46.03435608522505 19.0
1 1055 46.00858227390794 20.0
1 1056 45.98283762230449 20.0
1 1057 45.95712209540219 20.0
1 1058 45.93143565886699 20.0
1 1059 45.905778279028105 20.0
1 1060 45.880149922903364 20.0
1 1061 45.85455055821178 20.0
1 1062 45.828980153378936 19.0
1 1063 45.80343867755289 19.0
1 1064 45.77792610061259 19.0
1 1065 45.752442393184005 19.0
1 1066 45.72698752664984 19.0
1 1067 45.70156147315581 19.0
1 1068 45.676164205631174 19.0
1 1069 45.65079569779111 19.0
1 1070 45.6254559241606 24.0
1 1071 45.600144860070245 19.0
1 1072 45.57486248167742 19.0
1 1073 45.549608765976984 19.0
1 1074 45.524383690813 19.0
1 1075 45.499187234881774 19.0
1 1076 45.47401937775743 19.0
1 1077 45.44888009989249 19.0
1 1078 45.42376938263 20.0
1 1079 45.39868720822282 20.0
1 1080 45.373633559825976 20.0
1 1081 45.34860842153138 20.0
1 1082 45.323611778371216 20.0
1 1083 45.29864361630853 20.0
1 1084 45.273703922286714 20.0
1 1085 45.24879268420264 20.0
1 1086 45.22390989093914 20.0
1 1087 45.199055532372654 20.0
1 1088 45.174229599379956 20.0
1 1089 45.149432083849625 20.0
1 1090 45.12466297869916 20.0
1 1091 45.09992227787533 20.0
1 1092 45.075209976370424 20.0
1 1093 45.050526070238 20.0
1 1094 45.02587055659025 20.0
1 1095 45.00124343361859 20.0
1 1096 44.97664470060711 20.0
1 1097 44.952074357930016 20.0
1 1098 44.927532407067005 20.0
1 1099 44.90301885062687 20.0
1 1100 44.87853369234036 20.0
1 1101 44.854076937075185 20.0
1 1102 44.829648590846034 20.0
1 1103 44.80524866083658 20.0
1 1104 44.78087715538608 20.0
1 1105 44.756534084020224 19.0
1 1106 44.73221945745012 19.0
1 1107 44.70793328758638 19.0
1 1108 44.68367558754667 19.0
1 1109 44.65944637167105 19.0
1 1110 44.63524565551591 20.0
1 1111 44.61107345588745 19.0
1 1112 44.586929790831775 19.0
1 1113 44.562814679649065 19.0
1 1114 44.53872814290671 19.0
1 1115 44.514670202450176 20.0
1 1116 44.4906408814035 20.0
1 1117 44.46664020419136 20.0
1 1118 44.44266819653134 20.0
1 1119 44.418724885456875 20.0
1 1120 44.39481029932422 20.0
1 1121 44.37092446781526 20.0
1 1122 44.34706742195051 20.0
1 1123 44.323239194097106 20.0
1 1124 44.299439817985416 20.0
1 1125 44.27566932869562 20.0
1 1126 44.251927762690734 20.0
1 1127 44.22821515781672 20.0
1 1128 44.20453155330324 20.0
1 1129 44.18087698977889 20.0
1 1130 44.15725150928583 20.0
1 1131 44.13365515527382 20.0
1 1132 44.110087972618395 20.0
1 1133 44.08655000762004 20.0
1 1134 44.063041308033604 20.0
1 1135 44.03956192304003 20.0
1 1136 44.016111903291964 20.0
1 1137 43.992691300895515 20.0
1 1138 43.96930016942849 20.0
1 1139 43.945938563950854 21.0
1 1140 43.922606541003255 20.0
1 1141 43.899304158617696 20.0
1 1142 43.876031476327654 20.0
1 1143 43.85278855517878 20.0
1 1144 43.82957545772377 20.0
1 1145 43.80639224804075 20.0
1 1146 43.78323899173443 20.0
1 1147 43.76011575594861 20.0
1 1148 43.73702260936822 26.0
1 1149 43.713959622221154 21.0
1 1150 43.69092686629991 20.0
1 1151 43.66792441495544 20.0
1 1152 43.644952343108145 20.0
1 1153 43.62201072724745 20.0
1 1154 43.59909964545664 21.0
1 1155 43.576219177392424 20.0
1 1156 43.553369404325515 19.0
1 1157 43.530550409103164 19.0
1 1158 43.5077622761937 20.0
1 1159 43.48500509167141 20.0
1 1160 43.46227894323345 20.0
1 1161 43.43958392019332 20.0
1 1162 43.41692011350381 20.0
1 1163 43.39428761573439 20.0
1 1164 43.3716865211105 19.0
1 1165 43.34911692550531 20.0
1 1166 43.32657892642078 20.0
1 1167 43.3040726230306 20.0
1 1168 43.28159811617426 20.0
1 1169 43.25915550834188 20.0
1 1170 43.2367449037003 20.0
1 1171 43.214366408093646 20.0
1 1172 43.19202012904408 20.0
1 1173 43.16970617575076 20.0
1 1174 43.14742465912146 20.0
1 1175 43.1251756917284 20.0
1 1176 43.10295938786509 20.0
1 1177 43.08077586351372 20.0
1 1178 43.058625236363724 20.0
1 1179 43.036507625816476 20.0
1 1180 43.01442315298458 20.0
1 1181 42.992371940702135 20.0
1 1182 42.97035411351647 20.0
1 1183 42.94836979769724 20.0
1 1184 42.92641912125059 20.0
1 1185 42.90450221391475 20.0
1 1186 42.88261920714734 20.0
1 1187 42.860770234159034 20.0
1 1188 42.8389554298873 20.0
1 1189 42.81717493102461 20.0
1 1190 42.795428876006085 20.0
1 1191 42.773717405006316 20.0
1 1192 42.75204065996325 26.0
1 1193 42.73039878455776 20.0
1 1194 42.70879192423583 20.0
1 1195 42.68722022619975 20.0
1 1196 42.665683839411095 21.0
1 1197 42.64418291458795 20.0
1 1198 42.622717604223894 21.0
1 1199 42.60128806257125 21.0
1 1200 42.57989444565758 21.0
1 1201 42.55853691127238 21.0
1 1202 42.5372156189793 21.0
1 1203 42.51593073011676 21.0
1 1204 42.494682407792524 21.0
1 1205 42.4734708168998 21.0
1 1206 42.45229612408966 21.0
1 1207 42.43115849781875 21.0
1 1208 42.410058108293 20.0
1 1209 42.38899512750941 20.0
1 1210 42.36796972925426 20.0
1 1211 42.34698208907733 20.0
1 1212 42.32603238431892 20.0
1 1213 42.30512079409737 20.0
1 1214 42.28424749931744 20.0
1 1215 42.263412682654966 20.0
1 1216 42.24261652857861 20.0
1 1217 42.22185922331841 20.0
1 1218 42.20114095492075 20.0
1 1219 42.180461913177474 20.0
1 1220 42.15982228968636 20.0
1 1221 42.139222277801935 20.0
1 1222 42.11866207267154 20.0
1 1223 42.09814187122463 20.0
1 1224 42.07766187215626 20.0
1 1225 42.05722227594389 20.0
1 1226 42.03682328484857 20.0
1 1227 42.01646510288294 18.0
1 1228 41.99614793585696 20.0
1 1229 41.97587199133784 20.0
1 1230 41.95563747866697 20.0
1 1231 41.93544460894283 20.0
1 1232 41.91529359505574 20.0
1 1233 41.89518465163712 20.0
1 1234 41.87511799508759 19.0
1 1235 41.8550938435648 20.0
1 1236 41.835112416999195 20.0
1 1237 41.815173937064365 20.0
1 1238 41.79527862718069 20.0
1 1239 41.77542671253037 20.0
1 1240 41.755618420044065 20.0
1 1241 41.73585397838702 21.0
1 1242 41.716133617990046 20.0
1 1243 41.69645757098912 25.0
1 1244 41.67682607129067 21.0
1 1245 41.657239354514445 21.0
1 1246 41.63769765799741 21.0
1 1247 41.618201220837015 21.0
1 1248 41.59875028382901 21.0
1 1249 41.57934508950295 21.0
1 1250 41.559985882079076 21.0
1 1251 41.5406729075168 21.0
1 1252 41.52140641346101 21.0
1 1253 41.50218664928526 21.0
1 1254 41.483013866027605 21.0
1 1255 41.46388831645731 21.0
1 1256 41.44481025500806 25.0
1 1257 41.425779937804585 24.0
1 1258 41.40679762265329 21.0
1 1259 41.387863569054126 21.0
1 1260 41.368978038142316 21.0
1 1261 41.350141292755914 21.0
1 1262 41.3313535973628 21.0
1 1263 41.312615218115084 20.0
1 1264 41.293926422806685 21.0
1 1265 41.27528748085475 21.0
1 1266 41.25669866334658 21.0
1 1267 41.23816024299177 20.0
1 1268 41.21967249412387 20.0
1 1269 41.20123569270719 20.0
1 1270 41.18285011630785 20.0
1 1271 41.16451604412903 20.0
1 1272 41.14623375695591 20.0
1 1273 41.12800353717411 20.0
1 1274 41.10982566877173 20.0
1 1275 41.09170043730227 20.0
1 1276 41.07362812991734 20.0
1 1277 41.055609035338165 20.0
1 1278 41.03764344385071 20.0
1 1279 41.0197316472881 20.0
1 1280 41.00187393904886 20.0
1 1281 40.98407061405325 20.0
1 1282 40.96632196878856 20.0
1 1283 40.94862830125561 20.0
1 1284 40.93098991098162 20.0
1 1285 40.91340709899713 20.0
1 1286 40.89588016785285 20.0
1 1287 40.8784094216003 21.0
1 1288 40.86099516577457 21.0
1 1289 40.84363770738526 21.0
1 1290 40.82633735495428 20.0
1 1291 40.80909441842227 21.0
1 1292 40.79190920923535 21.0
1 1293 40.774782040254784 21.0
1 1294 40.757713225803144 21.0
1 1295 40.74070308163463 21.0
1 1296 40.72375192491798 21.0
1 1297 40.706860074268455 21.0
1 1298 40.69002784966855 21.0
1 1299 40.673255572535716 21.0
1 1300 40.65654356566375 21.0
1 1301 40.639892153216536 21.0
1 1302 40.6233016607585 21.0
1 1303 40.60677241518848 21.0
1 1304 40.59030474476664 21.0
1 1305 40.57389897910702 21.0
1 1306 40.557555449167765 21.0
1 1307 40.54127448719497 21.0
1 1308 40.525056426788424 21.0
1 1309 40.50890160282915 21.0
1 1310 40.492810351497766 21.0
1 1311 40.476783010287114 21.0
1 1312 40.46081991792504 21.0
1 1313 40.444921414444096 21.0
1 1314 40.42908784110692 21.0
1 1315 40.413319540413674 21.0
1 1316 40.39761685613737 21.0
1 1317 40.38198013325147 21.0
1 1318 40.36640971792517 21.0
1 1319 40.35090595756439 21.0
1 1320 40.33546920075724 21.0
1 1321 40.320099797269094 21.0
1 1322 40.30479809803814 21.0
1 1323 40.289564455168104 21.0
1 1324 40.274399221910166 21.0
1 1325 40.25930275264434 21.0
1 1326 40.244275402881115 21.0
1 1327 40.22931752927254 21.0
1 1328 40.21442948952483 21.0
1 1329 40.19961164248915 21.0
1 1330 40.18486434806922 21.0
1 1331 40.170187967247095 21.0
1 1332 40.15558286205567 21.0
1 1333 40.14104939559746 21.0
1 1334 40.12658793197884 21.0
1 1335 40.1121988363567 21.0
1 1336 40.09788247488894 21.0
1 1337 40.08363921473326 21.0
1 1338 40.069469424034104 21.0
1 1339 40.055373471910556 21.0
1 1340 40.04135172845494 21.0
1 1341 40.02740456470446 21.0
1 1342 40.0135323526342 22.0
1 1343 39.99973546515646 21.0
1 1344 39.98601427608706 21.0
1 1345 39.97236916015331 21.0
1 1346 39.95880049294972 21.0
1 1347 39.94530865100118 22.0
1 1348 39.93189401162915 22.0
1 1349 39.91855695305836 22.0
1 1350 39.905297854327635 22.0
1 1351 39.89211709532253 26.0
1 1352 39.87901505672399 22.0
1 1353 39.86599212002467 21.0
1 1354 39.85304866752017 22.0
1 1355 39.84018508223243 21.0
1 1356 39.827401747997726 21.0
1 1357 39.814699049392345 21.0
1 1358 39.80207737170029 21.0
1 1359 39.78953710095422 21.0
1 1360 39.777078623904046 21.0
1 1361 39.764702327970966 21.0
1 1362 39.75240860128444 21.0
1 1363 39.74019783262189 21.0
1 1364 39.72807041143784 21.0
1 1365 39.71602672783494 21.0
1 1366 39.70406717252426 21.0
1 1367 39.692192136853706 21.0
1 1368 39.68040201274811 21.0
1 1369 39.66869719275517 21.0
1 1370 39.65707806998956 21.0
1 1371 39.6455450381061 21.0
1 1372 39.63409849135711 21.0
1 1373 39.622738824493716 21.0
1 1374 39.611466432788724 21.0
1 1375 39.60028171204657 21.0
1 1376 39.58918505854923 21.0
1 1377 39.57817686907085 21.0
1 1378 39.567257540840096 21.0
1 1379 39.55642747157807 21.0
1 1380 39.54568705938379 21.0
1 1381 39.535036702836244 21.0
1 1382 39.52447680089186 21.0
1 1383 39.51400775293405 21.0
1 1384 39.50362995873134 21.0
1 1385 39.49334381840807 21.0
1 1386 39.48314973244679 21.0
1 1387 39.47304810167038 21.0
1 1388 39.46303932726663 21.0
1 1389 39.45312381067139 21.0
1 1390 39.44330195372181 21.0
1 1391 39.43357415843681 21.0
1 1392 39.423940827182214 21.0
1 1393 39.4144023625796 21.0
1 1394 39.40495916744588 21.0
1 1395 39.3956116448948 21.0
1 1396 39.386360198238705 21.0
1 1397 39.377205230959966 21.0
1 1398 39.368147146780736 21.0
1 1399 39.359186349566045 21.0
1 1400 39.35032324338477 21.0
1 1401 39.34155823242042 21.0
1 1402 39.332891720998774 21.0
1 1403 39.32432411358762 21.0
1 1404 39.315855814745504 21.0
1 1405 39.307487229112326 21.0
1 1406 39.299218761465156 21.0
1 1407 39.291050816584395 21.0
1 1408 39.282983799330786 21.0
1 1409 39.275018114635834 21.0
1 1410 39.26715416737865 21.0
1 1411 39.25939236254512 21.0
1 1412 39.25173310507503 21.0
1 1413 39.24417679987679 22.0
1 1414 39.23672385184259 21.0
1 1415 39.22937466586644 22.0
1 1416 39.22212964671443 21.0
1 1417 39.214989199139815 21.0
1 1418 39.20795372781196 21.0
1 1419 39.201023637261 22.0
1 1420 39.194199331955716 21.0
1 1421 39.18748121623452 21.0
1 1422 39.18086969427039 21.0
1 1423 39.174365170106775 21.0
1 1424 39.16796804767773 22.0
1 1425 39.161678730629696 22.0
1 1426 39.15549762251946 22.0
1 1427 39.14942512666931 21.0
1 1428 39.14346164618958 22.0
1 1429 39.137607583969526 22.0
1 1430 39.13186334263297 22.0
1 1431 39.126229324586454 21.0
1 1432 39.12070593195347 22.0
1 1433 39.11529356657809 22.0
1 1434 39.109992630047685 22.0
1 1435 39.104803523594505 22.0
1 1436 39.0997266481738 22.0
1 1437 39.0947624044048 22.0
1 1438 39.08991119252932 22.0
1 1439 39.08517341251588 22.0
1 1440 39.0805494638681 22.0
1 1441 39.076039745798255 22.0
1 1442 39.071644657137576 22.0
1 1443 39.06736459620357 22.0
1 1444 39.06319996102197 22.0
1 1445 39.059151149132 22.0
1 1446 39.05521855764396 22.0
1 1447 39.05140258324748 22.0
1 1448 39.04770362214397 22.0
1 1449 39.04412207005161 22.0
1 1450 39.04065832226874 22.0
1 1451 39.037312773530196 22.0
1 1452 39.03408581808684 22.0
1 1453 39.03097784970797 22.0
1 1454 39.02798926156606 22.0
1 1455 39.025120446370714 22.0
1 1456 39.022371796222885 22.0
1 1457 39.019743702704986 22.0
1 1458 39.01723655677988 22.0
1 1459 39.0148507489232 22.0
1 1460 39.01258666888635 22.0
1 1461 39.010444705946156 22.0
1 1462 39.00842524864013 22.0
1 1463 39.00652868503117 22.0
1 1464 39.004755402421694 22.0
1 1465 39.0031057875346 22.0
1 1466 39.00158022639416 22.0
1 1467 39.00017910445615 22.0
1 1468 38.9989028063945 22.0
1 1469 38.997751716274294 22.0
1 1470 38.99672621743965 22.0
1 1471 38.99582669255618 22.0
1 1472 38.995053523523985 22.0
1 1473 38.99440709163033 22.0
1 1474 38.99388777730289 22.0
1 1475 38.993495960367675 22.0
1 1476 38.99323201981992 22.0
1 1477 38.993096333934616 22.0
1 1478 38.99308928021329 22.0
1 1479 38.99321123539916 22.0
1 1480 38.993462575467476 22.0
1 1481 38.99384367556239 22.0
1 1482 38.994354910129 22.0
1 1483 38.99499665268242 22.0
1 1484 38.99576927607705 22.0
1 1485 38.99667315222915 22.0
1 1486 38.99770865231099 22.0
1 1487 38.99887614662237 22.0
1 1488 39.00017600467877 22.0
1 1489 39.00160859508813 19.0
1 1490 39.00317428563006 22.0
1 1491 39.004873443252414 22.0
1 1492 39.00670643407513 22.0
1 1493 39.00867362326963 22.0
1 1494 39.010775375158595 22.0
1 1495 39.01301205324632 22.0
1 1496 39.015384020087176 22.0
1 1497 39.01789163735896 22.0
1 1498 39.02053526585297 22.0
1 1499 39.023315265515436 22.0
1 1500 39.02623199523466 22.0
1 1501 39.02928581320668 22.0
1 1502 39.032477076512016 22.0
1 1503 39.03580614141418 22.0
1 1504 39.039273363300005 22.0
1 1505 39.042879096522555 22.0
1 1506 39.04662369454146 22.0
1 1507 39.050507509952205 22.0
1 1508 39.054530894325886 22.0
1 1509 39.05869419835127 22.0
1 1510 39.06299777174006 22.0
1 1511 39.067441963290634 22.0
1 1512 39.07202712081029 22.0
1 1513 39.07675359120771 22.0
1 1514 39.08162172038364 22.0
1 1515 39.08663185335611 22.0
1 1516 39.091784334150084 22.0
1 1517 39.09707950582405 22.0
1 1518 39.102517710407916 22.0
1 1519 39.10809928920014 22.0
1 1520 39.11382458229436 22.0
1 1521 39.11969392896391 22.0
1 1522 39.12570766740828 22.0
1 1523 39.13186613503479 22.0
1 1524 39.13816966811591 22.0
1 1525 39.14461860204371 22.0
1 1526 39.151213271276056 22.0
1 1527 39.15795400925053 22.0
1 1528 39.16484114848482 22.0
1 1529 39.171875020506135 22.0
1 1530 39.17905595591086 22.0
1 1531 39.18638428437589 22.0
1 1532 39.19386033451417 22.0
1 1533 39.20148443407072 22.0
1 1534 39.20925690985601 22.0
1 1535 39.2171780877474 22.0
1 1536 39.225248292515396 22.0
1 1537 39.23346784820821 22.0
1 1538 39.24183707780393 22.0
1 1539 39.25035630336625 22.0
1 1540 39.2590258460588 22.0
1 1541 39.26784602612621 22.0
1 1542 39.27681716286082 23.0
1 1543 39.285939574574584 22.0
1 1544 39.295213578852355 23.0
1 1545 39.30463949217851 22.0
1 1546 39.3142176302569 23.0
1 1547 39.32394830782567 22.0
1 1548 39.333831838769505 23.0
1 1549 39.343868536050856 23.0
1 1550 39.35405871180748 23.0
1 1551 39.36440267732215 23.0
1 1552 39.37490074284905 23.0
1 1553 39.38555321801556 23.0
1 1554 39.39636041145832 23.0
1 1555 39.40732263093971 23.0
1 1556 39.41844018352203 23.0
1 1557 39.429713375324816 22.0
1 1558 39.441142511688064 23.0
1 1559 39.45272789717396 23.0
1 1560 39.46446983550613 22.0
1 1561 39.476368629628965 23.0
1 1562 39.488424581634696 22.0
1 1563 39.500637993016305 23.0
1 1564 39.513009164363524 22.0
1 1565 39.52553839549879 22.0
1 1566 39.53822598568995 22.0
1 1567 39.55107223321608 23.0
1 1568 39.56407743582268 22.0
1 1569 39.577241890540314 22.0
1 1570 39.590565893581605 22.0
1 1571 39.60404974060322 21.0
1 1572 39.617693726566024 22.0
1 1573 39.631498145702935 22.0
1 1574 39.6454632917487 22.0
1 1575 39.65958945763909 22.0
1 1576 39.67387693580147 22.0
1 1577 39.688326018052635 22.0
1 1578 39.70293699559915 22.0
1 1579 39.71771015903562 22.0
1 1580 39.73264579851671 22.0
1 1581 39.74774420354922 22.0
1 1582 39.76300566318308 22.0
1 1583 39.77843046590538 22.0
1 1584 39.79401889971097 22.0
1 1585 39.80977125218218 22.0
1 1586 39.82568781038054 22.0
1 1587 39.84176886092657 22.0
1 1588 39.85801469005741 22.0
1 1589 39.874425583546284 22.0
1 1590 39.89100182680685 22.0
1 1591 39.907743704925664 22.0
1 1592 39.92465150253477 22.0
1 1593 39.941725504091124 22.0
1 1594 39.95896599351487 22.0
1 1595 39.97637325465728 22.0
1 1596 39.993947570968416 22.0
1 1597 40.01168922570214 22.0
1 1598 40.029598501818946 22.0
1 1599 40.04767568216305 22.0
1 1600 40.06592104923157 22.0
1 1601 40.08433488562949 22.0
1 1602 40.10291747352109 22.0
1 1603 40.12166909508183 22.0
1 1604 40.140590032451044 22.0
1 1605 40.159680567584864 23.0
1 1606 40.17894098239994 23.0
1 1607 40.19837155888327 23.0
1 1608 40.21797257892978 23.0
1 1609 40.23774432442789 23.0
1 1610 40.25768707741708 23.0
1 1611 40.277801119934715 23.0
1 1612 40.298086734098874 23.0
1 1613 40.318544202239686 23.0
1 1614 40.339173806756065 23.0
1 1615 40.35997583025332 23.0
1 1616 40.380950555534646 23.0
1 1617 40.40209826566869 23.0
1 1618 40.42341924397904 23.0
1 1619 40.44491377392385 23.0
1 1620 40.466582139522764 23.0
1 1621 40.48842462496537 23.0
1 1622 40.510441514945065 23.0
1 1623 40.53263309444742 23.0
1 1624 40.55499964883434 23.0
1 1625 40.57754146421368 23.0
1 1626 40.60025882689526 23.0
1 1627 40.623152023837235 24.0
1 1628 40.646221342515844 23.0
1 1629 40.669467071092974 23.0
1 1630 40.69288949825214 23.0
1 1631 40.716488913357594 23.0
1 1632 40.74026560647594 22.0
1 1633 40.76421986833589 22.0
1 1634 40.78835199056462 22.0
1 1635 40.812662265387026 22.0
1 1636 40.83715098604138 22.0
1 1637 40.86181844642034 22.0
1 1638 40.88666494151319 22.0
1 1639 40.91169076712646 22.0
1 1640 40.9368962199513 22.0
1 1641 40.96228159789496 22.0
1 1642 40.987847199748316 22.0
1 1643 41.0135933253724 22.0
1 1644 41.039520275798516 22.0
1 1645 41.065628353179854 23.0
1 1646 41.09191786085363 22.0
1 1647 41.1183891034132 23.0
1 1648 41.14504238666436 23.0
1 1649 41.17187801777759 23.0
1 1650 41.198896305215136 23.0
1 1651 41.226097558867295 23.0
1 1652 41.25348208999526 23.0
1 1653 41.281050211403 23.0
1 1654 41.30880223733043 23.0
1 1655 41.336738483542426 23.0
1 1656 41.364859267439535 23.0
1 1657 41.39316490818072 23.0
1 1658 41.4216557263699 23.0
1 1659 41.450332044327936 23.0
1 1660 41.479194186442086 23.0
1 1661 41.50824247856328 23.0
1 1662 41.537477248644024 23.0
1 1663 41.56689882627482 23.0
1 1664 41.59650754321258 23.0
1 1665 41.6263037330741 23.0
1 1666 41.65628773149421 23.0
1 1667 41.686459876332876 23.0
1 1668 41.71682050742931 23.0
1 1669 41.747369966725536 23.0
1 1670 41.778108598660744 23.0
1 1671 41.80903674964779 23.0
1 1672 41.8401547685515 23.0
1 1673 41.87146300650837 23.0
1 1674 41.90296181713875 22.0
1 1675 41.93465155658282 22.0
1 1676 41.966532583320365 22.0
1 1677 41.99860525848482 22.0
1 1678 42.03086994574841 22.0
1 1679 42.06332701160679 22.0
1 1680 42.09597682507064 22.0
1 1681 42.128819758059606 23.0
1 1682 42.16185618507446 23.0
1 1683 42.195086483809355 23.0
1 1684 42.22851103459807 23.0
1 1685 42.26213022081783 23.0
1 1686 42.29594442907545 23.0
1 1687 42.32995404854336 23.0
1 1688 42.3641594722046 23.0
1 1689 42.39856109556437 23.0
1 1690 42.43315931784871 23.0
1 1691 42.46795454129342 23.0
1 1692 42.50294717165143 23.0
1 1693 42.538137617901384 23.0
1 1694 42.573526292709055 23.0
1 1695 42.60911361195349 23.0
1 1696 42.64489999541426 23.0
1 1697 42.68088586630572 23.0
1 1698 42.71707165158939 23.0
1 1699 42.753457781744245 23.0
1 1700 42.790044691585585 23.0
1 1701 42.82683281915246 23.0
1 1702 42.863822606904385 23.0
1 1703 42.901014500970156 22.0
1 1704 42.93840895167609 22.0
1 1705 42.97600641332032 22.0
1 1706 43.01380734449645 23.0
1 1707 43.05181220789332 23.0
1 1708 43.090021470643144 23.0
1 1709 43.128435604062744 23.0
1 1710 43.16705508377831 23.0
1 1711 43.20588039020394 23.0
1 1712 43.24491200797091 23.0
1 1713 43.284150426474795 23.0
1 1714 43.32359613968427 23.0
1 1715 43.36324964628007 23.0
1 1716 43.40311144981734 23.0
1 1717 43.443182058509805 23.0
1 1718 43.4834619857247 23.0
1 1719 43.52395174951635 23.0
1 1720 43.56465187327448 23.0
1 1721 43.60556288510516 23.0
1 1722 43.64668531873041 23.0
1 1723 43.68801971264783 23.0
1 1724 43.729566611072514 23.0
1 1725 43.7713265633598 19.0
1 1726 43.81330012418938 23.0
1 1727 43.85548785403465 23.0
1 1728 43.89789031868334 23.0
1 1729 43.940508089667865 23.0
1 1730 43.98334174412942 23.0
1 1731 44.026391865151155 23.0
1 1732 44.069659041448105 23.0
1 1733 44.11314386781813 23.0
1 1734 44.15684694478914 23.0
1 1735 44.200768879243604 23.0
1 1736 44.24491028394163 23.0
1 1737 44.28927177797452 23.0
1 1738 44.333853986536276 23.0
1 1739 44.378657541275324 23.0
1 1740 44.42368308014267 23.0
1 1741 44.468931247595684 23.0
1 1742 44.5144026946056 23.0
1 1743 44.56009807881392 23.0
1 1744 44.60601806443075 23.0
1 1745 44.65216332257538 23.0
1 1746 44.69853453095602 23.0
1 1747 44.74513237440357 23.0
1 1748 44.791957544613105 23.0
1 1749 44.83901074021282 23.0
1 1750 44.88629266726763 23.0
1 1751 44.933804038680364 23.0
1 1752 44.981545574760446 23.0
1 1753 45.02951800310517 24.0
1 1754 45.077722058876624 23.0
1 1755 45.12615848452616 23.0
1 1756 45.17482803015196 23.0
1 1757 45.223731453439235 23.0
1 1758 45.27286951985097 23.0
1 1759 45.3222430025321 23.0
1 1760 45.37185268256567 23.0
1 1761 45.42169934896011 23.0
1 1762 45.47178379868339 23.0
1 1763 45.522106836834745 23.0
1 1764 45.5726692765721 23.0
1 1765 45.623471939544004 23.0
1 1766 45.6745156553408 23.0
1 1767 45.725801262166684 23.0
1 1768 45.77732960672338 23.0
1 1769 45.82910154410637 23.0
1 1770 45.88111793822542 23.0
1 1771 45.93337966147519 23.0
1 1772 45.9858875951749 23.0
1 1773 46.038642629384405 24.0
1 1774 46.09164566315036 22.0
1 1775 46.14489760452948 23.0
1 1776 46.198399370642925 23.0
1 1777 46.25215188784558 23.0
1 1778 46.306156091576085 23.0
1 1779 46.360412926655805 23.0
1 1780 46.41492334740033 23.0
1 1781 46.46968831757781 23.0
1 1782 46.52470881034304 23.0
1 1783 46.579985808596646 23.0
1 1784 46.635520304973646 23.0
1 1785 46.69131330189884 23.0
1 1786 46.74736581162472 19.0
1 1787 46.80367885631014 23.0
1 1788 46.86025346819654 23.0
1 1789 46.91709068965525 23.0
1 1790 46.97419157317721 23.0
1 1791 47.0315571815683 23.0
1 1792 47.08918858785991 24.0
1 1793 47.14708687577829 24.0
1 1794 47.20525313909603 23.0
1 1795 47.26368848254582 23.0
1 1796 47.322394021570844 23.0
1 1797 47.38137088193411 23.0
1 1798 47.44062020054796 23.0
1 1799 47.500143125113716 23.0
1 1800 47.559940814344614 23.0
1 1801 47.62001443797506 23.0
1 1802 47.68036517691163 23.0
1 1803 47.74099422313241 23.0
1 1804 47.8019027801723 23.0
1 1805 47.86309206264834 23.0
1 1806 47.9245632967888 23.0
1 1807 47.986317720245 23.0
1 1808 48.048356582497206 19.0
1 1809 48.11068114441399 24.0
1 1810 48.173292678809496 24.0
1 1811 48.23619247034865 23.0
1 1812 48.29938181543387 23.0
1 1813 48.362862022687715 23.0
1 1814 48.426634412673835 23.0
1 1815 48.49070031828071 23.0
1 1816 48.55506108430466 23.0
1 1817 48.619718068115525 19.0
1 1818 48.684672639493904 23.0
1 1819 48.74992618049236 23.0
1 1820 48.81548008592344 23.0
1 1821 48.88133576288859 23.0
1 1822 48.94749463164548 23.0
1 1823 49.01395812487664 24.0
1 1824 49.0807276881767 24.0
1 1825 49.147804780168315 24.0
1 1826 49.21519087238473 23.0
1 1827 49.28288744968005 23.0
1 1828 49.35089600947307 23.0
1 1829 49.419218063231845 23.0
1 1830 49.48785513492903 23.0
1 1831 49.556808762626005 23.0
1 1832 49.626080497215334 23.0
1 1833 49.695671903574905 23.0
1 1834 49.76558456002683 23.0
1 1835 49.835820058535006 23.0
1 1836 49.90638000477763 23.0
1 1837 49.97726601848638 24.0
1 1838 50.04847973306272 24.0
1 1839 50.12002279604908 24.0
1 1840 50.19189686875143 18.0
1 1841 50.264103626968186 24.0
1 1842 50.3366447604843 23.0
1 1843 50.40952197336581 23.0
1 1844 50.482736983867824 23.0
1 1845 50.55629152505048 23.0
1 1846 50.63018734396843 23.0
1 1847 50.7044262024144 23.0
1 1848 50.77900987702177 23.0
1 1849 50.85394015886385 23.0
1 1850 50.92921885373577 24.0
1 1851 51.004847782230364 24.0
1 1852 51.08082878010636 24.0
1 1853 51.15716369777482 24.0
1 1854 51.23385440066495 23.0
1 1855 51.31090276968184 23.0
1 1856 51.388310700412006 23.0
1 1857 51.46608010388946 23.0
1 1858 51.544212906363555 23.0
1 1859 51.622711049520625 23.0
1 1860 51.701576490265666 23.0
1 1861 51.780811201243004 23.0
1 1862 51.86041717051893 23.0
1 1863 51.94039640154607 23.0
1 1864 52.0207509137234 24.0
1 1865 52.101482742130955 24.0
1 1866 52.18259393761274 24.0
1 1867 52.26408656657955 23.0
1 1868 52.3459627117066 23.0
1 1869 52.428224471492534 23.0
1 1870 52.51087396045481 23.0
1 1871 52.59391330916759 23.0
1 1872 52.67734466436685 23.0
1 1873 52.761170188829794 23.0
1 1874 52.84539206174531 23.0
1 1875 52.93001247851159 24.0
1 1876 53.01503365099963 24.0
1 1877 53.10045780730331 24.0
1 1878 53.186287192077955 24.0
1 1879 53.27252406640645 23.0
1 1880 53.35917070796627 23.0
1 1881 53.44622941093468 23.0
1 1882 53.53370248630596 23.0
1 1883 53.62159226178153 23.0
1 1884 53.70990108163278 23.0
1 1885 53.798631307096855 23.0
1 1886 53.88778531608746 24.0
1 1887 53.977365503411534 24.0
1 1888 54.06737428101264 24.0
1 1889 54.157814077575026 24.0
1 1890 54.24868733904212 23.0
1 1891 54.339996527888424 23.0
1 1892 54.43174412428223 23.0
1 1893 54.52393262534407 23.0
1 1894 54.61656454505345 23.0
1 1895 54.70964241485769 23.0
1 1896 54.80316878350048 24.0
1 1897 54.89714621695482 24.0
1 1898 54.99157729820482 24.0
1 1899 55.086464628028345 24.0
1 1900 55.18181082437127 24.0
1 1901 55.277618522406144 23.0
1 1902 55.37389037520647 23.0
1 1903 55.4706290526488 23.0
1 1904 55.567837242649674 23.0
1 1905 55.66551765036205 23.0
1 1906 55.763672998630454 23.0
1 1907 55.86230602778399 24.0
1 1908 55.961419495734134 24.0
1 1909 56.061016177905785 24.0
1 1910 56.1610988675531 24.0
1 1911 56.26167037537408 23.0
1 1912 56.36273352991242 23.0
1 1913 56.46429117727908 23.0
1 1914 56.56634618114605 23.0
1 1915 56.66890142316729 23.0
1 1916 56.7719598025502 23.0
1 1917 56.87552423625902 24.0
1 1918 56.97959765915667 24.0
1 1919 57.08418302334768 24.0
1 1920 57.18928329921695 24.0
1 1921 57.2949014747562 23.0
1 1922 57.40104055577264 23.0
1 1923 57.50770356557813 23.0
1 1924 57.614893545412656 23.0
1 1925 57.72261355444044 23.0
1 1926 57.83086666936454 24.0
1 1927 57.939655984731246 24.0
1 1928 58.0489846125841 24.0
1 1929 58.15885568330851 23.0
1 1930 58.26927234466341 23.0
1 1931 58.38023776174597 23.0
1 1932 58.49175511825025 23.0
1 1933 58.60382761460115 23.0
1 1934 58.71645846971765 24.0
1 1935 58.829650919804926 24.0
1 1936 58.94340821883823 24.0
1 1937 59.057733638221755 24.0
1 1938 59.17263046715239 23.0
1 1939 59.28810201241744 18.0
1 1940 59.4041515982681 23.0
1 1941 59.52078256659173 23.0
1 1942 59.63799827663692 23.0
1 1943 59.75580210527571 24.0
1 1944 59.874197446756256 24.0
1 1945 59.99318771272587 24.0
1 1946 60.11277633212329 24.0
1 1947 60.23296675140409 23.0
1 1948 60.353762434319194 23.0
1 1949 60.47516686138934 23.0
1 1950 60.5971835309244 23.0
1 1951 60.719815958231244 24.0
1 1952 60.84306767555982 24.0
1 1953 60.96694223221916 24.0
1 1954 61.091443194627374 24.0
1 1955 61.216574146361225 24.0
1 1956 61.34233868735927 23.0
1 1957 61.46874043486166 23.0
1 1958 61.595783022767094 23.0
1 1959 61.72347010148092 24.0
1 1960 61.85180533821496 24.0
1 1961 61.98079241654669 24.0
1 1962 62.11043503711886 24.0
1 1963 62.24073691623493 23.0
1 1964 62.37170178723822 23.0
1 1965 62.503333399142335 23.0
1 1966 62.63563551748688 23.0
1 1967 62.76861192423073 24.0
1 1968 62.90226641660338 24.0
1 1969 63.036602808488595 24.0
1 1970 63.1716249290663 24.0
1 1971 63.30733662400772 23.0
1 1972 63.44374175355675 23.0
1 1973 63.58084419451963 23.0
1 1974 63.718647838549614 24.0
1 1975 63.85715659329017 24.0
1 1976 63.996374381087406 24.0
1 1977 64.13630513942834 24.0
1 1978 64.27695282131214 23.0
1 1979 64.41832139435198 23.0
1 1980 64.56041484103532 23.0
1 1981 64.7032371582662 24.0
1 1982 64.84679235798869 24.0
1 1983 64.99108446656022 24.0
1 1984 65.1361175243014 24.0
1 1985 65.28189558603894 23.0
1 1986 65.42842272043208 23.0
1 1987 65.57570301023748 23.0
1 1988 65.7237405520778 24.0
1 1989 65.8725394558713 24.0
1 1990 66.02210384547051 24.0
1 1991 66.17243785782516 24.0
1 1992 66.32354564292638 23.0
1 1993 66.47543136442697 23.0
1 1994 66.62809919810904 23.0
1 1995 66.78155333325012 24.0
1 1996 66.93579797108862 24.0
1 1997 67.09083732535437 24.0
1 1998 67.2466756222613 24.0
1 1999 67.40331710014392 23.0
1 2000 67.56076600863163 23.0
1 2001 67.7190266101809 24.0
1 2002 67.8781031773253 24.0
1 2003 68.03799999532794 24.0
1 2004 68.19872135951852 24.0
1 2005 68.36027157696803 23.0
1 2006 68.52265496485535 23.0
1 2007 68.68587585150436 24.0
1 2008 68.84993857531983 24.0
1 2009 69.0148474846846 24.0
1 2010 69.18060693813291 24.0
1 2011 69.347221304103 24.0
1 2012 69.5146949602238 23.0
1 2013 69.68303229343213 23.0
1 2014 69.85223770009586 24.0
1 2015 70.02231558500901 24.0
1 2016 70.19327036163388 24.0
1 2017 70.36510645194657 24.0
1 2018 70.53782828599685 23.0
1 2019 70.71144030166163 23.0
1 2020 70.88594694441511 24.0
1 2021 71.06135266732905 24.0
1 2022 71.23766193035638 24.0
1 2023 71.41487920044321 24.0
1 2024 71.59300895105541 23.0
1 2025 71.77205566198417 24.0
1 2026 71.95202381926092 24.0
1 2027 72.13291791454458 24.0
1 2028 72.3147424448828 24.0
1 2029 72.49750191300242 24.0
1 2030 72.6812008257972 23.0
1 2031 72.86584369552395 24.0
1 2032 73.05143503856476 24.0
1 2033 73.23797937498344 24.0
1 2034 73.4254812291665 24.0
1 2035 73.61394512830765 24.0
1 2036 73.80337560328947 23.0
1 2037 73.9937771873572 24.0
1 2038 74.1851544161945 24.0
1 2039 74.37751182818067 24.0
1 2040 74.57085396266828 24.0
1 2041 74.76518536105914 24.0
1 2042 74.96051056568858 24.0
1 2043 75.15683411966717 18.0
1 2044 75.35416056657404 nan
1 2045 75.55249444991703 nan
1 2046 75.75184031301823 nan
1 2047 75.95220269848753 nan
