x y
0.00 138.63
1.00 138.66
2.00 138.70
3.00 138.73
4.00 138.76
5.00 138.79
6.00 138.83
7.00 138.86
8.00 138.89
9.00 138.92
10.00 138.96
11.00 138.99
12.00 139.02
13.00 139.05
14.00 139.09
15.00 139.12
16.00 139.15
17.00 139.18
18.00 139.21
19.00 139.25
20.00 139.28
21.00 139.31
22.00 139.34
23.00 139.38
24.00 139.41
25.00 139.44
26.00 139.47
27.00 139.50
28.00 139.53
29.00 139.57
30.00 139.60
31.00 139.63
32.00 139.66
33.00 139.69
34.00 139.73
35.00 139.76
36.00 139.79
37.00 139.82
38.00 139.85
39.00 139.88
40.00 139.92
41.00 139.95
42.00 139.98
43.00 140.01
44.00 140.04
45.00 140.07
46.00 140.10
47.00 140.14
48.00 140.17
49.00 140.20
50.00 140.23
51.00 140.26
52.00 140.29
53.00 140.32
54.00 140.35
55.00 140.39
56.00 140.42
57.00 140.45
58.00 140.48
59.00 140.51
60.00 140.54
61.00 140.57
62.00 140.60
63.00 140.63
64.00 140.67
65.00 140.70
66.00 140.73
67.00 140.76
68.00 140.79
69.00 140.82
70.00 140.85
71.00 140.88
72.00 140.91
73.00 140.94
74.00 140.97
75.00 141.01
76.00 141.04
77.00 141.07
78.00 141.10
79.00 141.13
80.00 141.16
81.00 141.19
82.00 141.22
83.00 141.25
84.00 141.28
85.00 141.31
86.00 141.34
87.00 141.38
88.00 141.41
89.00 141.44
90.00 141.47
91.00 141.50
92.00 141.53
93.00 141.56
94.00 141.59
95.00 141.62
96.00 141.65
97.00 141.68
98.00 141.71
99.00 141.75
100.00 141.78
101.00 141.81
102.00 141.84
103.00 141.87
104.00 141.90
105.00 141.93
106.00 141.96
107.00 141.99
108.00 142.02
109.00 142.05
110.00 142.08
111.00 142.11
112.00 142.15
113.00 142.18
114.00 142.21
115.00 142.24
116.00 142.27
117.00 142.30
118.00 142.33
119.00 142.36
120.00 142.39
121.00 142.42
122.00 142.45
123.00 142.48
124.00 142.52
125.00 142.55
126.00 142.58
127.00 142.61
128.00 142.64
129.00 142.67
130.00 142.70
131.00 142.73
132.00 142.76
133.00 142.79
134.00 142.82
135.00 142.86
136.00 142.89
137.00 142.92
138.00 142.95
139.00 142.98
140.00 143.01
141.00 143.04
142.00 143.07
143.00 143.10
144.00 143.14
145.00 143.17
146.00 143.20
147.00 143.23
148.00 143.26
149.00 143.29
150.00 143.32
151.00 143.35
152.00 143.39
153.00 143.42
154.00 143.45
155.00 143.48
156.00 143.51
157.00 143.54
158.00 143.57
159.00 143.61
160.00 143.64
161.00 143.67
162.00 143.70
163.00 143.73
164.00 143.76
165.00 143.80
166.00 143.83
167.00 143.86
168.00 143.89
169.00 143.92
170.00 143.95
171.00 143.99
172.00 144.02
173.00 144.05
174.00 144.08
175.00 144.11
176.00 144.15
177.00 144.18
178.00 144.21
179.00 144.24
180.00 144.27
181.00 144.31
182.00 144.34
183.00 144.37
184.00 144.40
185.00 144.44
186.00 144.47
187.00 144.50
188.00 144.53
189.00 144.57
190.00 144.60
191.00 144.63
192.00 144.66
193.00 144.70
194.00 144.73
195.00 144.76
196.00 144.79
197.00 144.83
198.00 144.86
199.00 144.89
200.00 144.92
201.00 144.96
202.00 144.99
203.00 145.02
204.00 145.06
205.00 145.09
206.00 145.12
207.00 145.16
208.00 145.19
209.00 145.22
210.00 145.26
211.00 145.29
212.00 145.32
213.00 145.36
214.00 145.39
215.00 145.42
216.00 145.46
217.00 145.49
218.00 145.52
219.00 145.56
220.00 145.59
221.00 145.63
222.00 145.66
223.00 145.69
224.00 145.73
225.00 145.76
226.00 145.80
227.00 145.83
228.00 145.86
229.00 145.90
230.00 145.93
231.00 145.97
232.00 146.00
233.00 146.04
234.00 146.07
235.00 146.11
236.00 146.14
237.00 146.18
238.00 146.21
239.00 146.25
240.00 146.28
241.00 146.32
242.00 146.35
243.00 146.39
244.00 146.42
245.00 146.46
246.00 146.49
247.00 146.53
248.00 146.56
249.00 146.60
250.00 146.63
251.00 146.67
252.00 146.70
253.00 146.74
254.00 146.78
255.00 146.81
256.00 146.85
257.00 146.88
258.00 146.92
259.00 146.96
260.00 146.99
261.00 147.03
262.00 147.06
263.00 147.10
264.00 147.14
265.00 147.17
266.00 147.21
267.00 147.25
268.00 147.28
269.00 147.32
270.00 147.36
271.00 147.39
272.00 147.43
273.00 147.47
274.00 147.51
275.00 147.54
276.00 147.58
277.00 147.62
278.00 147.66
279.00 147.69
280.00 147.73
281.00 147.77
282.00 147.81
283.00 147.84
284.00 147.88
285.00 147.92
286.00 147.96
287.00 148.00
288.00 148.04
289.00 148.07
290.00 148.11
291.00 148.15
292.00 148.19
293.00 148.23
294.00 148.27
295.00 148.31
296.00 148.34
297.00 148.38
298.00 148.42
299.00 148.46
300.00 148.50
301.00 148.54
302.00 148.58
303.00 148.62
304.00 148.66
305.00 148.70
306.00 148.74
307.00 148.78
308.00 148.82
309.00 148.86
310.00 148.90
311.00 148.94
312.00 148.98
313.00 149.02
314.00 149.06
315.00 149.10
316.00 149.14
317.00 149.18
318.00 149.22
319.00 149.26
320.00 149.30
321.00 149.35
322.00 149.39
323.00 149.43
324.00 149.47
325.00 149.51
326.00 149.55
327.00 149.59
328.00 149.64
329.00 149.68
330.00 149.72
331.00 149.76
332.00 149.80
333.00 149.85
334.00 149.89
335.00 149.93
336.00 149.97
337.00 150.02
338.00 150.06
339.00 150.10
340.00 150.15
341.00 150.19
342.00 150.23
343.00 150.28
344.00 150.32
345.00 150.36
346.00 150.41
347.00 150.45
348.00 150.49
349.00 150.54
350.00 150.58
351.00 150.63
352.00 150.67
353.00 150.71
354.00 150.76
355.00 150.80
356.00 150.85
357.00 150.89
358.00 150.94
359.00 150.98
360.00 151.03
361.00 151.07
362.00 151.12
363.00 151.16
364.00 151.21
365.00 151.25
366.00 151.30
367.00 151.35
368.00 151.39
369.00 151.44
370.00 151.48
371.00 151.53
372.00 151.58
373.00 151.62
374.00 151.67
375.00 151.72
376.00 151.76
377.00 151.81
378.00 151.86
379.00 151.91
380.00 151.95
381.00 152.00
382.00 152.05
383.00 152.10
384.00 152.14
385.00 152.19
386.00 152.24
387.00 152.29
388.00 152.34
389.00 152.39
390.00 152.43
391.00 152.48
392.00 152.53
393.00 152.58
394.00 152.63
395.00 152.68
396.00 152.73
397.00 152.78
398.00 152.83
399.00 152.88
400.00 152.93
401.00 152.98
402.00 153.03
403.00 153.08
404.00 153.13
405.00 153.18
406.00 153.23
407.00 153.28
408.00 153.33
409.00 153.38
410.00 153.43
411.00 153.48
412.00 153.54
413.00 153.59
414.00 153.64
415.00 153.69
416.00 153.74
417.00 153.80
418.00 153.85
419.00 153.90
420.00 153.95
421.00 154.00
422.00 154.06
423.00 154.11
424.00 154.16
425.00 154.22
426.00 154.27
427.00 154.32
428.00 154.38
429.00 154.43
430.00 154.48
431.00 154.54
432.00 154.59
433.00 154.65
434.00 154.70
435.00 154.76
436.00 154.81
437.00 154.87
438.00 154.92
439.00 154.98
440.00 155.03
441.00 155.09
442.00 155.14
443.00 155.20
444.00 155.25
445.00 155.31
446.00 155.37
447.00 155.42
448.00 155.48
449.00 155.54
450.00 155.59
451.00 155.65
452.00 155.71
453.00 155.76
454.00 155.82
455.00 155.88
456.00 155.94
457.00 155.99
458.00 156.05
459.00 156.11
460.00 156.17
461.00 156.23
462.00 156.29
463.00 156.34
464.00 156.40
465.00 156.46
466.00 156.52
467.00 156.58
468.00 156.64
469.00 156.70
470.00 156.76
471.00 156.82
472.00 156.88
473.00 156.94
474.00 157.00
475.00 157.06
476.00 157.12
477.00 157.18
478.00 157.24
479.00 157.31
480.00 157.37
481.00 157.43
482.00 157.49
483.00 157.55
484.00 157.61
485.00 157.68
486.00 157.74
487.00 157.80
488.00 157.86
489.00 157.93
490.00 157.99
491.00 158.05
492.00 158.12
493.00 158.18
494.00 158.24
495.00 158.31
496.00 158.37
497.00 158.44
498.00 158.50
499.00 158.56
500.00 158.63
501.00 158.69
502.00 158.76
503.00 158.82
504.00 158.89
505.00 158.96
506.00 159.02
507.00 159.09
508.00 159.15
509.00 159.22
510.00 159.29
511.00 159.35
512.00 159.42
513.00 159.49
514.00 159.55
515.00 159.62
516.00 159.69
517.00 159.76
518.00 159.82
519.00 159.89
520.00 159.96
521.00 160.03
522.00 160.10
523.00 160.17
524.00 160.23
525.00 160.30
526.00 160.37
527.00 160.44
528.00 160.51
529.00 160.58
530.00 160.65
531.00 160.72
532.00 160.79
533.00 160.86
534.00 160.93
535.00 161.00
536.00 161.08
537.00 161.15
538.00 161.22
539.00 161.29
540.00 161.36
541.00 161.43
542.00 161.51
543.00 161.58
544.00 161.65
545.00 161.72
546.00 161.80
547.00 161.87
548.00 161.94
549.00 162.02
550.00 162.09
551.00 162.16
552.00 162.24
553.00 162.31
554.00 162.39
555.00 162.46
556.00 162.54
557.00 162.61
558.00 162.69
559.00 162.76
560.00 162.84
561.00 162.91
562.00 162.99
563.00 163.07
564.00 163.14
565.00 163.22
566.00 163.30
567.00 163.37
568.00 163.45
569.00 163.53
570.00 163.61
571.00 163.68
572.00 163.76
573.00 163.84
574.00 163.92
575.00 164.00
576.00 164.08
577.00 164.15
578.00 164.23
579.00 164.31
580.00 164.39
581.00 164.47
582.00 164.55
583.00 164.63
584.00 164.71
585.00 164.79
586.00 164.88
587.00 164.96
588.00 165.04
589.00 165.12
590.00 165.20
591.00 165.28
592.00 165.36
593.00 165.45
594.00 165.53
595.00 165.61
596.00 165.70
597.00 165.78
598.00 165.86
599.00 165.95
600.00 166.03
601.00 166.11
602.00 166.20
603.00 166.28
604.00 166.37
605.00 166.45
606.00 166.54
607.00 166.62
608.00 166.71
609.00 166.79
610.00 166.88
611.00 166.97
612.00 167.05
613.00 167.14
614.00 167.22
615.00 167.31
616.00 167.40
617.00 167.49
618.00 167.57
619.00 167.66
620.00 167.75
621.00 167.84
622.00 167.93
623.00 168.02
624.00 168.11
625.00 168.19
626.00 168.28
627.00 168.37
628.00 168.46
629.00 168.55
630.00 168.64
631.00 168.73
632.00 168.83
633.00 168.92
634.00 169.01
635.00 169.10
636.00 169.19
637.00 169.28
638.00 169.37
639.00 169.47
640.00 169.56
641.00 169.65
642.00 169.75
643.00 169.84
644.00 169.93
645.00 170.03
646.00 170.12
647.00 170.21
648.00 170.31
649.00 170.40
650.00 170.50
651.00 170.59
652.00 170.69
653.00 170.78
654.00 170.88
655.00 170.98
656.00 171.07
657.00 171.17
658.00 171.27
659.00 171.36
660.00 171.46
661.00 171.56
662.00 171.66
663.00 171.75
664.00 171.85
665.00 171.95
666.00 172.05
667.00 172.15
668.00 172.25
669.00 172.35
670.00 172.45
671.00 172.55
672.00 172.65
673.00 172.75
674.00 172.85
675.00 172.95
676.00 173.05
677.00 173.15
678.00 173.25
679.00 173.36
680.00 173.46
681.00 173.56
682.00 173.66
683.00 173.77
684.00 173.87
685.00 173.97
686.00 174.08
687.00 174.18
688.00 174.28
689.00 174.39
690.00 174.49
691.00 174.60
692.00 174.70
693.00 174.81
694.00 174.91
695.00 175.02
696.00 175.12
697.00 175.23
698.00 175.34
699.00 175.44
700.00 175.55
701.00 175.66
702.00 175.77
703.00 175.87
704.00 175.98
705.00 176.09
706.00 176.20
707.00 176.31
708.00 176.42
709.00 176.53
710.00 176.64
711.00 176.75
712.00 176.86
713.00 176.97
714.00 177.08
715.00 177.19
716.00 177.30
717.00 177.41
718.00 177.52
719.00 177.64
720.00 177.75
721.00 177.86
722.00 177.97
723.00 178.09
724.00 178.20
725.00 178.31
726.00 178.43
727.00 178.54
728.00 178.66
729.00 178.77
730.00 178.89
731.00 179.00
732.00 179.12
733.00 179.23
734.00 179.35
735.00 179.46
736.00 179.58
737.00 179.70
738.00 179.82
739.00 179.93
740.00 180.05
741.00 180.17
742.00 180.29
743.00 180.40
744.00 180.52
745.00 180.64
746.00 180.76
747.00 180.88
748.00 181.00
749.00 181.12
750.00 181.24
751.00 181.36
752.00 181.48
753.00 181.60
754.00 181.73
755.00 181.85
756.00 181.97
757.00 182.09
758.00 182.21
759.00 182.34
760.00 182.46
761.00 182.58
762.00 182.71
763.00 182.83
764.00 182.96
765.00 183.08
766.00 183.21
767.00 183.33
768.00 183.46
769.00 183.58
770.00 183.71
771.00 183.83
772.00 183.96
773.00 184.09
774.00 184.21
775.00 184.34
776.00 184.47
777.00 184.60
778.00 184.73
779.00 184.85
780.00 184.98
781.00 185.11
782.00 185.24
783.00 185.37
784.00 185.50
785.00 185.63
786.00 185.76
787.00 185.89
788.00 186.02
789.00 186.16
790.00 186.29
791.00 186.42
792.00 186.55
793.00 186.68
794.00 186.82
795.00 186.95
796.00 187.08
797.00 187.22
798.00 187.35
799.00 187.49
800.00 187.62
801.00 187.76
802.00 187.89
803.00 188.03
804.00 188.16
805.00 188.30
806.00 188.44
807.00 188.57
808.00 188.71
809.00 188.85
810.00 188.98
811.00 189.12
812.00 189.26
813.00 189.40
814.00 189.54
815.00 189.68
816.00 189.82
817.00 189.96
818.00 190.10
819.00 190.24
820.00 190.38
821.00 190.52
822.00 190.66
823.00 190.80
824.00 190.94
825.00 191.09
826.00 191.23
827.00 191.37
828.00 191.51
829.00 191.66
830.00 191.80
831.00 191.95
832.00 192.09
833.00 192.23
834.00 192.38
835.00 192.52
836.00 192.67
837.00 192.82
838.00 192.96
839.00 193.11
840.00 193.26
841.00 193.40
842.00 193.55
843.00 193.70
844.00 193.85
845.00 194.00
846.00 194.14
847.00 194.29
848.00 194.44
849.00 194.59
850.00 194.74
851.00 194.89
852.00 195.04
853.00 195.19
854.00 195.35
855.00 195.50
856.00 195.65
857.00 195.80
858.00 195.95
859.00 196.11
860.00 196.26
861.00 196.41
862.00 196.57
863.00 196.72
864.00 196.88
865.00 197.03
866.00 197.19
867.00 197.34
868.00 197.50
869.00 197.65
870.00 197.81
871.00 197.97
872.00 198.13
873.00 198.28
874.00 198.44
875.00 198.60
876.00 198.76
877.00 198.92
878.00 199.07
879.00 199.23
880.00 199.39
881.00 199.55
882.00 199.71
883.00 199.88
884.00 200.04
885.00 200.20
886.00 200.36
887.00 200.52
888.00 200.68
889.00 200.85
890.00 201.01
891.00 201.17
892.00 201.34
893.00 201.50
894.00 201.67
895.00 201.83
896.00 202.00
897.00 202.16
898.00 202.33
899.00 202.49
900.00 202.66
901.00 202.83
902.00 202.99
903.00 203.16
904.00 203.33
905.00 203.50
906.00 203.67
907.00 203.83
908.00 204.00
909.00 204.17
910.00 204.34
911.00 204.51
912.00 204.68
913.00 204.86
914.00 205.03
915.00 205.20
916.00 205.37
917.00 205.54
918.00 205.72
919.00 205.89
920.00 206.06
921.00 206.24
922.00 206.41
923.00 206.58
924.00 206.76
925.00 206.93
926.00 207.11
927.00 207.28
928.00 207.46
929.00 207.64
930.00 207.81
931.00 207.99
932.00 208.17
933.00 208.35
934.00 208.53
935.00 208.70
936.00 208.88
937.00 209.06
938.00 209.24
939.00 209.42
940.00 209.60
941.00 209.78
942.00 209.96
943.00 210.15
944.00 210.33
945.00 210.51
946.00 210.69
947.00 210.87
948.00 211.06
949.00 211.24
950.00 211.43
951.00 211.61
952.00 211.79
953.00 211.98
954.00 212.17
955.00 212.35
956.00 212.54
957.00 212.72
958.00 212.91
959.00 213.10
960.00 213.29
961.00 213.47
962.00 213.66
963.00 213.85
964.00 214.04
965.00 214.23
966.00 214.42
967.00 214.61
968.00 214.80
969.00 214.99
970.00 215.18
971.00 215.37
972.00 215.57
973.00 215.76
974.00 215.95
975.00 216.14
976.00 216.34
977.00 216.53
978.00 216.73
979.00 216.92
980.00 217.11
981.00 217.31
982.00 217.51
983.00 217.70
984.00 217.90
985.00 218.10
986.00 218.29
987.00 218.49
988.00 218.69
989.00 218.89
990.00 219.09
991.00 219.28
992.00 219.48
993.00 219.68
994.00 219.88
995.00 220.08
996.00 220.29
997.00 220.49
998.00 220.69
999.00 220.89
1000.00 221.09
1001.00 221.30
1002.00 221.50
1003.00 221.70
1004.00 221.91
1005.00 222.11
1006.00 222.32
1007.00 222.52
1008.00 222.73
1009.00 222.93
1010.00 223.14
1011.00 223.35
1012.00 223.55
1013.00 223.76
1014.00 223.97
1015.00 224.18
1016.00 224.39
1017.00 224.59
1018.00 224.80
1019.00 225.01
1020.00 225.22
1021.00 225.44
1022.00 225.65
1023.00 225.86
1024.00 226.07
1025.00 226.28
1026.00 226.49
1027.00 226.71
1028.00 226.92
1029.00 227.13
1030.00 227.35
1031.00 227.56
1032.00 227.78
1033.00 227.99
1034.00 228.21
1035.00 228.43
1036.00 228.64
1037.00 228.86
1038.00 229.08
1039.00 229.29
1040.00 229.51
1041.00 229.73
1042.00 229.95
1043.00 230.17
1044.00 230.39
1045.00 230.61
1046.00 230.83
1047.00 231.05
1048.00 231.27
1049.00 231.49
1050.00 231.72
1051.00 231.94
1052.00 232.16
1053.00 232.38
1054.00 232.61
1055.00 232.83
1056.00 233.06
1057.00 233.28
1058.00 233.51
1059.00 233.73
1060.00 233.96
1061.00 234.19
1062.00 234.41
1063.00 234.64
1064.00 234.87
1065.00 235.10
1066.00 235.32
1067.00 235.55
1068.00 235.78
1069.00 236.01
1070.00 236.24
1071.00 236.47
1072.00 236.70
1073.00 236.94
1074.00 237.17
1075.00 237.40
1076.00 237.63
1077.00 237.87
1078.00 238.10
1079.00 238.33
1080.00 238.57
1081.00 238.80
1082.00 239.04
1083.00 239.27
1084.00 239.51
1085.00 239.75
1086.00 239.98
1087.00 240.22
1088.00 240.46
1089.00 240.70
1090.00 240.94
1091.00 241.17
1092.00 241.41
1093.00 241.65
1094.00 241.89
1095.00 242.13
1096.00 242.38
1097.00 242.62
1098.00 242.86
1099.00 243.10
1100.00 243.34
1101.00 243.59
1102.00 243.83
1103.00 244.08
1104.00 244.32
1105.00 244.56
1106.00 244.81
1107.00 245.06
1108.00 245.30
1109.00 245.55
1110.00 245.80
1111.00 246.04
1112.00 246.29
1113.00 246.54
1114.00 246.79
1115.00 247.04
1116.00 247.29
1117.00 247.54
1118.00 247.79
1119.00 248.04
1120.00 248.29
1121.00 248.54
1122.00 248.79
1123.00 249.05
1124.00 249.30
1125.00 249.55
1126.00 249.81
1127.00 250.06
1128.00 250.32
1129.00 250.57
1130.00 250.83
1131.00 251.08
1132.00 251.34
1133.00 251.60
1134.00 251.85
1135.00 252.11
1136.00 252.37
1137.00 252.63
1138.00 252.89
1139.00 253.15
1140.00 253.41
1141.00 253.67
1142.00 253.93
1143.00 254.19
1144.00 254.45
1145.00 254.72
1146.00 254.98
1147.00 255.24
1148.00 255.51
1149.00 255.77
1150.00 256.03
1151.00 256.30
1152.00 256.56
1153.00 256.83
1154.00 257.10
1155.00 257.36
1156.00 257.63
1157.00 257.90
1158.00 258.17
1159.00 258.44
1160.00 258.70
1161.00 258.97
1162.00 259.24
1163.00 259.51
1164.00 259.78
1165.00 260.06
1166.00 260.33
1167.00 260.60
1168.00 260.87
1169.00 261.15
1170.00 261.42
1171.00 261.69
1172.00 261.97
1173.00 262.24
1174.00 262.52
1175.00 262.79
1176.00 263.07
1177.00 263.35
1178.00 263.62
1179.00 263.90
1180.00 264.18
1181.00 264.46
1182.00 264.74
1183.00 265.02
1184.00 265.30
1185.00 265.58
1186.00 265.86
1187.00 266.14
1188.00 266.42
1189.00 266.70
1190.00 266.99
1191.00 267.27
1192.00 267.55
1193.00 267.84
1194.00 268.12
1195.00 268.41
1196.00 268.69
1197.00 268.98
1198.00 269.26
1199.00 269.55
1200.00 269.84
1201.00 270.13
1202.00 270.41
1203.00 270.70
1204.00 270.99
1205.00 271.28
1206.00 271.57
1207.00 271.86
1208.00 272.15
1209.00 272.44
1210.00 272.74
1211.00 273.03
1212.00 273.32
1213.00 273.62
1214.00 273.91
1215.00 274.20
1216.00 274.50
1217.00 274.79
1218.00 275.09
1219.00 275.39
1220.00 275.68
1221.00 275.98
1222.00 276.28
1223.00 276.58
1224.00 276.87
1225.00 277.17
1226.00 277.47
1227.00 277.77
1228.00 278.07
1229.00 278.37
1230.00 278.68
1231.00 278.98
1232.00 279.28
1233.00 279.58
1234.00 279.89
1235.00 280.19
1236.00 280.50
1237.00 280.80
1238.00 281.11
1239.00 281.41
1240.00 281.72
1241.00 282.02
1242.00 282.33
1243.00 282.64
1244.00 282.95
1245.00 283.26
1246.00 283.57
1247.00 283.88
1248.00 284.19
1249.00 284.50
1250.00 284.81
1251.00 285.12
1252.00 285.43
1253.00 285.74
1254.00 286.06
1255.00 286.37
1256.00 286.68
1257.00 287.00
1258.00 287.31
1259.00 287.63
1260.00 287.95
1261.00 288.26
1262.00 288.58
1263.00 288.90
1264.00 289.22
1265.00 289.53
1266.00 289.85
1267.00 290.17
1268.00 290.49
1269.00 290.81
1270.00 291.13
1271.00 291.46
1272.00 291.78
1273.00 292.10
1274.00 292.42
1275.00 292.75
1276.00 293.07
1277.00 293.39
1278.00 293.72
1279.00 294.05
1280.00 294.37
1281.00 294.70
1282.00 295.02
1283.00 295.35
1284.00 295.68
1285.00 296.01
1286.00 296.34
1287.00 296.67
1288.00 297.00
1289.00 297.33
1290.00 297.66
1291.00 297.99
1292.00 298.32
1293.00 298.65
1294.00 298.99
1295.00 299.32
1296.00 299.66
1297.00 299.99
1298.00 300.32
1299.00 300.66
1300.00 301.00
1301.00 301.33
1302.00 301.67
1303.00 302.01
1304.00 302.35
1305.00 302.68
1306.00 303.02
1307.00 303.36
1308.00 303.70
1309.00 304.04
1310.00 304.39
1311.00 304.73
1312.00 305.07
1313.00 305.41
1314.00 305.76
1315.00 306.10
1316.00 306.44
1317.00 306.79
1318.00 307.13
1319.00 307.48
1320.00 307.83
1321.00 308.17
1322.00 308.52
1323.00 308.87
1324.00 309.22
1325.00 309.56
1326.00 309.91
1327.00 310.26
1328.00 310.61
1329.00 310.97
1330.00 311.32
1331.00 311.67
1332.00 312.02
1333.00 312.38
1334.00 312.73
1335.00 313.08
1336.00 313.44
1337.00 313.79
1338.00 314.15
1339.00 314.50
1340.00 314.86
1341.00 315.22
1342.00 315.58
1343.00 315.93
1344.00 316.29
1345.00 316.65
1346.00 317.01
1347.00 317.37
1348.00 317.73
1349.00 318.10
1350.00 318.46
1351.00 318.82
1352.00 319.18
1353.00 319.55
1354.00 319.91
1355.00 320.28
1356.00 320.64
1357.00 321.01
1358.00 321.37
1359.00 321.74
1360.00 322.11
1361.00 322.48
1362.00 322.84
1363.00 323.21
1364.00 323.58
1365.00 323.95
1366.00 324.32
1367.00 324.69
1368.00 325.07
1369.00 325.44
1370.00 325.81
1371.00 326.18
1372.00 326.56
1373.00 326.93
1374.00 327.31
1375.00 327.68
1376.00 328.06
1377.00 328.43
1378.00 328.81
1379.00 329.19
1380.00 329.57
1381.00 329.95
1382.00 330.33
1383.00 330.71
1384.00 331.09
1385.00 331.47
1386.00 331.85
1387.00 332.23
1388.00 332.61
1389.00 333.00
1390.00 333.38
1391.00 333.76
1392.00 334.15
1393.00 334.53
1394.00 334.92
1395.00 335.31
1396.00 335.69
1397.00 336.08
1398.00 336.47
1399.00 336.86
1400.00 337.24
1401.00 337.63
1402.00 338.02
1403.00 338.42
1404.00 338.81
1405.00 339.20
1406.00 339.59
1407.00 339.98
1408.00 340.38
1409.00 340.77
1410.00 341.17
1411.00 341.56
1412.00 341.96
1413.00 342.35
1414.00 342.75
1415.00 343.15
1416.00 343.55
1417.00 343.94
1418.00 344.34
1419.00 344.74
1420.00 345.14
1421.00 345.54
1422.00 345.94
1423.00 346.35
1424.00 346.75
1425.00 347.15
1426.00 347.56
1427.00 347.96
1428.00 348.36
1429.00 348.77
1430.00 349.18
1431.00 349.58
1432.00 349.99
1433.00 350.40
1434.00 350.80
1435.00 351.21
1436.00 351.62
1437.00 352.03
1438.00 352.44
1439.00 352.85
1440.00 353.26
1441.00 353.68
1442.00 354.09
1443.00 354.50
1444.00 354.92
1445.00 355.33
1446.00 355.74
1447.00 356.16
1448.00 356.58
1449.00 356.99
1450.00 357.41
1451.00 357.83
1452.00 358.25
1453.00 358.67
1454.00 359.08
1455.00 359.50
1456.00 359.93
1457.00 360.35
1458.00 360.77
1459.00 361.19
1460.00 361.61
1461.00 362.04
1462.00 362.46
1463.00 362.89
1464.00 363.31
1465.00 363.74
1466.00 364.16
1467.00 364.59
1468.00 365.02
1469.00 365.45
1470.00 365.87
1471.00 366.30
1472.00 366.73
1473.00 367.16
1474.00 367.59
1475.00 368.03
1476.00 368.46
1477.00 368.89
1478.00 369.32
1479.00 369.76
1480.00 370.19
1481.00 370.63
1482.00 371.06
1483.00 371.50
1484.00 371.94
1485.00 372.37
1486.00 372.81
1487.00 373.25
1488.00 373.69
1489.00 374.13
1490.00 374.57
1491.00 375.01
1492.00 375.45
1493.00 375.90
1494.00 376.34
1495.00 376.78
1496.00 377.23
1497.00 377.67
1498.00 378.11
1499.00 378.56
1500.00 379.01
1501.00 379.45
1502.00 379.90
1503.00 380.35
1504.00 380.80
1505.00 381.25
1506.00 381.70
1507.00 382.15
1508.00 382.60
1509.00 383.05
1510.00 383.50
1511.00 383.96
1512.00 384.41
1513.00 384.86
1514.00 385.32
1515.00 385.77
1516.00 386.23
1517.00 386.69
1518.00 387.14
1519.00 387.60
1520.00 388.06
1521.00 388.52
1522.00 388.98
1523.00 389.44
1524.00 389.90
1525.00 390.36
1526.00 390.82
1527.00 391.28
1528.00 391.75
1529.00 392.21
1530.00 392.67
1531.00 393.14
1532.00 393.60
1533.00 394.07
1534.00 394.54
1535.00 395.00
1536.00 395.47
1537.00 395.94
1538.00 396.41
1539.00 396.88
1540.00 397.35
1541.00 397.82
1542.00 398.29
1543.00 398.77
1544.00 399.24
1545.00 399.71
1546.00 400.19
1547.00 400.66
1548.00 401.14
1549.00 401.61
1550.00 402.09
1551.00 402.56
1552.00 403.04
1553.00 403.52
1554.00 404.00
1555.00 404.48
1556.00 404.96
1557.00 405.44
1558.00 405.92
1559.00 406.40
1560.00 406.89
1561.00 407.37
1562.00 407.85
1563.00 408.34
1564.00 408.82
1565.00 409.31
1566.00 409.80
1567.00 410.28
1568.00 410.77
1569.00 411.26
1570.00 411.75
1571.00 412.24
1572.00 412.73
1573.00 413.22
1574.00 413.71
1575.00 414.20
1576.00 414.69
1577.00 415.19
1578.00 415.68
1579.00 416.18
1580.00 416.67
1581.00 417.17
1582.00 417.66
1583.00 418.16
1584.00 418.66
1585.00 419.16
1586.00 419.65
1587.00 420.15
1588.00 420.65
1589.00 421.16
1590.00 421.66
1591.00 422.16
1592.00 422.66
1593.00 423.17
1594.00 423.67
1595.00 424.17
1596.00 424.68
1597.00 425.18
1598.00 425.69
1599.00 426.20
1600.00 426.71
1601.00 427.21
1602.00 427.72
1603.00 428.23
1604.00 428.74
1605.00 429.25
1606.00 429.77
1607.00 430.28
1608.00 430.79
1609.00 431.30
1610.00 431.82
1611.00 432.33
1612.00 432.85
1613.00 433.37
1614.00 433.88
1615.00 434.40
1616.00 434.92
1617.00 435.44
1618.00 435.96
1619.00 436.48
1620.00 437.00
1621.00 437.52
1622.00 438.04
1623.00 438.56
1624.00 439.08
1625.00 439.61
1626.00 440.13
1627.00 440.66
1628.00 441.18
1629.00 441.71
1630.00 442.24
1631.00 442.76
1632.00 443.29
1633.00 443.82
1634.00 444.35
1635.00 444.88
1636.00 445.41
1637.00 445.94
1638.00 446.48
1639.00 447.01
1640.00 447.54
1641.00 448.08
1642.00 448.61
1643.00 449.15
1644.00 449.68
1645.00 450.22
1646.00 450.76
1647.00 451.30
1648.00 451.84
1649.00 452.37
1650.00 452.91
1651.00 453.46
1652.00 454.00
1653.00 454.54
1654.00 455.08
1655.00 455.63
1656.00 456.17
1657.00 456.71
1658.00 457.26
1659.00 457.81
1660.00 458.35
1661.00 458.90
1662.00 459.45
1663.00 460.00
1664.00 460.55
1665.00 461.10
1666.00 461.65
1667.00 462.20
1668.00 462.75
1669.00 463.30
1670.00 463.86
1671.00 464.41
1672.00 464.96
1673.00 465.52
1674.00 466.08
1675.00 466.63
1676.00 467.19
1677.00 467.75
1678.00 468.31
1679.00 468.87
1680.00 469.43
1681.00 469.99
1682.00 470.55
1683.00 471.11
1684.00 471.67
1685.00 472.24
1686.00 472.80
1687.00 473.36
1688.00 473.93
1689.00 474.50
1690.00 475.06
1691.00 475.63
1692.00 476.20
1693.00 476.77
1694.00 477.34
1695.00 477.91
1696.00 478.48
1697.00 479.05
1698.00 479.62
1699.00 480.19
1700.00 480.77
1701.00 481.34
1702.00 481.92
1703.00 482.49
1704.00 483.07
1705.00 483.64
1706.00 484.22
1707.00 484.80
1708.00 485.38
1709.00 485.96
1710.00 486.54
1711.00 487.12
1712.00 487.70
1713.00 488.28
1714.00 488.87
1715.00 489.45
1716.00 490.03
1717.00 490.62
1718.00 491.21
1719.00 491.79
1720.00 492.38
1721.00 492.97
1722.00 493.56
1723.00 494.14
1724.00 494.73
1725.00 495.33
1726.00 495.92
1727.00 496.51
1728.00 497.10
1729.00 497.69
1730.00 498.29
1731.00 498.88
1732.00 499.48
1733.00 500.07
1734.00 500.67
1735.00 501.27
1736.00 501.87
1737.00 502.47
1738.00 503.07
1739.00 503.67
1740.00 504.27
1741.00 504.87
1742.00 505.47
1743.00 506.07
1744.00 506.68
1745.00 507.28
1746.00 507.89
1747.00 508.49
1748.00 509.10
1749.00 509.71
1750.00 510.31
1751.00 510.92
1752.00 511.53
1753.00 512.14
1754.00 512.75
1755.00 513.36
1756.00 513.98
1757.00 514.59
1758.00 515.20
1759.00 515.82
1760.00 516.43
1761.00 517.05
1762.00 517.66
1763.00 518.28
1764.00 518.90
1765.00 519.52
1766.00 520.14
1767.00 520.76
1768.00 521.38
1769.00 522.00
1770.00 522.62
1771.00 523.24
1772.00 523.87
1773.00 524.49
1774.00 525.12
1775.00 525.74
1776.00 526.37
1777.00 526.99
1778.00 527.62
1779.00 528.25
1780.00 528.88
1781.00 529.51
1782.00 530.14
1783.00 530.77
1784.00 531.40
1785.00 532.04
1786.00 532.67
1787.00 533.30
1788.00 533.94
1789.00 534.57
1790.00 535.21
1791.00 535.85
1792.00 536.48
1793.00 537.12
1794.00 537.76
1795.00 538.40
1796.00 539.04
1797.00 539.68
1798.00 540.33
1799.00 540.97
1800.00 541.61
1801.00 542.26
1802.00 542.90
1803.00 543.55
1804.00 544.19
1805.00 544.84
1806.00 545.49
1807.00 546.14
1808.00 546.79
1809.00 547.44
1810.00 548.09
1811.00 548.74
1812.00 549.39
1813.00 550.04
1814.00 550.70
1815.00 551.35
1816.00 552.01
1817.00 552.66
1818.00 553.32
1819.00 553.97
1820.00 554.63
1821.00 555.29
1822.00 555.95
1823.00 556.61
1824.00 557.27
1825.00 557.93
1826.00 558.60
1827.00 559.26
1828.00 559.92
1829.00 560.59
1830.00 561.25
1831.00 561.92
1832.00 562.59
1833.00 563.25
1834.00 563.92
1835.00 564.59
1836.00 565.26
1837.00 565.93
1838.00 566.60
1839.00 567.27
1840.00 567.95
1841.00 568.62
1842.00 569.29
1843.00 569.97
1844.00 570.64
1845.00 571.32
1846.00 572.00
1847.00 572.67
1848.00 573.35
1849.00 574.03
1850.00 574.71
1851.00 575.39
1852.00 576.07
1853.00 576.76
1854.00 577.44
1855.00 578.12
1856.00 578.81
1857.00 579.49
1858.00 580.18
1859.00 580.87
1860.00 581.55
1861.00 582.24
1862.00 582.93
1863.00 583.62
1864.00 584.31
1865.00 585.00
1866.00 585.69
1867.00 586.39
1868.00 587.08
1869.00 587.77
1870.00 588.47
1871.00 589.16
1872.00 589.86
1873.00 590.56
1874.00 591.26
1875.00 591.95
1876.00 592.65
1877.00 593.35
1878.00 594.05
1879.00 594.76
1880.00 595.46
1881.00 596.16
1882.00 596.87
1883.00 597.57
1884.00 598.28
1885.00 598.98
1886.00 599.69
1887.00 600.40
1888.00 601.11
1889.00 601.81
1890.00 602.52
1891.00 603.24
1892.00 603.95
1893.00 604.66
1894.00 605.37
1895.00 606.09
1896.00 606.80
1897.00 607.52
1898.00 608.23
1899.00 608.95
1900.00 609.67
1901.00 610.39
1902.00 611.10
1903.00 611.82
1904.00 612.54
1905.00 613.27
1906.00 613.99
1907.00 614.71
1908.00 615.44
1909.00 616.16
1910.00 616.89
1911.00 617.61
1912.00 618.34
1913.00 619.07
1914.00 619.79
1915.00 620.52
1916.00 621.25
1917.00 621.98
1918.00 622.72
1919.00 623.45
1920.00 624.18
1921.00 624.91
1922.00 625.65
1923.00 626.38
1924.00 627.12
1925.00 627.86
1926.00 628.59
1927.00 629.33
1928.00 630.07
1929.00 630.81
1930.00 631.55
1931.00 632.29
1932.00 633.04
1933.00 633.78
1934.00 634.52
1935.00 635.27
1936.00 636.01
1937.00 636.76
1938.00 637.51
1939.00 638.25
1940.00 639.00
1941.00 639.75
1942.00 640.50
1943.00 641.25
1944.00 642.00
1945.00 642.76
1946.00 643.51
1947.00 644.26
1948.00 645.02
1949.00 645.77
1950.00 646.53
1951.00 647.29
1952.00 648.04
1953.00 648.80
1954.00 649.56
1955.00 650.32
1956.00 651.08
1957.00 651.85
1958.00 652.61
1959.00 653.37
1960.00 654.14
1961.00 654.90
1962.00 655.67
1963.00 656.43
1964.00 657.20
1965.00 657.97
1966.00 658.74
1967.00 659.51
1968.00 660.28
1969.00 661.05
1970.00 661.82
1971.00 662.59
1972.00 663.37
1973.00 664.14
1974.00 664.92
1975.00 665.69
1976.00 666.47
1977.00 667.25
1978.00 668.03
1979.00 668.81
1980.00 669.59
1981.00 670.37
1982.00 671.15
1983.00 671.93
1984.00 672.71
1985.00 673.50
1986.00 674.28
1987.00 675.07
1988.00 675.85
1989.00 676.64
1990.00 677.43
1991.00 678.22
1992.00 679.01
1993.00 679.80
1994.00 680.59
1995.00 681.38
1996.00 682.17
1997.00 682.97
1998.00 683.76
1999.00 684.56
2000.00 685.35
2001.00 686.15
2002.00 686.95
2003.00 687.75
2004.00 688.55
2005.00 689.35
2006.00 690.15
2007.00 690.95
2008.00 691.75
2009.00 692.56
2010.00 693.36
2011.00 694.16
2012.00 694.97
2013.00 695.78
2014.00 696.58
2015.00 697.39
2016.00 698.20
2017.00 699.01
2018.00 699.82
2019.00 700.63
2020.00 701.45
2021.00 702.26
2022.00 703.07
2023.00 703.89
2024.00 704.70
2025.00 705.52
2026.00 706.34
2027.00 707.15
2028.00 707.97
2029.00 708.79
2030.00 709.61
2031.00 710.43
2032.00 711.26
2033.00 712.08
2034.00 712.90
2035.00 713.73
2036.00 714.55
2037.00 715.38
2038.00 716.21
2039.00 717.03
2040.00 717.86
2041.00 718.69
2042.00 719.52
2043.00 720.35
2044.00 721.18
2045.00 722.02
2046.00 722.85
2047.00 723.68
