#Order, x, y, width
2 0 110.42189207975639 nan
2 1 110.41002825993813 nan
2 2 110.39807866978458 nan
2 3 110.38604399620029 nan
2 4 110.37392492399562 21.551168827039554
2 5 110.36172213589028 21.552638291915198
2 6 110.34943631251686 21.554108340156493
2 7 110.33706813242436 21.555578972186968
2 8 110.32461827208175 21.557050188430605
2 9 110.31208740588146 21.558521989311828
2 10 110.29947620614293 21.559994375255513
2 11 110.28678534311616 21.561467346686985
2 12 110.27401548498526 21.56294090403202
2 13 110.26116729787189 21.56441504771683
2 14 110.24824144583894 21.565889778168103
2 15 110.23523859089393 21.567365095812953
2 16 110.22215939299261 21.56884100107896
2 17 110.20900451004252 21.57031749439416
2 18 110.19577459790642 21.57179457618703
2 19 110.18247031040596 21.573272246886507
2 20 110.1690922993251 21.574750506921983
2 21 110.1556412144137 21.576229356723303
2 22 110.14211770339105 21.577708796720774
2 23 110.12852241194938 21.579188827345142
2 24 110.11485598375744 21.580669449027635
2 25 110.10111906046394 21.582150662199922
2 26 110.08731228170124 21.583632467294127
2 27 110.07343628508873 21.58511486474285
2 28 110.05949170623644 21.58659785497913
2 29 110.04547917874854 21.588081438436486
2 30 110.03139933422692 21.58956561554888
2 31 110.01725280227471 21.591050386750755
2 32 110.00304021049975 21.592535752476994
2 33 109.98876218451822 21.594021713162956
2 34 109.97441934795812 21.595508269244462
2 35 109.96001232246279 21.596995421157796
2 36 109.94554172769449 21.59848316933971
2 37 109.9310081813379 21.599971514227413
2 38 109.91641229910367 21.601460456258586
2 39 109.90175469473196 21.602949995871374
2 40 109.88703597999593 21.604440133504394
2 41 109.87225676470531 21.60593086959673
2 42 109.85741765670997 21.607422204587923
2 43 109.84251926190338 21.608914138918003
2 44 109.82756218422618 21.610406673027455
2 45 109.81254702566972 21.611899807357236
2 46 109.79747438627956 21.61339354234878
2 47 109.78234486415907 21.614887878443994
2 48 109.76715905547289 21.616382816085245
2 49 109.75191755445053 21.617878355715387
2 50 109.73662095338982 21.619374497777745
2 51 109.72126984266055 21.620871242716113
2 52 109.70586481070791 21.622368590974762
2 53 109.69040644405607 21.623866542998442
2 54 109.67489532731172 21.62536509923238
2 55 109.65933204316758 21.626864260122275
2 56 109.64371717240593 21.62836402611431
2 57 109.6280512939022 21.62986439765514
2 58 109.6123349846284 21.6313653751919
2 59 109.5965688196568 21.63286695917222
2 60 109.58075337216326 21.634369150044183
2 61 109.564889213431 21.63587194825638
2 62 109.54897691285397 21.637375354257866
2 63 109.5330170379404 21.638879368498188
2 64 109.51701015431642 21.640383991427367
2 65 109.5009568257295 21.641889223495923
2 66 109.48485761405203 21.643395065154845
2 67 109.46871307928488 21.644901516855615
2 68 109.45252377956083 21.64640857905021
2 69 109.43629027114827 21.64791625219107
2 70 109.42001310845453 21.649424536731146
2 71 109.4036928440296 21.65093343312386
2 72 109.38733002856956 21.652442941823136
2 73 109.37092521092016 21.653953063283378
2 74 109.35447893808029 21.655463797959488
2 75 109.33799175520558 21.65697514630685
2 76 109.32146420561193 21.658487108781348
2 77 109.30489683077901 21.65999968583935
2 78 109.28829017035379 21.661512877937724
2 79 109.27164476215411 21.663026685533833
2 80 109.25496114217222 21.66454110908552
2 81 109.23823984457825 21.666056149051144
2 82 109.22148140172379 21.667571805889544
2 83 109.20468634414546 21.669088080060064
2 84 109.18785520056835 21.670604972022538
2 85 109.17098849790963 21.6721224822373
2 86 109.15408676128207 21.673640611165187
2 87 109.13715051399754 21.675159359267536
2 88 109.12018027757058 21.676678727006177
2 89 109.10317657172192 21.67819871484344
2 90 109.08613991438202 21.679719323242168
2 91 109.06907082169458 21.68124055266569
2 92 109.05196980802013 21.68276240357786
2 93 109.0348373859395 21.68428487644301
2 94 109.01767406625738 21.68580797172599
2 95 109.00048035800586 21.687331689892158
2 96 108.98325676844796 21.68885603140737
2 97 108.96600380308116 21.69038099673799
2 98 108.94872196564094 21.691906586350893
2 99 108.9314117581043 21.69343280071346
2 100 108.91407368069333 21.694959640293575
2 101 108.89670823187869 21.696487105559644
2 102 108.87931590838316 21.69801519698057
2 103 108.86189720518524 21.699543915025775
2 104 108.84445261552258 21.701073260165188
2 105 108.82698263089559 21.702603232869254
2 106 108.80948774107091 21.70413383360893
2 107 108.79196843408504 21.705665062855672
2 108 108.77442519624776 21.707196921081486
2 109 108.75685851214575 21.708729408758856
2 110 108.73926886464609 21.710262526360804
2 111 108.72165673489978 21.71179627436086
2 112 108.7040226023453 21.713330653233072
2 113 108.68636694471215 21.714865663452006
2 114 108.66869023802434 21.716401305492756
2 115 108.65099295660397 21.71793757983092
2 116 108.63327557307474 21.719474486942623
2 117 108.6155385583655 21.72101202730452
2 118 108.59778238171374 21.722550201393776
2 119 108.58000751066922 21.724089009688086
2 120 108.56221441109736 21.725628452665664
2 121 108.54440354718294 21.727168530805244
2 122 108.52657538143347 21.728709244586092
2 123 108.50873037468287 21.730250594488005
2 124 108.4908689860949 21.731792580991296
2 125 108.47299167316672 21.733335204576804
2 126 108.45509889173246 21.734878465725906
2 127 108.43719109596675 21.736422364920497
2 128 108.41926873838817 21.737966902643013
2 129 108.40133226986289 21.739512079376404
2 130 108.38338213960814 21.741057895604172
2 131 108.36541879519581 21.742604351810332
2 132 108.34744268255585 21.74415144847944
2 133 108.32945424597996 21.745699186096584
2 134 108.31145392812506 21.747247565147386
2 135 108.29344217001677 21.748796586118008
2 136 108.27541941105305 21.750346249495134
2 137 108.25738608900761 21.751896555766
2 138 108.23934264003357 21.753447505418368
2 139 108.22128949866692 21.75499909894054
2 140 108.20322709783005 21.756551336821367
2 141 108.18515586883531 21.75810421955022
2 142 108.16707624138856 21.75965774761703
2 143 108.14898864359265 21.761211921512256
2 144 108.13089350195098 21.762766741726903
2 145 108.11279124137107 21.764322208752525
2 146 108.09468228516805 21.7658783230812
2 147 108.0765670550682 21.767435085205577
2 148 108.05844597121248 21.768992495618825
2 149 108.04031945216009 21.77055055481468
2 150 108.02218791489197 nan
2 151 108.00405177481439 nan
2 152 107.98591144576238 nan
2 153 107.9677673400034 nan
2 154 107.94961986824076 nan
2 155 107.9314694396172 nan
2 156 107.91331646171844 nan
2 157 107.89516134057665 nan
2 158 107.87700448067409 nan
2 159 107.85884628494654 nan
2 160 107.84068715478688 nan
2 161 107.82252749004864 nan
2 162 107.80436768904951 nan
2 163 107.78620814857484 nan
2 164 107.76804926388127 nan
2 165 107.74989142870015 nan
2 166 107.73173503524117 nan
2 167 107.71358047419584 nan
2 168 107.69542813474102 nan
2 169 107.67727840454249 nan
2 170 107.65913166975847 nan
2 171 107.64098831504313 nan
2 172 107.62284872355016 nan
2 173 107.60471327693628 nan
2 174 107.58658235536475 nan
2 175 107.568456337509 nan
2 176 107.55033560055604 nan
2 177 107.53222052021006 nan
2 178 107.51411147069598 nan
2 179 107.49600882476295 nan
2 180 107.47791295368789 nan
2 181 107.45982422727901 nan
2 182 107.4417430138794 nan
2 183 107.42366968037051 nan
2 184 107.40560459217565 nan
2 185 107.38754811326365 nan
2 186 107.36950060615227 nan
2 187 107.3514624319118 nan
2 188 107.33343395016854 nan
2 189 107.31541551910843 nan
2 190 107.29740749548046 nan
2 191 107.2794102346003 nan
2 192 107.2614240903538 nan
2 193 107.2434494152005 nan
2 194 107.22548656017722 nan
2 195 107.20753587490152 nan
2 196 107.18959770757532 nan
2 197 107.17167240498836 nan
2 198 107.15376031252178 nan
2 199 107.13586177415162 nan
2 200 107.11797713245238 nan
2 201 107.10010672860054 nan
2 202 107.0822509023781 nan
2 203 107.06440999217614 nan
2 204 107.04658433499827 nan
2 205 107.02877426646425 nan
2 206 107.01098012081353 nan
2 207 106.99320223090868 nan
2 208 106.97544092823902 nan
2 209 106.95769654292414 nan
2 210 106.93996940371743 nan
2 211 106.92225983800954 nan
2 212 106.90456817183205 nan
2 213 106.88689472986088 nan
2 214 106.86923983541992 nan
2 215 106.85160381048448 nan
2 216 106.83398697568485 nan
2 217 106.81638965030992 nan
2 218 106.79881215231056 nan
2 219 106.78125479830328 nan
2 220 106.76371790357369 nan
2 221 106.7462017820801 nan
2 222 106.72870674645698 nan
2 223 106.71123310801853 nan
2 224 106.69378117676226 nan
2 225 106.6763512613724 nan
2 226 106.65894366922359 nan
2 227 106.64155870638429 nan
2 228 106.62419667762036 nan
2 229 106.6068578863986 nan
2 230 106.5895426348903 nan
2 231 106.57225122397469 nan
2 232 106.5549839532426 nan
2 233 106.53774112099991 nan
2 234 106.52052302427107 nan
2 235 106.5033299588027 nan
2 236 106.48616221906708 nan
2 237 106.4690200982657 nan
2 238 106.45190388833277 nan
2 239 106.43481387993877 nan
2 240 106.41775036249403 nan
2 241 106.40071362415217 nan
2 242 106.3837039518137 nan
2 243 106.36672163112954 nan
2 244 106.34976694650454 nan
2 245 106.33284018110105 nan
2 246 106.3159416168424 nan
2 247 106.29907153441647 nan
2 248 106.28223021327922 nan
2 249 106.26541793165822 nan
2 250 106.2486349665562 nan
2 251 106.23188159375454 nan
2 252 106.21515808781683 nan
2 253 106.19846472209245 nan
2 254 106.18180176872 nan
2 255 106.16516949863096 nan
2 256 106.14856818155307 nan
2 257 106.13199808601405 nan
2 258 106.11545947934495 nan
2 259 106.09895262768383 nan
2 260 106.08247779597919 nan
2 261 106.06603524799355 nan
2 262 106.04962524630704 nan
2 263 106.0332480523208 nan
2 264 106.01690392626061 nan
2 265 106.00059312718042 nan
2 266 105.98431591296585 nan
2 267 105.96807254033777 nan
2 268 105.95186326485575 nan
2 269 105.93568834092167 nan
2 270 105.91954802178326 nan
2 271 105.90344255953758 nan
2 272 105.88737220513457 nan
2 273 105.87133720838061 nan
2 274 105.85533781794203 nan
2 275 105.83937428134865 nan
2 276 105.82344684499733 nan
2 277 105.80755575415547 nan
2 278 105.79170125296457 nan
2 279 105.77588358444373 nan
2 280 105.76010299049327 nan
2 281 105.74435971189814 nan
2 282 105.72865398833157 nan
2 283 105.71298605835851 nan
2 284 105.69735615943922 nan
2 285 105.68176452793281 nan
2 286 105.66621139910072 nan
2 287 105.65069700711031 nan
2 288 105.63522158503835 nan
2 289 105.61978536487462 nan
2 290 105.60438857752534 nan
2 291 105.5890314528168 nan
2 292 105.57371421949884 nan
2 293 105.55843710524842 nan
2 294 105.5432003366731 nan
2 295 105.52800413931465 nan
2 296 105.51284873765252 nan
2 297 105.49773435510737 nan
2 298 105.4826612140447 nan
2 299 105.46762953577823 nan
2 300 105.45263954057357 nan
2 301 105.4376914476517 nan
2 302 105.4227854751925 nan
2 303 105.40792184033825 nan
2 304 105.39310075919727 nan
2 305 105.37832244684732 nan
2 306 105.36358711733925 nan
2 307 105.34889498370049 nan
2 308 105.33424625793852 nan
2 309 105.31964115104451 nan
2 310 105.3050798729968 nan
2 311 105.29056263276443 nan
2 312 105.2760896383107 nan
2 313 105.26166109659665 nan
2 314 105.24727721358468 nan
2 315 105.232938194242 nan
2 316 105.21864424254422 nan
2 317 105.20439556147885 nan
2 318 105.19019235304884 nan
2 319 105.17603481827616 nan
2 320 105.16192315720525 nan
2 321 105.14785756890663 nan
2 322 105.13383825148037 nan
2 323 105.11986540205969 nan
2 324 105.10593921681443 nan
2 325 105.09205989095466 nan
2 326 105.07822761873409 nan
2 327 105.06444259345378 nan
2 328 105.05070500746548 nan
2 329 105.03701505217533 nan
2 330 105.0233729180473 nan
2 331 105.00977879460675 nan
2 332 104.99623287044392 nan
2 333 104.98273533321758 nan
2 334 104.96928636965843 nan
2 335 104.95588616557274 nan
2 336 104.94253490584576 nan
2 337 104.92923277444542 nan
2 338 104.91597995442572 nan
2 339 104.90277662793035 nan
2 340 104.88962297619615 nan
2 341 104.87651917955672 nan
2 342 104.86346541744592 nan
2 343 104.8504618684014 nan
2 344 104.8375087100681 nan
2 345 104.82460611920187 nan
2 346 104.81175427167294 nan
2 347 104.79895334246947 nan
2 348 104.7862035057011 nan
2 349 104.7735049346024 nan
2 350 104.76085780153656 nan
2 351 104.74826227799876 nan
2 352 104.73571853461985 nan
2 353 104.72322674116974 nan
2 354 104.71078706656107 nan
2 355 104.69839967885261 nan
2 356 104.68606474525295 nan
2 357 104.67378243212387 nan
2 358 104.66155290498399 nan
2 359 104.64937632851228 nan
2 360 104.63725286655152 nan
2 361 104.62518268211197 nan
2 362 104.61316593737477 nan
2 363 104.60120279369555 nan
2 364 104.58929341160795 nan
2 365 104.57743795082715 nan
2 366 104.56563657025337 nan
2 367 104.55388942797549 nan
2 368 104.5421966812745 nan
2 369 104.53055848662707 nan
2 370 104.51897499970906 nan
2 371 104.5074463753991 nan
2 372 104.49597276778208 nan
2 373 104.4845543301527 nan
2 374 104.47319121501901 nan
2 375 104.46188357410594 nan
2 376 104.45063155835882 nan
2 377 104.43943531794693 nan
2 378 104.42829500226702 nan
2 379 104.4172107599469 nan
2 380 104.40618273884884 nan
2 381 104.39521108607327 nan
2 382 104.3842959479622 nan
2 383 104.37343747010279 nan
2 384 104.36263579733088 nan
2 385 104.35189107373455 nan
2 386 104.34120344265759 nan
2 387 104.33057304670311 nan
2 388 104.32000002773702 nan
2 389 104.30948452689158 nan
2 390 104.29902668456893 nan
2 391 104.28862664044466 nan
2 392 104.2782845334713 nan
2 393 104.26800050188182 nan
2 394 104.25777468319328 nan
2 395 104.24760721421026 nan
2 396 104.23749823102844 nan
2 397 104.2274478690381 nan
2 398 104.2174562629277 nan
2 399 104.20752354668738 nan
2 400 104.19764985361253 nan
2 401 104.18783531630726 nan
2 402 104.17808006668797 nan
2 403 104.1683842359869 nan
2 404 104.1587479547557 nan
2 405 104.14917135286882 nan
2 406 104.1396545595272 nan
2 407 104.13019770326173 nan
2 408 104.12080091193678 nan
2 409 104.11146431275375 nan
2 410 104.10218803225463 nan
2 411 104.09297219632548 nan
2 412 104.08381693019999 nan
2 413 104.07472235846303 nan
2 414 104.06568860505416 nan
2 415 104.05671579327118 nan
2 416 104.04780404577363 nan
2 417 104.0389534845864 nan
2 418 104.03016423110314 nan
2 419 104.02143640608995 nan
2 420 104.01277012968878 nan
2 421 104.00416552142102 nan
2 422 103.99562270019102 nan
2 423 103.98714178428968 nan
2 424 103.9787228913979 nan
2 425 103.97036613859014 nan
2 426 103.96207164233799 nan
2 427 103.95383951851367 nan
2 428 103.9456698823936 nan
2 429 103.93756284866183 nan
2 430 103.92951853141373 nan
2 431 103.92153704415941 nan
2 432 103.91361849982728 nan
2 433 103.90576301076761 nan
2 434 103.89797068875605 nan
2 435 103.89024164499712 nan
2 436 103.88257599012782 nan
2 437 103.87497383422114 nan
2 438 103.86743528678953 nan
2 439 103.85996045678853 nan
2 440 103.85254945262024 nan
2 441 103.84520238213688 nan
2 442 103.8379193526443 nan
2 443 103.83070047090557 nan
2 444 103.8235458431444 nan
2 445 103.81645557504883 nan
2 446 103.80942977177466 nan
2 447 103.80246853794895 nan
2 448 103.79557197767367 nan
2 449 103.78874019452918 nan
2 450 103.7819732915777 nan
2 451 103.77527137136696 nan
2 452 103.76863453593363 nan
2 453 103.76206288680693 nan
2 454 103.75555652501212 nan
2 455 103.74911555107407 nan
2 456 103.74274006502071 nan
2 457 103.73643016638668 nan
2 458 103.73018595421681 nan
2 459 103.72400752706962 nan
2 460 103.7178949830209 nan
2 461 103.71184841966722 nan
2 462 103.70586793412951 nan
2 463 103.69995362305653 nan
2 464 103.69410558262842 nan
2 465 103.68832390856026 nan
2 466 103.6826086961056 nan
2 467 103.67696004005997 nan
2 468 103.67137803476443 nan
2 469 103.66586277410909 nan
2 470 103.66041435153667 nan
2 471 103.65503286004602 nan
2 472 103.64971839219565 nan
2 473 103.64447104010725 nan
2 474 103.63929089546926 nan
2 475 103.63417804954037 nan
2 476 103.62913259315309 nan
2 477 103.62415461671723 nan
2 478 103.61924421022351 nan
2 479 103.61440146324699 nan
2 480 103.60962646495071 nan
2 481 103.60491930408917 nan
2 482 103.60028006901186 nan
2 483 103.5957088476668 nan
2 484 103.5912057276041 nan
2 485 103.58677079597948 nan
2 486 103.58240413955772 nan
2 487 103.5781058447164 nan
2 488 103.57387599744918 nan
2 489 103.56971468336954 nan
2 490 103.5656219877142 nan
2 491 103.56159799534666 nan
2 492 103.55764279076084 nan
2 493 103.55375645808444 nan
2 494 103.54993908108263 nan
2 495 103.5461907431615 nan
2 496 103.54251152737163 nan
2 497 103.53890151641158 nan
2 498 103.53536079263148 nan
2 499 103.53188943803652 nan
2 500 103.5284875342905 nan
2 501 103.5251551627194 nan
2 502 103.52189240431483 nan
2 503 103.51869933973764 nan
2 504 103.51557604932141 nan
2 505 103.51252261307602 nan
2 506 103.50953911069115 nan
2 507 103.50662562153984 nan
2 508 103.503782224682 nan
2 509 103.50100899886796 nan
2 510 103.498306022542 nan
2 511 103.49567337384588 nan
2 512 103.49311113062237 nan
2 513 103.49061937041881 nan
2 514 103.48819817049062 nan
2 515 103.48584760780483 nan
2 516 103.48356775904361 nan
2 517 103.48135870060787 nan
2 518 103.47922050862068 nan
2 519 103.4771532589309 nan
2 520 103.47515702711665 nan
2 521 103.4732318884889 nan
2 522 103.47137791809497 nan
2 523 103.46959519072206 nan
2 524 103.46788378090078 nan
2 525 103.46624376290875 nan
2 526 103.464675210774 nan
2 527 103.46317819827868 nan
2 528 103.46175279896244 nan
2 529 103.46039908612602 nan
2 530 103.4591171328348 nan
2 531 103.45790701192234 nan
2 532 103.45676879599385 nan
2 533 103.45570255742983 nan
2 534 103.45470836838948 nan
2 535 103.45378630081431 nan
2 536 103.45293642643172 nan
2 537 103.45215881675838 nan
2 538 103.45145354310395 nan
2 539 103.45082067657444 nan
2 540 103.45026028807587 nan
2 541 103.44977244831776 nan
2 542 103.44935722781665 nan
2 543 103.44901469689967 nan
2 544 103.448744925708 nan
2 545 103.4485479842005 nan
2 546 103.4484239421572 nan
2 547 103.44837286918282 nan
2 548 103.44839483471029 nan
2 549 103.44848990800436 nan
2 550 103.44865815816505 nan
2 551 103.44889965413122 nan
2 552 103.44921446468413 nan
2 553 103.44960265845091 nan
2 554 103.45006430390815 nan
2 555 103.45059946938541 nan
2 556 103.45120822306876 nan
2 557 103.45189063300431 nan
2 558 103.45264676710173 nan
2 559 103.45347669313782 nan
2 560 103.45438047876 nan
2 561 103.4553581914899 nan
2 562 103.45640989872685 nan
2 563 103.4575356677514 nan
2 564 103.45873556572889 nan
2 565 103.46000965971298 nan
2 566 103.46135801664919 nan
2 567 103.46278070337839 nan
2 568 103.46427778664037 nan
2 569 103.46584933307737 nan
2 570 103.46749540923764 nan
2 571 103.4692160815789 nan
2 572 103.47101141647197 nan
2 573 103.4728814802042 nan
2 574 103.47482633898306 nan
2 575 103.47684605893973 nan
2 576 103.47894070613252 nan
2 577 103.48111034655048 nan
2 578 103.4833550461169 nan
2 579 103.48567487069286 nan
2 580 103.48806988608078 nan
2 581 103.4905401580279 nan
2 582 103.49308575222987 nan
2 583 103.49570673433428 nan
2 584 103.49840316994413 nan
2 585 103.50117512462143 nan
2 586 103.50402266389074 nan
2 587 103.50694585324261 nan
2 588 103.50994475813728 nan
2 589 103.51301944400802 nan
2 590 103.51616997626482 nan
2 591 103.51939642029782 nan
2 592 103.52269884148093 nan
2 593 103.52607730517528 nan
2 594 103.52953187673283 nan
2 595 103.53306262149984 nan
2 596 103.53666960482045 nan
2 597 103.54035289204018 nan
2 598 103.54411254850949 nan
2 599 103.5479486395873 nan
2 600 103.55186123064455 nan
2 601 103.55585038706766 nan
2 602 103.55991617426217 nan
2 603 103.56405865765619 nan
2 604 103.56827790270397 nan
2 605 103.57257397488942 nan
2 606 103.57694693972967 nan
2 607 103.58139686277855 nan
2 608 103.58592380963019 nan
2 609 103.59052784592251 nan
2 610 103.59520903734078 nan
2 611 103.59996744962112 nan
2 612 103.60480314855405 nan
2 613 103.60971619998806 nan
2 614 103.61470666983307 nan
2 615 103.61977462406405 nan
2 616 103.62492012872447 nan
2 617 103.63014324992989 nan
2 618 103.63544405387148 nan
2 619 103.64082260681957 nan
2 620 103.6462789751271 nan
2 621 103.6518132252333 nan
2 622 103.65742542366709 nan
2 623 103.66311563705068 nan
2 624 103.66888393210309 nan
2 625 103.67473037564368 nan
2 626 103.6806550345957 nan
2 627 103.6866579759898 nan
2 628 103.69273926696759 nan
2 629 103.69889897478515 nan
2 630 103.70513716681658 nan
2 631 103.71145391055751 nan
2 632 103.71784927362864 nan
2 633 103.72432332377937 nan
2 634 103.73087612889114 nan
2 635 103.73750775698113 nan
2 636 103.74421827620573 nan
2 637 103.75100775486408 nan
2 638 103.75787626140159 nan
2 639 103.76482386441351 nan
2 640 103.77185063264844 nan
2 641 103.77895663501184 nan
2 642 103.78614194056962 nan
2 643 103.79340661855164 nan
2 644 103.80075073835522 nan
2 645 103.80817436954875 nan
2 646 103.81567758187512 nan
2 647 103.82326044525536 nan
2 648 103.83092302979207 nan
2 649 103.83866540577306 nan
2 650 103.8464876436748 nan
2 651 103.85438981416601 nan
2 652 103.86237198811112 nan
2 653 103.8704342365739 nan
2 654 103.87857663082093 nan
2 655 103.88679924232515 nan
2 656 103.89510214276939 nan
2 657 103.90348540404992 nan
2 658 103.91194909827995 nan
2 659 103.92049329779321 nan
2 660 103.92911807514744 nan
2 661 103.93782350312799 nan
2 662 103.94660965475121 nan
2 663 103.95547660326818 nan
2 664 103.96442442216811 nan
2 665 103.97345318518188 nan
2 666 103.98256296628564 nan
2 667 103.9917538397043 nan
2 668 104.00102587991506 nan
2 669 104.01037916165096 nan
2 670 104.01981375990441 nan
2 671 104.02932974993072 nan
2 672 104.03892720725163 nan
2 673 104.04860620765885 nan
2 674 104.05836682721763 nan
2 675 104.06820914227018 nan
2 676 104.07813322943937 nan
2 677 104.08813916563211 nan
2 678 104.09822702804298 nan
2 679 104.10839689415774 nan
2 680 104.1186488417568 nan
2 681 104.1289829489189 nan
2 682 104.13939929402449 nan
2 683 104.14989795575933 nan
2 684 104.16047901311806 nan
2 685 104.17114254540769 nan
2 686 104.1818886322511 nan
2 687 104.19271735359064 nan
2 688 104.20362878969163 nan
2 689 104.21462302114595 nan
2 690 104.22570012887545 nan
2 691 104.23686019413559 nan
2 692 104.24810329851896 nan
2 693 104.25942952395877 nan
2 694 104.27083895273246 nan
2 695 104.28233166746512 nan
2 696 104.29390775113313 nan
2 697 104.30556728706763 nan
2 698 104.31731035895811 nan
2 699 104.32913705085588 nan
2 700 104.34104744717763 26.0
2 701 104.353041632709 23.0
2 702 104.36511969260805 23.0
2 703 104.37728171240883 23.0
2 704 104.38952777802494 22.0
2 705 104.40185797575302 23.0
2 706 104.41427239227625 23.0
2 707 104.426771114668 22.0
2 708 104.43935423039528 23.0
2 709 104.45202182732224 23.0
2 710 104.4647739937138 23.0
2 711 104.47761081823916 22.0
2 712 104.49053238997521 23.0
2 713 104.50353879841029 23.0
2 714 104.5166301334475 23.0
2 715 104.5298064854084 23.0
2 716 104.54306794503643 23.0
2 717 104.55641460350051 22.0
2 718 104.56984655239854 23.0
2 719 104.583363883761 23.0
2 720 104.59696669005433 23.0
2 721 104.61065506418466 22.0
2 722 104.62442909950121 24.0
2 723 104.63828888979988 23.0
2 724 104.65223452932673 24.0
2 725 104.6662661127816 22.0
2 726 104.68038373532156 24.0
2 727 104.6945874925645 24.0
2 728 104.7088774805926 22.0
2 729 104.72325379595597 24.0
2 730 104.73771653567609 23.0
2 731 104.75226579724935 24.0
2 732 104.76690167865065 24.0
2 733 104.78162427833688 24.0
2 734 104.79643369525044 24.0
2 735 104.81133002882281 23.0
2 736 104.82631337897811 23.0
2 737 104.84138384613655 24.0
2 738 104.85654153121804 24.0
2 739 104.87178653564568 24.0
2 740 104.88711896134932 24.0
2 741 104.90253891076907 24.0
2 742 104.91804648685884 23.0
2 743 104.93364179308992 23.0
2 744 104.94932493345443 24.0
2 745 104.96509601246895 23.0
2 746 104.98095513517792 23.0
2 747 104.99690240715735 23.0
2 748 105.01293793451818 23.0
2 749 105.02906182390994 23.0
2 750 105.04527418252424 23.0
2 751 105.06157511809828 23.0
2 752 105.0779647389184 23.0
2 753 105.09444315382365 23.0
2 754 105.11101047220927 23.0
2 755 105.12766680403024 23.0
2 756 105.14441225980485 23.0
2 757 105.16124695061818 23.0
2 758 105.17817098812567 23.0
2 759 105.19518448455663 23.0
2 760 105.21228755271781 23.0
2 761 105.22948030599689 23.0
2 762 105.24676285836603 23.0
2 763 105.26413532438542 23.0
2 764 105.28159781920682 23.0
2 765 105.29915045857702 23.0
2 766 105.3167933588415 23.0
2 767 105.33452663694781 23.0
2 768 105.35235041044928 23.0
2 769 105.3702647975084 23.0
2 770 105.38826991690043 23.0
2 771 105.40636588801691 23.0
2 772 105.42455283086922 23.0
2 773 105.4428308660921 23.0
2 774 105.46120011494715 23.0
2 775 105.47966069932642 23.0
2 776 105.4982127417559 23.0
2 777 105.51685636539914 23.0
2 778 105.53559169406059 23.0
2 779 105.55441885218934 23.0
2 780 105.5733379648826 23.0
2 781 105.59234915788913 23.0
2 782 105.61145255761294 23.0
2 783 105.63064829111663 23.0
2 784 105.64993648612511 23.0
2 785 105.66931727102906 23.0
2 786 105.68879077488837 23.0
2 787 105.70835712743586 23.0
2 788 105.72801645908065 22.0
2 789 105.74776890091178 23.0
2 790 105.76761458470173 23.0
2 791 105.78755364290993 23.0
2 792 105.80758620868633 24.0
2 793 105.82771241587488 23.0
2 794 105.84793239901715 24.0
2 795 105.86824629335575 23.0
2 796 105.88865423483797 23.0
2 797 105.90915636011928 23.0
2 798 105.9297528065668 23.0
2 799 105.95044371226291 24.0
2 800 105.97122921600878 24.0
2 801 105.99210945732787 23.0
2 802 106.01308457646948 24.0
2 803 106.03415471441231 23.0
2 804 106.0553200128679 24.0
2 805 106.07658061428428 23.0
2 806 106.09793666184946 23.0
2 807 106.11938829949494 23.0
2 808 106.14093567189924 23.0
2 809 106.16257892449151 23.0
2 810 106.18431820345498 23.0
2 811 106.20615365573049 23.0
2 812 106.22808542902011 23.0
2 813 106.25011367179061 23.0
2 814 106.272238533277 23.0
2 815 106.29446016348605 23.0
2 816 106.31677871319985 23.0
2 817 106.33919433397938 23.0
2 818 106.36170717816792 23.0
2 819 106.38431739889475 23.0
2 820 106.40702515007855 23.0
2 821 106.42983058643098 23.0
2 822 106.45273386346024 23.0
2 823 106.47573513747456 23.0
2 824 106.49883456558575 23.0
2 825 106.52203230571276 23.0
2 826 106.54532851658519 23.0
2 827 106.56872335774679 23.0
2 828 106.59221698955906 23.0
2 829 106.61580957320477 23.0
2 830 106.63950127069145 23.0
2 831 106.66329224485493 23.0
2 832 106.68718265936293 23.0
2 833 106.71117267871857 23.0
2 834 106.73526246826385 23.0
2 835 106.75945219418324 23.0
2 836 106.78374202350724 23.0
2 837 106.80813212411582 23.0
2 838 106.832622664742 23.0
2 839 106.85721381497548 23.0
2 840 106.881905745266 24.0
2 841 106.90669862692697 23.0
2 842 106.93159263213904 24.0
2 843 106.95658793395356 24.0
2 844 106.98168470629608 24.0
2 845 107.00688312397007 24.0
2 846 107.03218336266023 24.0
2 847 107.05758559893616 23.0
2 848 107.08309001025586 24.0
2 849 107.10869677496923 24.0
2 850 107.13440607232168 24.0
2 851 107.16021808245759 24.0
2 852 107.18613298642386 23.0
2 853 107.2121509661735 24.0
2 854 107.23827220456907 24.0
2 855 107.26449688538628 23.0
2 856 107.29082519331753 24.0
2 857 107.3172573139754 24.0
2 858 107.34379343389622 23.0
2 859 107.37043374054356 23.0
2 860 107.39717842231182 23.0
2 861 107.42402766852973 23.0
2 862 107.4509816694639 23.0
2 863 107.4780406163223 23.0
2 864 107.50520470125792 23.0
2 865 107.53247411737215 23.0
2 866 107.55984905871838 23.0
2 867 107.58732972030565 23.0
2 868 107.6149162981019 23.0
2 869 107.64260898903785 23.0
2 870 107.67040799101026 23.0
2 871 107.69831350288558 23.0
2 872 107.72632572450348 23.0
2 873 107.7544448566804 23.0
2 874 107.782671101213 23.0
2 875 107.81100466088178 23.0
2 876 107.83944573945459 23.0
2 877 107.86799454169018 23.0
2 878 107.89665127334166 24.0
2 879 107.92541614116013 24.0
2 880 107.95428935289813 23.0
2 881 107.98327111731325 24.0
2 882 108.01236164417163 24.0
2 883 108.04156114425147 24.0
2 884 108.07086982934659 23.0
2 885 108.10028791226998 24.0
2 886 108.12981560685726 24.0
2 887 108.15945312797034 24.0
2 888 108.18920069150083 23.0
2 889 108.21905851437364 23.0
2 890 108.24902681455052 23.0
2 891 108.27910581103353 23.0
2 892 108.30929572386864 23.0
2 893 108.33959677414924 23.0
2 894 108.3700091840197 23.0
2 895 108.40053317667882 23.0
2 896 108.43116897638349 23.0
2 897 108.46191680845209 23.0
2 898 108.49277689926812 23.0
2 899 108.52374947628374 23.0
2 900 108.5548347680232 23.0
2 901 108.58603300408649 23.0
2 902 108.61734441515279 23.0
2 903 108.6487692329841 23.0
2 904 108.68030769042862 23.0
2 905 108.71196002142446 23.0
2 906 108.74372646100306 23.0
2 907 108.77560724529276 23.0
2 908 108.8076026115223 23.0
2 909 108.83971279802442 23.0
2 910 108.87193804423936 23.0
2 911 108.90427859071833 24.0
2 912 108.93673467912717 23.0
2 913 108.96930655224982 24.0
2 914 109.00199445399177 23.0
2 915 109.03479862938377 24.0
2 916 109.06771932458524 24.0
2 917 109.1007567868878 24.0
2 918 109.13391126471888 24.0
2 919 109.16718300764518 24.0
2 920 109.20057226637626 23.0
2 921 109.234079292768 24.0
2 922 109.26770433982628 24.0
2 923 109.30144766171033 24.0
2 924 109.33530951373636 24.0
2 925 109.36929015238113 18.0
2 926 109.40338983528538 23.0
2 927 109.43760882125747 23.0
2 928 109.47194737027685 23.0
2 929 109.50640574349761 23.0
2 930 109.54098420325198 23.0
2 931 109.57568301305398 23.0
2 932 109.61050243760278 23.0
2 933 109.64544274278637 23.0
2 934 109.68050419568507 23.0
2 935 109.71568706457501 23.0
2 936 109.75099161893168 23.0
2 937 109.78641812943351 23.0
2 938 109.8219668679654 23.0
2 939 109.85763810762217 23.0
2 940 109.8934321227122 23.0
2 941 109.92934918876088 24.0
2 942 109.9653895825142 24.0
2 943 110.00155358194228 24.0
2 944 110.03784146624284 24.0
2 945 110.07425351584483 24.0
2 946 110.11079001241191 24.0
2 947 110.14745123884593 24.0
2 948 110.18423747929062 24.0
2 949 110.22114901913494 24.0
2 950 110.25818614501675 24.0
2 951 110.29534914482629 24.0
2 952 110.33263830770969 23.0
2 953 110.37005392407256 24.0
2 954 110.40759628558351 23.0
2 955 110.44526568517763 23.0
2 956 110.4830624170601 23.0
2 957 110.52098677670966 23.0
2 958 110.55903906088218 23.0
2 959 110.5972195676142 23.0
2 960 110.63552859622645 23.0
2 961 110.67396644732736 23.0
2 962 110.71253342281662 23.0
2 963 110.75122982588876 23.0
2 964 110.79005596103654 23.0
2 965 110.8290121340547 23.0
2 966 110.86809865204327 23.0
2 967 110.90731582341125 20.0
2 968 110.9466639578801 24.0
2 969 110.9861433664873 24.0
2 970 111.02575436158979 24.0
2 971 111.06549725686763 25.0
2 972 111.10537236732746 24.0
2 973 111.14538000930602 24.0
2 974 111.1855205004738 24.0
2 975 111.22579415983837 24.0
2 976 111.26620130774812 24.0
2 977 111.30674226589568 24.0
2 978 111.34741735732148 24.0
2 979 111.38822690641726 24.0
2 980 111.42917123892964 23.0
2 981 111.47025068196366 23.0
2 982 111.51146556398632 23.0
2 983 111.55281621482999 23.0
2 984 111.59430296569613 23.0
2 985 111.6359261491587 23.0
2 986 111.67768609916777 23.0
2 987 111.71958315105294 23.0
2 988 111.76161764152702 23.0
2 989 111.80378990868948 23.0
2 990 111.84610029202993 23.0
2 991 111.8885491324318 23.0
2 992 111.93113677217576 24.0
2 993 111.97386355494329 26.0
2 994 112.01672982582022 24.0
2 995 112.05973593130022 24.0
2 996 112.10288221928842 24.0
2 997 112.14616903910485 24.0
2 998 112.18959674148805 24.0
2 999 112.23316567859854 24.0
2 1000 112.27687620402241 24.0
2 1001 112.32072867277482 23.0
2 1002 112.36472344130354 24.0
2 1003 112.40886086749245 24.0
2 1004 112.45314131066522 23.0
2 1005 112.49756513158857 23.0
2 1006 112.54213269247613 23.0
2 1007 112.5868443569917 23.0
2 1008 112.63170049025295 23.0
2 1009 112.67670145883487 23.0
2 1010 112.72184763077334 23.0
2 1011 112.7671393755687 23.0
2 1012 112.81257706418917 23.0
2 1013 112.85816106907448 23.0
2 1014 112.90389176413943 24.0
2 1015 112.9497695247773 24.0
2 1016 112.99579472786347 24.0
2 1017 113.04196775175899 24.0
2 1018 113.08828897631402 24.0
2 1019 113.13475878287139 24.0
2 1020 113.18137755427021 24.0
2 1021 113.2281456748493 24.0
2 1022 113.27506353045081 24.0
2 1023 113.32213150842364 18.0
2 1024 113.36934999762714 23.0
2 1025 113.41671938843449 23.0
2 1026 113.46424007273629 23.0
2 1027 113.51191244394415 23.0
2 1028 113.55973689699414 23.0
2 1029 113.60771382835034 23.0
2 1030 113.6558436360084 23.0
2 1031 113.70412671949911 23.0
2 1032 113.75256347989185 23.0
2 1033 113.80115431979812 23.0
2 1034 113.8498996433752 23.0
2 1035 113.89879985632955 24.0
2 1036 113.94785536592038 24.0
2 1037 113.99706658096324 23.0
2 1038 114.0464339118335 24.0
2 1039 114.09595777046988 24.0
2 1040 114.145638570378 24.0
2 1041 114.19547672663391 24.0
2 1042 114.24547265588767 24.0
2 1043 114.29562677636677 24.0
2 1044 114.34593950787979 24.0
2 1045 114.39641127181984 24.0
2 1046 114.44704249116819 23.0
2 1047 114.49783359049766 23.0
2 1048 114.54878499597632 23.0
2 1049 114.59989713537091 23.0
2 1050 114.6511704380504 23.0
2 1051 114.70260533498953 23.0
2 1052 114.75420225877238 23.0
2 1053 114.80596164359584 23.0
2 1054 114.85788392527316 24.0
2 1055 114.90996954123753 24.0
2 1056 114.96221893054556 24.0
2 1057 115.01463253388087 24.0
2 1058 115.06721079355752 24.0
2 1059 115.1199541535237 24.0
2 1060 115.17286305936507 24.0
2 1061 115.22593795830849 24.0
2 1062 115.27917929922546 24.0
2 1063 115.33258753263559 23.0
2 1064 115.38616311071027 24.0
2 1065 115.4399064872761 23.0
2 1066 115.49381811781846 23.0
2 1067 115.54789845948507 23.0
2 1068 115.60214797108947 23.0
2 1069 115.65656711311459 23.0
2 1070 115.71115634771628 24.0
2 1071 115.76591613872685 23.0
2 1072 115.82084695165854 23.0
2 1073 115.87594925370719 24.0
2 1074 115.9312235137556 24.0
2 1075 115.98667020237723 24.0
2 1076 116.04228979183962 20.0
2 1077 116.09808275610797 24.0
2 1078 116.15404957084868 24.0
2 1079 116.21019071343282 24.0
2 1080 116.26650666293979 24.0
2 1081 116.32299790016073 24.0
2 1082 116.37966490760208 23.0
2 1083 116.43650816948919 23.0
2 1084 116.49352817176975 23.0
2 1085 116.55072540211744 23.0
2 1086 116.6081003499353 23.0
2 1087 116.66565350635948 23.0
2 1088 116.72338536426251 23.0
2 1089 116.78129641825711 23.0
2 1090 116.83938716469954 24.0
2 1091 116.89765810169317 24.0
2 1092 116.95610972909205 24.0
2 1093 117.01474254850443 24.0
2 1094 117.07355706329625 24.0
2 1095 117.13255377859478 24.0
2 1096 117.19173320129201 24.0
2 1097 117.25109584004834 24.0
2 1098 117.31064220529592 24.0
2 1099 117.37037280924243 24.0
2 1100 117.43028816587439 23.0
2 1101 117.49038879096082 23.0
2 1102 117.55067520205672 23.0
2 1103 117.61114791850663 23.0
2 1104 117.6718074614482 23.0
2 1105 117.73265435381559 23.0
2 1106 117.79368912034317 23.0
2 1107 117.85491228756895 24.0
2 1108 117.91632438383814 24.0
2 1109 117.9779259393067 24.0
2 1110 118.03971748594485 24.0
2 1111 118.1016995575406 24.0
2 1112 118.16387268970333 24.0
2 1113 118.22623741986726 24.0
2 1114 118.28879428729502 24.0
2 1115 118.35154383308121 23.0
2 1116 118.41448660015588 23.0
2 1117 118.47762313328808 24.0
2 1118 118.5409539790894 24.0
2 1119 118.60447968601751 18.0
2 1120 118.66820080437972 24.0
2 1121 118.73211788633641 24.0
2 1122 118.79623148590473 24.0
2 1123 118.86054215896195 24.0
2 1124 118.92505046324914 24.0
2 1125 118.98975695837464 24.0
2 1126 119.05466220581758 26.0
2 1127 119.11976676893144 24.0
2 1128 119.18507121294758 24.0
2 1129 119.25057610497883 26.0
2 1130 119.3162820140229 24.0
2 1131 119.38218951096594 23.0
2 1132 119.44829916858625 23.0
2 1133 119.51461156155757 23.0
2 1134 119.58112726645275 23.0
2 1135 119.64784686174728 23.0
2 1136 119.7147709278228 23.0
2 1137 119.78190004697055 24.0
2 1138 119.84923480339509 24.0
2 1139 119.91677578321772 24.0
2 1140 119.98452357447998 24.0
2 1141 120.05247876714725 24.0
2 1142 120.12064195311227 24.0
2 1143 120.18901372619865 24.0
2 1144 120.25759468216448 24.0
2 1145 120.3263854187057 19.0
2 1146 120.39538653545982 23.0
2 1147 120.46459863400935 23.0
2 1148 120.53402231788537 24.0
2 1149 120.60365819257103 21.0
2 1150 120.67350686550512 24.0
2 1151 120.74356894608556 24.0
2 1152 120.81384504567299 24.0
2 1153 120.88433577759429 24.0
2 1154 120.95504175714606 24.0
2 1155 121.02596360159822 24.0
2 1156 121.0971019301975 24.0
2 1157 121.168457364171 24.0
2 1158 121.24003052672974 24.0
2 1159 121.31182204307214 24.0
2 1160 121.38383254038759 24.0
2 1161 121.45606264785994 23.0
2 1162 121.52851299667117 23.0
2 1163 121.6011842200047 23.0
2 1164 121.67407695304917 19.0
2 1165 121.74719183300175 24.0
2 1166 121.82052949907182 24.0
2 1167 121.8940905924845 24.0
2 1168 121.96787575648409 24.0
2 1169 122.04188563633765 24.0
2 1170 122.11612087933855 24.0
2 1171 122.19058213481006 23.0
2 1172 122.26527005410873 23.0
2 1173 122.34018529062806 24.0
2 1174 122.41532849980199 23.0
2 1175 122.49070033910843 23.0
2 1176 122.56630146807278 23.0
2 1177 122.64213254827143 24.0
2 1178 122.71819424333547 24.0
2 1179 122.79448721895403 24.0
2 1180 122.87101214287782 24.0
2 1181 122.9477696849228 24.0
2 1182 123.02476051697359 24.0
2 1183 123.10198531298715 24.0
2 1184 123.17944474899608 24.0
2 1185 123.25713950311237 24.0
2 1186 123.33507025553087 24.0
2 1187 123.41323768853273 23.0
2 1188 123.4916424864891 24.0
2 1189 123.57028533586448 24.0
2 1190 123.64916692522048 24.0
2 1191 123.72828794521907 24.0
2 1192 123.80764908862638 24.0
2 1193 123.88725105031607 24.0
2 1194 123.96709452727289 24.0
2 1195 124.04718021859637 24.0
2 1196 124.12750882550407 24.0
2 1197 124.2080810513353 24.0
2 1198 124.28889760155468 24.0
2 1199 124.36995918375557 23.0
2 1200 124.45126650766366 23.0
2 1201 124.53282028514049 24.0
2 1202 124.61462123018696 24.0
2 1203 124.69667005894695 24.0
2 1204 124.77896748971072 24.0
2 1205 124.86151424291857 24.0
2 1206 124.94431104116431 24.0
2 1207 125.0273586091988 18.0
2 1208 125.11065767393343 24.0
2 1209 125.19420896444385 24.0
2 1210 125.27801321197329 23.0
2 1211 125.36207114993607 23.0
2 1212 125.44638351392143 18.0
2 1213 125.53095104169675 24.0
2 1214 125.61577447321116 24.0
2 1215 125.70085455059925 24.0
2 1216 125.78619201818438 24.0
2 1217 125.8717876224823 24.0
2 1218 125.95764211220468 24.0
2 1219 126.04375623826276 24.0
2 1220 126.13013075377063 24.0
2 1221 126.216766414049 24.0
2 1222 126.30366397662861 23.0
2 1223 126.39082420125379 23.0
2 1224 126.47824784988605 24.0
2 1225 126.56593568670748 24.0
2 1226 126.65388847812444 24.0
2 1227 126.74210699277101 18.0
2 1228 126.83059200151251 24.0
2 1229 126.91934427744908 24.0
2 1230 127.00836459591918 24.0
2 1231 127.09765373450318 24.0
2 1232 127.18721247302675 24.0
2 1233 127.27704159356463 23.0
2 1234 127.36714188044394 25.0
2 1235 127.45751412024781 23.0
2 1236 127.54815910181894 20.0
2 1237 127.63907761626305 24.0
2 1238 127.73027045695258 24.0
2 1239 127.82173841952995 24.0
2 1240 127.91348230191136 24.0
2 1241 128.00550290429015 24.0
2 1242 128.0978010291405 24.0
2 1243 128.19037748122074 24.0
2 1244 128.2832330675771 23.0
2 1245 128.3763685975471 23.0
2 1246 128.46978488276318 24.0
2 1247 128.56348273715614 24.0
2 1248 128.65746297695878 24.0
2 1249 128.75172642070933 24.0
2 1250 128.84627388925503 24.0
2 1251 128.94110620575572 24.0
2 1252 129.03622419568723 24.0
2 1253 129.1316286868451 24.0
2 1254 129.22732050934792 23.0
2 1255 129.3233004956411 23.0
2 1256 129.4195694805001 24.0
2 1257 129.51612830103417 26.0
2 1258 129.61297779668996 24.0
2 1259 129.71011880925482 24.0
2 1260 129.8075521828605 24.0
2 1261 129.9052787639866 24.0
2 1262 130.00329940146412 24.0
2 1263 130.10161494647906 24.0
2 1264 130.20022625257593 24.0
2 1265 130.2991341756612 23.0
2 1266 130.3983395740069 24.0
2 1267 130.49784330825412 24.0
2 1268 130.59764624141667 24.0
2 1269 130.69774923888446 24.0
2 1270 130.79815316842706 24.0
2 1271 130.89885890019724 24.0
2 1272 130.99986730673461 23.0
2 1273 131.10117926296908 24.0
2 1274 131.20279564622425 24.0
2 1275 131.30471733622122 23.0
2 1276 131.4069452150819 24.0
2 1277 131.50948016733267 24.0
2 1278 131.61232307990778 24.0
2 1279 131.71547484215316 24.0
2 1280 131.81893634582957 24.0
2 1281 131.92270848511643 24.0
2 1282 132.02679215661524 24.0
2 1283 132.13118825935314 24.0
2 1284 132.23589769478636 24.0
2 1285 132.34092136680397 20.0
2 1286 132.44626018173113 24.0
2 1287 132.55191504833277 24.0
2 1288 132.65788687781728 24.0
2 1289 132.7641765838397 24.0
2 1290 132.8707850825055 24.0
2 1291 132.97771329237415 24.0
2 1292 133.08496213446227 24.0
2 1293 133.19253253224784 23.0
2 1294 133.300425411673 23.0
2 1295 133.4086417011481 24.0
2 1296 133.51718233155503 24.0
2 1297 133.6260482362508 24.0
2 1298 133.73524035107096 24.0
2 1299 133.84475961433336 24.0
2 1300 133.95460696684145 24.0
2 1301 134.06478335188808 24.0
2 1302 134.17528971525857 23.0
2 1303 134.2861270052349 23.0
2 1304 134.3972961725986 24.0
2 1305 134.5087981706348 24.0
2 1306 134.62063395513536 24.0
2 1307 134.7328044844027 24.0
2 1308 134.84531071925312 24.0
2 1309 134.95815362302054 24.0
2 1310 135.07133416155983 24.0
2 1311 135.1848533032505 23.0
2 1312 135.29871201900008 23.0
2 1313 135.41291128224788 24.0
2 1314 135.52745206896824 24.0
2 1315 135.64233535767437 24.0
2 1316 135.75756212942156 24.0
2 1317 135.87313336781108 24.0
2 1318 135.98905005899329 24.0
2 1319 136.10531319167154 24.0
2 1320 136.22192375710551 23.0
2 1321 136.33888274911487 23.0
2 1322 136.45619116408267 24.0
2 1323 136.57385000095888 24.0
2 1324 136.69186026126417 24.0
2 1325 136.8102229490931 24.0
2 1326 136.92893907111787 24.0
2 1327 137.04800963659181 23.0
2 1328 137.1674356573529 23.0
2 1329 137.2872181478273 23.0
2 1330 137.40735812503283 23.0
2 1331 137.52785660858274 24.0
2 1332 137.64871462068885 24.0
2 1333 137.76993318616547 24.0
2 1334 137.89151333243262 24.0
2 1335 138.01345608951988 24.0
2 1336 138.13576249006968 23.0
2 1337 138.25843356934075 23.0
2 1338 138.3814703652121 23.0
2 1339 138.50487391818604 24.0
2 1340 138.62864527139206 24.0
2 1341 138.75278547059014 24.0
2 1342 138.87729556417452 24.0
2 1343 139.002176603177 24.0
2 1344 139.12742964127057 23.0
2 1345 139.25305573477303 23.0
2 1346 139.3790559426504 23.0
2 1347 139.50543132652044 24.0
2 1348 139.63218295065633 24.0
2 1349 139.75931188199007 24.0
2 1350 139.88681919011603 24.0
2 1351 140.0147059472946 24.0
2 1352 140.14297322845553 23.0
2 1353 140.27162211120165 23.0
2 1354 140.4006536758123 24.0
2 1355 140.53006900524682 24.0
2 1356 140.65986918514827 21.0
2 1357 140.7900553038468 24.0
2 1358 140.92062845236313 24.0
2 1359 141.05158972441234 24.0
2 1360 141.18294021640722 24.0
2 1361 141.3146810274617 23.0
2 1362 141.44681325939453 24.0
2 1363 141.57933801673303 24.0
2 1364 141.71225640671614 24.0
2 1365 141.8455695392983 24.0
2 1366 141.9792785271529 23.0
2 1367 142.1133844856758 24.0
2 1368 142.24788853298887 23.0
2 1369 142.3827917899434 23.0
2 1370 142.51809538012398 18.0
2 1371 142.65380042985169 24.0
2 1372 142.78990806818763 24.0
2 1373 142.92641942693683 24.0
2 1374 143.06333564065136 24.0
2 1375 143.2006578466341 23.0
2 1376 143.33838718494212 24.0
2 1377 143.47652479839041 24.0
2 1378 143.61507183255526 24.0
2 1379 143.75402943577785 24.0
2 1380 143.89339875916775 24.0
2 1381 144.03318095660651 24.0
2 1382 144.1733771847512 23.0
2 1383 144.3139886030377 23.0
2 1384 144.4550163736847 24.0
2 1385 144.5964616616969 24.0
2 1386 144.7383256348685 24.0
2 1387 144.88060946378695 24.0
2 1388 145.0233143218364 24.0
2 1389 145.16644138520118 24.0
2 1390 145.30999183286934 23.0
2 1391 145.45396684663632 24.0
2 1392 145.59836761110824 24.0
2 1393 145.74319531370574 24.0
2 1394 145.8884511446671 24.0
2 1395 146.0341362970524 24.0
2 1396 146.1802519667463 23.0
2 1397 146.32679935246216 24.0
2 1398 146.47377965574523 24.0
2 1399 146.6211940809765 24.0
2 1400 146.7690438353759 24.0
2 1401 146.91733012900607 24.0
2 1402 147.06605417477573 24.0
2 1403 147.21521718844332 24.0
2 1404 147.36482038862053 25.0
2 1405 147.51486499677586 24.0
2 1406 147.66535223723798 24.0
2 1407 147.81628333719945 24.0
2 1408 147.96765952672027 24.0
2 1409 148.11948203873118 24.0
2 1410 148.2717521090375 24.0
2 1411 148.42447097632237 24.0
2 1412 148.57763988215058 24.0
2 1413 148.73126007097184 24.0
2 1414 148.88533279012444 24.0
2 1415 149.03985928983883 24.0
2 1416 149.19484082324104 24.0
2 1417 149.3502786463563 25.0
2 1418 149.5061740181124 25.0
2 1419 149.66252820034367 24.0
2 1420 149.81934245779394 25.0
2 1421 149.97661805812032 24.0
2 1422 150.13435627189705 24.0
2 1423 150.29255837261846 24.0
2 1424 150.45122563670284 25.0
2 1425 150.61035934349601 25.0
2 1426 150.7699607752747 24.0
2 1427 150.9300312172502 24.0
2 1428 151.09057195757165 24.0
2 1429 151.25158428733005 24.0
2 1430 151.4130695005613 25.0
2 1431 151.57502889425 25.0
2 1432 151.73746376833293 24.0
2 1433 151.90037542570258 24.0
2 1434 152.0637651722107 24.0
2 1435 152.22763431667175 24.0
2 1436 152.39198417086664 25.0
2 1437 152.55681604954594 24.0
2 1438 152.72213127043372 25.0
2 1439 152.88793115423087 24.0
2 1440 153.05421702461894 24.0
2 1441 153.2209902082632 24.0
2 1442 153.38825203481647 25.0
2 1443 153.55600383692288 25.0
2 1444 153.72424695022082 25.0
2 1445 153.89298271334695 25.0
2 1446 154.0622124679395 24.0
2 1447 154.23193755864204 24.0
2 1448 154.4021593331067 25.0
2 1449 154.5728791419979 25.0
2 1450 154.7440983389959 25.0
2 1451 154.91581828080027 25.0
2 1452 155.08804032713329 24.0
2 1453 155.26076584074377 25.0
2 1454 155.43399618741046 25.0
2 1455 155.6077327359455 25.0
2 1456 155.781976858198 25.0
2 1457 155.9567299290576 24.0
2 1458 156.13199332645803 24.0
2 1459 156.30776843138068 25.0
2 1460 156.48405662785785 25.0
2 1461 156.66085930297675 25.0
2 1462 156.83817784688253 25.0
2 1463 157.01601365278225 24.0
2 1464 157.19436811694817 25.0
2 1465 157.37324263872136 25.0
2 1466 157.5526386205152 25.0
2 1467 157.73255746781888 25.0
2 1468 157.91300058920103 24.0
2 1469 158.0939693963133 24.0
2 1470 158.27546530389364 26.0
2 1471 158.45748972977006 25.0
2 1472 158.64004409486418 25.0
2 1473 158.82312982319456 25.0
2 1474 159.0067483418804 25.0
2 1475 159.19090108114506 26.0
2 1476 159.37558947431958 25.0
2 1477 159.56081495784605 25.0
2 1478 159.74657897128156 26.0
2 1479 159.9328829573012 25.0
2 1480 160.11972836170204 26.0
2 1481 160.30711663340642 26.0
2 1482 160.49504922446548 25.0
2 1483 160.68352759006288 25.0
2 1484 160.8725531885182 25.0
2 1485 161.06212748129036 24.0
2 1486 161.25225193298147 26.0
2 1487 161.44292801134011 26.0
2 1488 161.63415718726475 25.0
2 1489 161.82594093480782 25.0
2 1490 162.01828073117855 25.0
2 1491 162.21117805674703 25.0
2 1492 162.40463439504757 25.0
2 1493 162.59865123278212 25.0
2 1494 162.79323005982397 25.0
2 1495 162.98837236922108 25.0
2 1496 163.18407965720007 26.0
2 1497 163.38035342316908 26.0
2 1498 163.5771951697219 25.0
2 1499 163.77460640264115 26.0
2 1500 163.972588630902 25.0
2 1501 164.17114336667555 25.0
2 1502 164.37027212533243 26.0
2 1503 164.5699764254465 26.0
2 1504 164.77025778879812 26.0
2 1505 164.9711177403778 25.0
2 1506 165.17255780838974 26.0
2 1507 165.37457952425547 25.0
2 1508 165.577184422617 25.0
2 1509 165.78037404134085 21.0
2 1510 165.9841499215213 25.0
2 1511 166.18851360748394 26.0
2 1512 166.39346664678936 25.0
2 1513 166.5990105902364 25.0
2 1514 166.805146991866 25.0
2 1515 167.01187740896447 25.0
2 1516 167.2192034020672 25.0
2 1517 167.42712653496218 26.0
2 1518 167.63564837469332 25.0
2 1519 167.8447704915644 25.0
2 1520 168.05449445914218 25.0
2 1521 168.2648218542601 26.0
2 1522 168.4757542570219 25.0
2 1523 168.687293250805 25.0
2 1524 168.8994404222643 25.0
2 1525 169.11219736133523 25.0
2 1526 169.32556566123782 25.0
2 1527 169.53954691847986 25.0
2 1528 169.7541427328607 25.0
2 1529 169.96935470747445 25.0
2 1530 170.18518444871387 25.0
2 1531 170.40163356627374 26.0
2 1532 170.6187036731543 25.0
2 1533 170.83639638566498 25.0
2 1534 171.05471332342785 26.0
2 1535 171.27365610938108 26.0
2 1536 171.49322636978252 25.0
2 1537 171.71342573421333 25.0
2 1538 171.93425583558138 25.0
2 1539 172.1557183101249 22.0
2 1540 172.37781479741582 25.0
2 1541 172.6005469403636 25.0
2 1542 172.82391638521858 25.0
2 1543 173.04792478157526 26.0
2 1544 173.27257378237658 25.0
2 1545 173.49786504391662 25.0
2 1546 173.72380022584457 25.0
2 1547 173.95038099116826 25.0
2 1548 174.17760900625763 26.0
2 1549 174.4054859408481 25.0
2 1550 174.6340134680445 26.0
2 1551 174.86319326432414 25.0
2 1552 175.09302700954083 26.0
2 1553 175.32351638692785 25.0
2 1554 175.5546630831019 25.0
2 1555 175.7864687880667 26.0
2 1556 176.0189351952161 26.0
2 1557 176.25206400133794 26.0
2 1558 176.4858569066176 25.0
2 1559 176.7203156146413 25.0
2 1560 176.95544183239986 26.0
2 1561 177.191237270292 26.0
2 1562 177.42770364212822 26.0
2 1563 177.66484266513402 26.0
2 1564 177.90265605995353 26.0
2 1565 178.14114555065316 26.0
2 1566 178.38031286472494 26.0
2 1567 178.62015973309013 25.0
2 1568 178.86068789010284 25.0
2 1569 179.10189907355343 26.0
2 1570 179.3437950246722 25.0
2 1571 179.5863774881327 26.0
2 1572 179.82964821205564 26.0
2 1573 180.07360894801187 26.0
2 1574 180.3182614510264 26.0
2 1575 180.56360747958166 25.0
2 1576 180.80964879562134 25.0
2 1577 181.05638716455343 26.0
2 1578 181.3038243552543 26.0
2 1579 181.55196214007188 24.0
2 1580 181.80080229482917 25.0
2 1581 182.05034659882793 26.0
2 1582 182.30059683485234 26.0
2 1583 182.5515547891723 25.0
2 1584 182.80322225154686 25.0
2 1585 183.0556010152281 26.0
2 1586 183.30869287696453 26.0
2 1587 183.56249963700446 26.0
2 1588 183.81702309909969 26.0
2 1589 184.072265070509 18.0
2 1590 184.3282273620017 26.0
2 1591 184.58491178786136 25.0
2 1592 184.84232016588868 25.0
2 1593 185.100454317406 26.0
2 1594 185.35931606726004 23.0
2 1595 185.6189072438257 25.0
2 1596 185.87922967900977 26.0
2 1597 186.14028520825406 26.0
2 1598 186.40207567053955 26.0
2 1599 186.66460290838904 25.0
2 1600 186.92786876787181 25.0
2 1601 187.19187509860603 26.0
2 1602 187.45662375376298 26.0
2 1603 187.72211659007036 26.0
2 1604 187.98835546781615 26.0
2 1605 188.25534225085136 26.0
2 1606 188.52307880659444 26.0
2 1607 188.79156700603448 25.0
2 1608 189.0608087237344 26.0
2 1609 189.33080583783504 26.0
2 1610 189.60156023005828 25.0
2 1611 189.87307378571091 26.0
2 1612 190.14534839368784 26.0
2 1613 190.41838594647587 26.0
2 1614 190.69218834015717 26.0
2 1615 190.96675747441265 26.0
2 1616 191.2420952525257 26.0
2 1617 191.51820358138565 26.0
2 1618 191.79508437149138 26.0
2 1619 192.07273953695466 26.0
2 1620 192.35117099550388 26.0
2 1621 192.63038066848748 25.0
2 1622 192.91037048087736 26.0
2 1623 193.1911423612729 26.0
2 1624 193.4726982419038 25.0
2 1625 193.75504005863434 26.0
2 1626 194.03816975096618 26.0
2 1627 194.3220892620423 26.0
2 1628 194.606800538651 25.0
2 1629 194.8923055312282 26.0
2 1630 195.17860619386215 26.0
2 1631 195.46570448429645 25.0
2 1632 195.7536023639335 26.0
2 1633 196.04230179783846 26.0
2 1634 196.33180475474205 25.0
2 1635 196.6221132070452 25.0
2 1636 196.9132291308212 26.0
2 1637 197.20515450582053 25.0
2 1638 197.4978913154734 25.0
2 1639 197.79144154689408 26.0
2 1640 198.08580719088383 25.0
2 1641 198.38099024193468 25.0
2 1642 198.67699269823297 26.0
2 1643 198.9738165616629 26.0
2 1644 199.27146383781005 26.0
2 1645 199.56993653596467 26.0
2 1646 199.8692366691258 26.0
2 1647 200.1693662540041 26.0
2 1648 200.4703273110259 26.0
2 1649 200.77212186433644 26.0
2 1650 201.07475194180375 26.0
2 1651 201.3782195750216 26.0
2 1652 201.68252679931368 26.0
2 1653 201.98767565373674 26.0
2 1654 202.2936681810842 26.0
2 1655 202.6005064278897 26.0
2 1656 202.90819244443065 26.0
2 1657 203.2167282847319 26.0
2 1658 203.52611600656883 26.0
2 1659 203.83635767147138 26.0
2 1660 204.14745534472743 26.0
2 1661 204.45941109538632 26.0
2 1662 204.77222699626196 26.0
2 1663 205.08590512393727 26.0
2 1664 205.40044755876698 25.0
2 1665 205.7158563848813 26.0
2 1666 206.0321336901896 26.0
2 1667 206.3492815663841 25.0
2 1668 206.66730210894286 25.0
2 1669 206.98619741713378 26.0
2 1670 207.3059695940181 24.0
2 1671 207.62662074645363 25.0
2 1672 207.9481529850986 25.0
2 1673 208.27056842441507 25.0
2 1674 208.59386918267245 26.0
2 1675 208.91805738195114 26.0
2 1676 209.2431351481457 25.0
2 1677 209.5691046109691 25.0
2 1678 209.89596790395547 26.0
2 1679 210.2237271644641 26.0
2 1680 210.55238453368287 26.0
2 1681 210.8819421566317 25.0
2 1682 211.21240218216616 26.0
2 1683 211.54376676298108 23.0
2 1684 211.876038055614 26.0
2 1685 212.20921822044863 26.0
2 1686 212.54330942171845 24.0
2 1687 212.8783138275102 23.0
2 1688 213.2142336097677 24.0
2 1689 213.55107094429496 26.0
2 1690 213.88882801075982 25.0
2 1691 214.22750699269778 25.0
2 1692 214.56711007751534 25.0
2 1693 214.90763945649314 25.0
2 1694 215.24909732479034 25.0
2 1695 215.59148588144734 26.0
2 1696 215.9348073293899 21.0
2 1697 216.27906387543214 26.0
2 1698 216.62425773028076 26.0
2 1699 216.97039110853785 26.0
2 1700 217.31746622870486 26.0
2 1701 217.6654853131859 26.0
2 1702 218.01445058829177 26.0
2 1703 218.3643642842427 26.0
2 1704 218.71522863517245 26.0
2 1705 219.06704587913188 26.0
2 1706 219.41981825809216 26.0
2 1707 219.77354801794831 26.0
2 1708 220.12823740852303 26.0
2 1709 220.48388868357006 19.0
2 1710 220.84050410077788 18.0
2 1711 221.1980859217727 18.0
2 1712 221.5566364121227 23.0
2 1713 221.9161578413414 18.0
2 1714 222.2766524828906 19.0
2 1715 222.6381226141844 26.0
2 1716 223.00057051659334 23.0
2 1717 223.36399847544652 25.0
2 1718 223.7284087800362 23.0
2 1719 224.09380372362116 23.0
2 1720 224.46018560342992 26.0
2 1721 224.82755672066457 24.0
2 1722 225.19591938050405 24.0
2 1723 225.56527589210805 25.0
2 1724 225.9356285686202 26.0
2 1725 226.30697972717164 26.0
2 1726 226.67933168888487 25.0
2 1727 227.05268677887682 19.0
2 1728 227.42704732626285 26.0
2 1729 227.80241566415978 26.0
2 1730 228.17879412969 18.0
2 1731 228.55618506398434 25.0
2 1732 228.93459081218634 26.0
2 1733 229.31401372345525 26.0
2 1734 229.69445615096967 26.0
2 1735 230.0759204519312 25.0
2 1736 230.4584089875678 23.0
2 1737 230.8419241231376 26.0
2 1738 231.2264682279323 26.0
2 1739 231.6120436752803 25.0
2 1740 231.9986528425511 25.0
2 1741 232.3862981111581 25.0
2 1742 232.77498186656237 26.0
2 1743 233.16470649827605 26.0
2 1744 233.55547439986634 26.0
2 1745 233.9472879689585 26.0
2 1746 234.3401496072396 26.0
2 1747 234.73406172046225 26.0
2 1748 235.12902671844773 25.0
2 1749 235.52504701508968 26.0
2 1750 235.92212502835787 26.0
2 1751 236.3202631803016 26.0
2 1752 236.71946389705283 26.0
2 1753 237.11972960883048 25.0
2 1754 237.52106274994327 19.0
2 1755 237.92346575879367 18.0
2 1756 238.32694107788123 18.0
2 1757 238.73149115380613 18.0
2 1758 239.13711843727307 18.0
2 1759 239.54382538309406 19.0
2 1760 239.9516144501926 18.0
2 1761 240.36048810160722 18.0
2 1762 240.7704488044944 18.0
2 1763 241.18149903013278 24.0
2 1764 241.5936412539263 18.0
2 1765 242.00687795540793 19.0
2 1766 242.4212116182431 18.0
2 1767 242.83664473023313 18.0
2 1768 243.25317978331924 21.0
2 1769 243.6708192735853 18.0
2 1770 244.08956570126216 18.0
2 1771 244.50942157073044 23.0
2 1772 244.93038939052502 18.0
2 1773 245.35247167333753 18.0
2 1774 245.77567093602025 18.0
2 1775 246.1999896995905 19.0
2 1776 246.62543048923254 26.0
2 1777 247.05199583430246 22.0
2 1778 247.47968826833122 21.0
2 1779 247.90851032902816 23.0
2 1780 248.33846455828456 23.0
2 1781 248.76955350217705 18.0
2 1782 249.2017797109716 26.0
2 1783 249.6351457391266 18.0
2 1784 250.0696541452964 20.0
2 1785 250.50530749233516 23.0
2 1786 250.94210834730012 18.0
2 1787 251.38005928145523 18.0
2 1788 251.81916287027477 18.0
2 1789 252.25942169344665 20.0
2 1790 252.7008383348761 18.0
2 1791 253.1434153826892 18.0
2 1792 253.58715542923636 18.0
2 1793 254.0320610710961 18.0
2 1794 254.47813490907816 18.0
2 1795 254.92537954822708 18.0
2 1796 255.37379759782647 18.0
2 1797 255.82339167140148 18.0
2 1798 256.2741643867229 18.0
2 1799 256.7261183658107 18.0
2 1800 257.17925623493767 nan
2 1801 257.63358062463243 nan
2 1802 258.08909416968356 nan
2 1803 258.5457995091428 nan
2 1804 259.0036992863286 nan
2 1805 259.46279614882974 nan
2 1806 259.92309274850896 nan
2 1807 260.38459174150626 nan
2 1808 260.8472957882426 nan
2 1809 261.31120755342323 nan
2 1810 261.77632970604157 nan
2 1811 262.24266491938266 nan
2 1812 262.71021587102626 nan
2 1813 263.1789852428507 nan
2 1814 263.648975721037 nan
2 1815 264.1201899960711 nan
2 1816 264.59263076274834 nan
2 1817 265.0663007201771 nan
2 1818 265.5412025717818 nan
2 1819 266.01733902530634 nan
2 1820 266.4947127928184 nan
2 1821 266.9733265907123 nan
2 1822 267.4531831397128 nan
2 1823 267.93428516487836 nan
2 1824 268.41663539560534 nan
2 1825 268.90023656563056 nan
2 1826 269.38509141303564 nan
2 1827 269.87120268025035 nan
2 1828 270.3585731140559 nan
2 1829 270.8472054655886 nan
2 1830 271.3371024903434 nan
2 1831 271.82826694817754 nan
2 1832 272.32070160331403 nan
2 1833 272.8144092243449 nan
2 1834 273.3093925842352 nan
2 1835 273.8056544603261 nan
2 1836 274.30319763433874 nan
2 1837 274.8020248923778 nan
2 1838 275.3021390249347 nan
2 1839 275.8035428268913 nan
2 1840 276.3062390975234 nan
2 1841 276.81023064050464 nan
2 1842 277.31552026390955 nan
2 1843 277.8221107802169 nan
2 1844 278.3300050063142 nan
2 1845 278.8392057635002 nan
2 1846 279.3497158774891 nan
2 1847 279.8615381784136 nan
2 1848 280.37467550082863 nan
2 1849 280.8891306837153 nan
2 1850 281.4049065704837 nan
2 1851 281.9220060089769 nan
2 1852 282.44043185147444 nan
2 1853 282.9601869546957 nan
2 1854 283.48127417980345 nan
2 1855 284.00369639240745 nan
2 1856 284.52745646256835 nan
2 1857 285.05255726480056 nan
2 1858 285.579001678076 nan
2 1859 286.106792585828 nan
2 1860 286.6359328759545 nan
2 1861 287.16642544082134 nan
2 1862 287.6982731772665 nan
2 1863 288.23147898660307 nan
2 1864 288.76604577462297 nan
2 1865 289.30197645160035 nan
2 1866 289.83927393229544 nan
2 1867 290.3779411359576 nan
2 1868 290.9179809863293 nan
2 1869 291.45939641164955 nan
2 1870 292.0021903446573 nan
2 1871 292.54636572259506 nan
2 1872 293.0919254872121 nan
2 1873 293.63887258476905 nan
2 1874 294.1872099660399 nan
2 1875 294.7369405863168 nan
2 1876 295.2880674054126 nan
2 1877 295.84059338766576 nan
2 1878 296.3945215019422 nan
2 1879 296.9498547216401 nan
2 1880 297.5065960246927 nan
2 1881 298.0647483935724 nan
2 1882 298.62431481529387 nan
2 1883 299.18529828141766 nan
2 1884 299.747701788054 nan
2 1885 300.311528335866 nan
2 1886 300.8767809300731 nan
2 1887 301.44346258045545 nan
2 1888 302.01157630135623 nan
2 1889 302.581125111686 nan
2 1890 303.15211203492606 nan
2 1891 303.7245400991318 nan
2 1892 304.2984123369364 nan
2 1893 304.87373178555436 nan
2 1894 305.450501486785 nan
2 1895 306.028724487016 nan
2 1896 306.60840383722683 nan
2 1897 307.1895425929926 nan
2 1898 307.7721438144872 nan
2 1899 308.35621056648705 nan
2 1900 308.9417459183745 nan
2 1901 309.52875294414173 nan
2 1902 310.1172347223937 nan
2 1903 310.70719433635225 nan
2 1904 311.2986348738591 nan
2 1905 311.8915594273801 nan
2 1906 312.4859710940078 nan
2 1907 313.08187297546584 nan
2 1908 313.67926817811224 nan
2 1909 314.27815981294253 nan
2 1910 314.87855099559386 nan
2 1911 315.48044484634806 nan
2 1912 316.08384449013573 nan
2 1913 316.6887530565391 nan
2 1914 317.29517367979594 nan
2 1915 317.90310949880325 nan
2 1916 318.51256365712055 nan
2 1917 319.1235393029731 nan
2 1918 319.7360395892564 nan
2 1919 320.3500676735388 nan
2 1920 320.96562671806515 nan
2 1921 321.58271988976077 nan
2 1922 322.20135036023487 nan
2 1923 322.8215213057838 nan
2 1924 323.44323590739464 nan
2 1925 324.06649735074916 nan
2 1926 324.69130882622665 nan
2 1927 325.31767352890813 nan
2 1928 325.94559465857935 nan
2 1929 326.57507541973496 nan
2 1930 327.2061190215813 nan
2 1931 327.83872867804024 nan
2 1932 328.4729076077531 nan
2 1933 329.1086590340836 nan
2 1934 329.74598618512164 nan
2 1935 330.3848922936868 nan
2 1936 331.0253805973322 nan
2 1937 331.6674543383473 nan
2 1938 332.31111676376213 nan
2 1939 332.95637112535064 nan
2 1940 333.603220679634 nan
2 1941 334.2516686878843 nan
2 1942 334.901718416128 nan
2 1943 335.55337313514997 nan
2 1944 336.20663612049594 nan
2 1945 336.86151065247714 nan
2 1946 337.51800001617346 nan
2 1947 338.1761075014365 nan
2 1948 338.83583640289385 nan
2 1949 339.4971900199519 nan
2 1950 340.1601716568004 nan
2 1951 340.8247846224148 nan
2 1952 341.49103223056034 nan
2 1953 342.158917799796 nan
2 1954 342.82844465347733 nan
2 1955 343.4996161197603 nan
2 1956 344.1724355316045 nan
2 1957 344.8469062267777 nan
2 1958 345.52303154785807 nan
2 1959 346.2008148422383 nan
2 1960 346.8802594621296 nan
2 1961 347.5613687645643 nan
2 1962 348.2441461114 nan
2 1963 348.9285948693231 nan
2 1964 349.614718409852 nan
2 1965 350.30252010934095 nan
2 1966 350.9920033489833 nan
2 1967 351.6831715148155 nan
2 1968 352.3760279977202 nan
2 1969 353.0705761934296 nan
2 1970 353.7668195025296 nan
2 1971 354.4647613304629 nan
2 1972 355.16440508753317 nan
2 1973 355.86575418890703 nan
2 1974 356.5688120546197 nan
2 1975 357.2735821095769 nan
2 1976 357.980067783559 nan
2 1977 358.68827251122457 nan
2 1978 359.3981997321137 nan
2 1979 360.10985289065206 nan
2 1980 360.8232354361539 nan
2 1981 361.5383508228253 nan
2 1982 362.25520250976854 nan
2 1983 362.9737939609857 nan
2 1984 363.6941286453805 nan
2 1985 364.41621003676437 nan
2 1986 365.14004161385765 nan
2 1987 365.86562686029475 nan
2 1988 366.59296926462713 nan
2 1989 367.3220723203263 nan
2 1990 368.0529395257881 nan
2 1991 368.7855743843364 nan
2 1992 369.5199804042254 nan
2 1993 370.25616109864444 nan
2 1994 370.9941199857214 nan
2 1995 371.733860588525 nan
2 1996 372.47538643506994 nan
2 1997 373.21870105831994 nan
2 1998 373.9638079961901 nan
2 1999 374.71071079155234 nan
2 2000 375.4594129922372 nan
2 2001 376.20991815103895 nan
2 2002 376.9622298257181 nan
2 2003 377.7163515790046 nan
2 2004 378.4722869786026 nan
2 2005 379.2300395971934 nan
2 2006 379.9896130124381 nan
2 2007 380.7510108069829 nan
2 2008 381.5142365684611 nan
2 2009 382.2792938894974 nan
2 2010 383.0461863677113 nan
2 2011 383.81491760572055 nan
2 2012 384.58549121114453 nan
2 2013 385.3579107966084 nan
2 2014 386.13217997974544 nan
2 2015 386.9083023832022 nan
2 2016 387.6862816346411 nan
2 2017 388.46612136674315 nan
2 2018 389.24782521721335 nan
2 2019 390.0313968287831 nan
2 2020 390.81683984921335 nan
2 2021 391.6041579312991 nan
2 2022 392.39335473287264 nan
2 2023 393.1844339168064 nan
2 2024 393.97739915101755 nan
2 2025 394.77225410847103 nan
2 2026 395.56900246718254 nan
2 2027 396.3676479102233 nan
2 2028 397.16819412572215 nan
2 2029 397.9706448068705 nan
2 2030 398.775003651925 nan
2 2031 399.58127436421074 nan
2 2032 400.389460652126 nan
2 2033 401.199566229145 nan
2 2034 402.01159481382086 nan
2 2035 402.8255501297906 nan
2 2036 403.64143590577777 nan
2 2037 404.45925587559526 nan
2 2038 405.2790137781506 nan
2 2039 406.1007133574486 nan
2 2040 406.92435836259364 nan
2 2041 407.7499525477959 nan
2 2042 408.57749967237226 nan
2 2043 409.4070035007515 nan
2 2044 410.23846780247754 nan
2 2045 411.071896352212 nan
2 2046 411.90729292973896 nan
2 2047 412.7446613199682 nan
