x y
0.00 137.42
1.00 137.43
2.00 137.44
3.00 137.46
4.00 137.47
5.00 137.48
6.00 137.49
7.00 137.50
8.00 137.52
9.00 137.53
10.00 137.54
11.00 137.56
12.00 137.57
13.00 137.58
14.00 137.59
15.00 137.61
16.00 137.62
17.00 137.63
18.00 137.65
19.00 137.66
20.00 137.68
21.00 137.69
22.00 137.70
23.00 137.72
24.00 137.73
25.00 137.75
26.00 137.76
27.00 137.77
28.00 137.79
29.00 137.80
30.00 137.82
31.00 137.83
32.00 137.85
33.00 137.86
34.00 137.88
35.00 137.89
36.00 137.91
37.00 137.92
38.00 137.94
39.00 137.95
40.00 137.97
41.00 137.98
42.00 138.00
43.00 138.01
44.00 138.03
45.00 138.04
46.00 138.06
47.00 138.08
48.00 138.09
49.00 138.11
50.00 138.13
51.00 138.14
52.00 138.16
53.00 138.17
54.00 138.19
55.00 138.21
56.00 138.22
57.00 138.24
58.00 138.26
59.00 138.28
60.00 138.29
61.00 138.31
62.00 138.33
63.00 138.34
64.00 138.36
65.00 138.38
66.00 138.40
67.00 138.42
68.00 138.43
69.00 138.45
70.00 138.47
71.00 138.49
72.00 138.51
73.00 138.52
74.00 138.54
75.00 138.56
76.00 138.58
77.00 138.60
78.00 138.62
79.00 138.64
80.00 138.65
81.00 138.67
82.00 138.69
83.00 138.71
84.00 138.73
85.00 138.75
86.00 138.77
87.00 138.79
88.00 138.81
89.00 138.83
90.00 138.85
91.00 138.87
92.00 138.89
93.00 138.91
94.00 138.93
95.00 138.95
96.00 138.97
97.00 138.99
98.00 139.01
99.00 139.03
100.00 139.05
101.00 139.07
102.00 139.10
103.00 139.12
104.00 139.14
105.00 139.16
106.00 139.18
107.00 139.20
108.00 139.22
109.00 139.25
110.00 139.27
111.00 139.29
112.00 139.31
113.00 139.33
114.00 139.36
115.00 139.38
116.00 139.40
117.00 139.42
118.00 139.45
119.00 139.47
120.00 139.49
121.00 139.51
122.00 139.54
123.00 139.56
124.00 139.58
125.00 139.61
126.00 139.63
127.00 139.65
128.00 139.68
129.00 139.70
130.00 139.72
131.00 139.75
132.00 139.77
133.00 139.80
134.00 139.82
135.00 139.84
136.00 139.87
137.00 139.89
138.00 139.92
139.00 139.94
140.00 139.97
141.00 139.99
142.00 140.02
143.00 140.04
144.00 140.07
145.00 140.09
146.00 140.12
147.00 140.14
148.00 140.17
149.00 140.19
150.00 140.22
151.00 140.24
152.00 140.27
153.00 140.30
154.00 140.32
155.00 140.35
156.00 140.37
157.00 140.40
158.00 140.43
159.00 140.45
160.00 140.48
161.00 140.51
162.00 140.53
163.00 140.56
164.00 140.59
165.00 140.62
166.00 140.64
167.00 140.67
168.00 140.70
169.00 140.72
170.00 140.75
171.00 140.78
172.00 140.81
173.00 140.84
174.00 140.86
175.00 140.89
176.00 140.92
177.00 140.95
178.00 140.98
179.00 141.01
180.00 141.04
181.00 141.06
182.00 141.09
183.00 141.12
184.00 141.15
185.00 141.18
186.00 141.21
187.00 141.24
188.00 141.27
189.00 141.30
190.00 141.33
191.00 141.36
192.00 141.39
193.00 141.42
194.00 141.45
195.00 141.48
196.00 141.51
197.00 141.54
198.00 141.57
199.00 141.60
200.00 141.63
201.00 141.66
202.00 141.69
203.00 141.72
204.00 141.76
205.00 141.79
206.00 141.82
207.00 141.85
208.00 141.88
209.00 141.91
210.00 141.94
211.00 141.98
212.00 142.01
213.00 142.04
214.00 142.07
215.00 142.11
216.00 142.14
217.00 142.17
218.00 142.20
219.00 142.24
220.00 142.27
221.00 142.30
222.00 142.33
223.00 142.37
224.00 142.40
225.00 142.43
226.00 142.47
227.00 142.50
228.00 142.54
229.00 142.57
230.00 142.60
231.00 142.64
232.00 142.67
233.00 142.71
234.00 142.74
235.00 142.77
236.00 142.81
237.00 142.84
238.00 142.88
239.00 142.91
240.00 142.95
241.00 142.98
242.00 143.02
243.00 143.05
244.00 143.09
245.00 143.13
246.00 143.16
247.00 143.20
248.00 143.23
249.00 143.27
250.00 143.31
251.00 143.34
252.00 143.38
253.00 143.41
254.00 143.45
255.00 143.49
256.00 143.52
257.00 143.56
258.00 143.60
259.00 143.64
260.00 143.67
261.00 143.71
262.00 143.75
263.00 143.79
264.00 143.82
265.00 143.86
266.00 143.90
267.00 143.94
268.00 143.98
269.00 144.01
270.00 144.05
271.00 144.09
272.00 144.13
273.00 144.17
274.00 144.21
275.00 144.25
276.00 144.28
277.00 144.32
278.00 144.36
279.00 144.40
280.00 144.44
281.00 144.48
282.00 144.52
283.00 144.56
284.00 144.60
285.00 144.64
286.00 144.68
287.00 144.72
288.00 144.76
289.00 144.80
290.00 144.84
291.00 144.88
292.00 144.92
293.00 144.97
294.00 145.01
295.00 145.05
296.00 145.09
297.00 145.13
298.00 145.17
299.00 145.21
300.00 145.26
301.00 145.30
302.00 145.34
303.00 145.38
304.00 145.42
305.00 145.47
306.00 145.51
307.00 145.55
308.00 145.59
309.00 145.64
310.00 145.68
311.00 145.72
312.00 145.77
313.00 145.81
314.00 145.85
315.00 145.90
316.00 145.94
317.00 145.98
318.00 146.03
319.00 146.07
320.00 146.12
321.00 146.16
322.00 146.20
323.00 146.25
324.00 146.29
325.00 146.34
326.00 146.38
327.00 146.43
328.00 146.47
329.00 146.52
330.00 146.56
331.00 146.61
332.00 146.65
333.00 146.70
334.00 146.74
335.00 146.79
336.00 146.84
337.00 146.88
338.00 146.93
339.00 146.98
340.00 147.02
341.00 147.07
342.00 147.12
343.00 147.16
344.00 147.21
345.00 147.26
346.00 147.30
347.00 147.35
348.00 147.40
349.00 147.45
350.00 147.49
351.00 147.54
352.00 147.59
353.00 147.64
354.00 147.69
355.00 147.73
356.00 147.78
357.00 147.83
358.00 147.88
359.00 147.93
360.00 147.98
361.00 148.03
362.00 148.07
363.00 148.12
364.00 148.17
365.00 148.22
366.00 148.27
367.00 148.32
368.00 148.37
369.00 148.42
370.00 148.47
371.00 148.52
372.00 148.57
373.00 148.62
374.00 148.67
375.00 148.72
376.00 148.78
377.00 148.83
378.00 148.88
379.00 148.93
380.00 148.98
381.00 149.03
382.00 149.08
383.00 149.13
384.00 149.19
385.00 149.24
386.00 149.29
387.00 149.34
388.00 149.40
389.00 149.45
390.00 149.50
391.00 149.55
392.00 149.61
393.00 149.66
394.00 149.71
395.00 149.77
396.00 149.82
397.00 149.87
398.00 149.93
399.00 149.98
400.00 150.03
401.00 150.09
402.00 150.14
403.00 150.20
404.00 150.25
405.00 150.30
406.00 150.36
407.00 150.41
408.00 150.47
409.00 150.52
410.00 150.58
411.00 150.63
412.00 150.69
413.00 150.74
414.00 150.80
415.00 150.86
416.00 150.91
417.00 150.97
418.00 151.02
419.00 151.08
420.00 151.14
421.00 151.19
422.00 151.25
423.00 151.31
424.00 151.36
425.00 151.42
426.00 151.48
427.00 151.53
428.00 151.59
429.00 151.65
430.00 151.71
431.00 151.76
432.00 151.82
433.00 151.88
434.00 151.94
435.00 152.00
436.00 152.06
437.00 152.11
438.00 152.17
439.00 152.23
440.00 152.29
441.00 152.35
442.00 152.41
443.00 152.47
444.00 152.53
445.00 152.59
446.00 152.65
447.00 152.71
448.00 152.77
449.00 152.83
450.00 152.89
451.00 152.95
452.00 153.01
453.00 153.07
454.00 153.13
455.00 153.19
456.00 153.25
457.00 153.31
458.00 153.37
459.00 153.44
460.00 153.50
461.00 153.56
462.00 153.62
463.00 153.68
464.00 153.74
465.00 153.81
466.00 153.87
467.00 153.93
468.00 153.99
469.00 154.06
470.00 154.12
471.00 154.18
472.00 154.25
473.00 154.31
474.00 154.37
475.00 154.44
476.00 154.50
477.00 154.56
478.00 154.63
479.00 154.69
480.00 154.76
481.00 154.82
482.00 154.89
483.00 154.95
484.00 155.01
485.00 155.08
486.00 155.14
487.00 155.21
488.00 155.28
489.00 155.34
490.00 155.41
491.00 155.47
492.00 155.54
493.00 155.60
494.00 155.67
495.00 155.74
496.00 155.80
497.00 155.87
498.00 155.94
499.00 156.00
500.00 156.07
501.00 156.14
502.00 156.20
503.00 156.27
504.00 156.34
505.00 156.41
506.00 156.47
507.00 156.54
508.00 156.61
509.00 156.68
510.00 156.75
511.00 156.82
512.00 156.88
513.00 156.95
514.00 157.02
515.00 157.09
516.00 157.16
517.00 157.23
518.00 157.30
519.00 157.37
520.00 157.44
521.00 157.51
522.00 157.58
523.00 157.65
524.00 157.72
525.00 157.79
526.00 157.86
527.00 157.93
528.00 158.00
529.00 158.07
530.00 158.14
531.00 158.21
532.00 158.28
533.00 158.36
534.00 158.43
535.00 158.50
536.00 158.57
537.00 158.64
538.00 158.72
539.00 158.79
540.00 158.86
541.00 158.93
542.00 159.01
543.00 159.08
544.00 159.15
545.00 159.22
546.00 159.30
547.00 159.37
548.00 159.45
549.00 159.52
550.00 159.59
551.00 159.67
552.00 159.74
553.00 159.82
554.00 159.89
555.00 159.96
556.00 160.04
557.00 160.11
558.00 160.19
559.00 160.26
560.00 160.34
561.00 160.42
562.00 160.49
563.00 160.57
564.00 160.64
565.00 160.72
566.00 160.79
567.00 160.87
568.00 160.95
569.00 161.02
570.00 161.10
571.00 161.18
572.00 161.25
573.00 161.33
574.00 161.41
575.00 161.49
576.00 161.56
577.00 161.64
578.00 161.72
579.00 161.80
580.00 161.88
581.00 161.95
582.00 162.03
583.00 162.11
584.00 162.19
585.00 162.27
586.00 162.35
587.00 162.43
588.00 162.51
589.00 162.59
590.00 162.67
591.00 162.75
592.00 162.83
593.00 162.91
594.00 162.99
595.00 163.07
596.00 163.15
597.00 163.23
598.00 163.31
599.00 163.39
600.00 163.47
601.00 163.55
602.00 163.63
603.00 163.72
604.00 163.80
605.00 163.88
606.00 163.96
607.00 164.04
608.00 164.13
609.00 164.21
610.00 164.29
611.00 164.37
612.00 164.46
613.00 164.54
614.00 164.62
615.00 164.71
616.00 164.79
617.00 164.87
618.00 164.96
619.00 165.04
620.00 165.12
621.00 165.21
622.00 165.29
623.00 165.38
624.00 165.46
625.00 165.55
626.00 165.63
627.00 165.72
628.00 165.80
629.00 165.89
630.00 165.97
631.00 166.06
632.00 166.14
633.00 166.23
634.00 166.32
635.00 166.40
636.00 166.49
637.00 166.58
638.00 166.66
639.00 166.75
640.00 166.84
641.00 166.92
642.00 167.01
643.00 167.10
644.00 167.19
645.00 167.27
646.00 167.36
647.00 167.45
648.00 167.54
649.00 167.63
650.00 167.72
651.00 167.81
652.00 167.89
653.00 167.98
654.00 168.07
655.00 168.16
656.00 168.25
657.00 168.34
658.00 168.43
659.00 168.52
660.00 168.61
661.00 168.70
662.00 168.79
663.00 168.88
664.00 168.97
665.00 169.06
666.00 169.15
667.00 169.25
668.00 169.34
669.00 169.43
670.00 169.52
671.00 169.61
672.00 169.70
673.00 169.80
674.00 169.89
675.00 169.98
676.00 170.07
677.00 170.17
678.00 170.26
679.00 170.35
680.00 170.45
681.00 170.54
682.00 170.63
683.00 170.73
684.00 170.82
685.00 170.91
686.00 171.01
687.00 171.10
688.00 171.20
689.00 171.29
690.00 171.39
691.00 171.48
692.00 171.58
693.00 171.67
694.00 171.77
695.00 171.86
696.00 171.96
697.00 172.05
698.00 172.15
699.00 172.25
700.00 172.34
701.00 172.44
702.00 172.54
703.00 172.63
704.00 172.73
705.00 172.83
706.00 172.92
707.00 173.02
708.00 173.12
709.00 173.22
710.00 173.31
711.00 173.41
712.00 173.51
713.00 173.61
714.00 173.71
715.00 173.81
716.00 173.91
717.00 174.00
718.00 174.10
719.00 174.20
720.00 174.30
721.00 174.40
722.00 174.50
723.00 174.60
724.00 174.70
725.00 174.80
726.00 174.90
727.00 175.00
728.00 175.10
729.00 175.21
730.00 175.31
731.00 175.41
732.00 175.51
733.00 175.61
734.00 175.71
735.00 175.81
736.00 175.92
737.00 176.02
738.00 176.12
739.00 176.22
740.00 176.33
741.00 176.43
742.00 176.53
743.00 176.64
744.00 176.74
745.00 176.84
746.00 176.95
747.00 177.05
748.00 177.15
749.00 177.26
750.00 177.36
751.00 177.47
752.00 177.57
753.00 177.68
754.00 177.78
755.00 177.89
756.00 177.99
757.00 178.10
758.00 178.20
759.00 178.31
760.00 178.42
761.00 178.52
762.00 178.63
763.00 178.73
764.00 178.84
765.00 178.95
766.00 179.06
767.00 179.16
768.00 179.27
769.00 179.38
770.00 179.48
771.00 179.59
772.00 179.70
773.00 179.81
774.00 179.92
775.00 180.03
776.00 180.13
777.00 180.24
778.00 180.35
779.00 180.46
780.00 180.57
781.00 180.68
782.00 180.79
783.00 180.90
784.00 181.01
785.00 181.12
786.00 181.23
787.00 181.34
788.00 181.45
789.00 181.56
790.00 181.67
791.00 181.78
792.00 181.89
793.00 182.01
794.00 182.12
795.00 182.23
796.00 182.34
797.00 182.45
798.00 182.57
799.00 182.68
800.00 182.79
801.00 182.90
802.00 183.02
803.00 183.13
804.00 183.24
805.00 183.36
806.00 183.47
807.00 183.58
808.00 183.70
809.00 183.81
810.00 183.93
811.00 184.04
812.00 184.16
813.00 184.27
814.00 184.39
815.00 184.50
816.00 184.62
817.00 184.73
818.00 184.85
819.00 184.96
820.00 185.08
821.00 185.20
822.00 185.31
823.00 185.43
824.00 185.54
825.00 185.66
826.00 185.78
827.00 185.90
828.00 186.01
829.00 186.13
830.00 186.25
831.00 186.37
832.00 186.48
833.00 186.60
834.00 186.72
835.00 186.84
836.00 186.96
837.00 187.08
838.00 187.20
839.00 187.32
840.00 187.44
841.00 187.55
842.00 187.67
843.00 187.79
844.00 187.91
845.00 188.03
846.00 188.16
847.00 188.28
848.00 188.40
849.00 188.52
850.00 188.64
851.00 188.76
852.00 188.88
853.00 189.00
854.00 189.13
855.00 189.25
856.00 189.37
857.00 189.49
858.00 189.61
859.00 189.74
860.00 189.86
861.00 189.98
862.00 190.11
863.00 190.23
864.00 190.35
865.00 190.48
866.00 190.60
867.00 190.73
868.00 190.85
869.00 190.97
870.00 191.10
871.00 191.22
872.00 191.35
873.00 191.47
874.00 191.60
875.00 191.72
876.00 191.85
877.00 191.98
878.00 192.10
879.00 192.23
880.00 192.36
881.00 192.48
882.00 192.61
883.00 192.74
884.00 192.86
885.00 192.99
886.00 193.12
887.00 193.25
888.00 193.37
889.00 193.50
890.00 193.63
891.00 193.76
892.00 193.89
893.00 194.01
894.00 194.14
895.00 194.27
896.00 194.40
897.00 194.53
898.00 194.66
899.00 194.79
900.00 194.92
901.00 195.05
902.00 195.18
903.00 195.31
904.00 195.44
905.00 195.57
906.00 195.70
907.00 195.84
908.00 195.97
909.00 196.10
910.00 196.23
911.00 196.36
912.00 196.49
913.00 196.63
914.00 196.76
915.00 196.89
916.00 197.02
917.00 197.16
918.00 197.29
919.00 197.42
920.00 197.56
921.00 197.69
922.00 197.83
923.00 197.96
924.00 198.09
925.00 198.23
926.00 198.36
927.00 198.50
928.00 198.63
929.00 198.77
930.00 198.90
931.00 199.04
932.00 199.17
933.00 199.31
934.00 199.45
935.00 199.58
936.00 199.72
937.00 199.86
938.00 199.99
939.00 200.13
940.00 200.27
941.00 200.40
942.00 200.54
943.00 200.68
944.00 200.82
945.00 200.96
946.00 201.09
947.00 201.23
948.00 201.37
949.00 201.51
950.00 201.65
951.00 201.79
952.00 201.93
953.00 202.07
954.00 202.21
955.00 202.35
956.00 202.49
957.00 202.63
958.00 202.77
959.00 202.91
960.00 203.05
961.00 203.19
962.00 203.33
963.00 203.47
964.00 203.62
965.00 203.76
966.00 203.90
967.00 204.04
968.00 204.18
969.00 204.33
970.00 204.47
971.00 204.61
972.00 204.76
973.00 204.90
974.00 205.04
975.00 205.19
976.00 205.33
977.00 205.47
978.00 205.62
979.00 205.76
980.00 205.91
981.00 206.05
982.00 206.20
983.00 206.34
984.00 206.49
985.00 206.63
986.00 206.78
987.00 206.92
988.00 207.07
989.00 207.22
990.00 207.36
991.00 207.51
992.00 207.66
993.00 207.80
994.00 207.95
995.00 208.10
996.00 208.25
997.00 208.39
998.00 208.54
999.00 208.69
1000.00 208.84
1001.00 208.99
1002.00 209.14
1003.00 209.28
1004.00 209.43
1005.00 209.58
1006.00 209.73
1007.00 209.88
1008.00 210.03
1009.00 210.18
1010.00 210.33
1011.00 210.48
1012.00 210.63
1013.00 210.78
1014.00 210.94
1015.00 211.09
1016.00 211.24
1017.00 211.39
1018.00 211.54
1019.00 211.69
1020.00 211.85
1021.00 212.00
1022.00 212.15
1023.00 212.30
1024.00 212.46
1025.00 212.61
1026.00 212.76
1027.00 212.92
1028.00 213.07
1029.00 213.22
1030.00 213.38
1031.00 213.53
1032.00 213.69
1033.00 213.84
1034.00 214.00
1035.00 214.15
1036.00 214.31
1037.00 214.46
1038.00 214.62
1039.00 214.77
1040.00 214.93
1041.00 215.09
1042.00 215.24
1043.00 215.40
1044.00 215.56
1045.00 215.71
1046.00 215.87
1047.00 216.03
1048.00 216.19
1049.00 216.34
1050.00 216.50
1051.00 216.66
1052.00 216.82
1053.00 216.98
1054.00 217.13
1055.00 217.29
1056.00 217.45
1057.00 217.61
1058.00 217.77
1059.00 217.93
1060.00 218.09
1061.00 218.25
1062.00 218.41
1063.00 218.57
1064.00 218.73
1065.00 218.89
1066.00 219.05
1067.00 219.22
1068.00 219.38
1069.00 219.54
1070.00 219.70
1071.00 219.86
1072.00 220.03
1073.00 220.19
1074.00 220.35
1075.00 220.51
1076.00 220.68
1077.00 220.84
1078.00 221.00
1079.00 221.17
1080.00 221.33
1081.00 221.49
1082.00 221.66
1083.00 221.82
1084.00 221.99
1085.00 222.15
1086.00 222.32
1087.00 222.48
1088.00 222.65
1089.00 222.81
1090.00 222.98
1091.00 223.15
1092.00 223.31
1093.00 223.48
1094.00 223.65
1095.00 223.81
1096.00 223.98
1097.00 224.15
1098.00 224.31
1099.00 224.48
1100.00 224.65
1101.00 224.82
1102.00 224.99
1103.00 225.15
1104.00 225.32
1105.00 225.49
1106.00 225.66
1107.00 225.83
1108.00 226.00
1109.00 226.17
1110.00 226.34
1111.00 226.51
1112.00 226.68
1113.00 226.85
1114.00 227.02
1115.00 227.19
1116.00 227.36
1117.00 227.53
1118.00 227.70
1119.00 227.88
1120.00 228.05
1121.00 228.22
1122.00 228.39
1123.00 228.57
1124.00 228.74
1125.00 228.91
1126.00 229.08
1127.00 229.26
1128.00 229.43
1129.00 229.60
1130.00 229.78
1131.00 229.95
1132.00 230.13
1133.00 230.30
1134.00 230.48
1135.00 230.65
1136.00 230.83
1137.00 231.00
1138.00 231.18
1139.00 231.35
1140.00 231.53
1141.00 231.70
1142.00 231.88
1143.00 232.06
1144.00 232.23
1145.00 232.41
1146.00 232.59
1147.00 232.77
1148.00 232.94
1149.00 233.12
1150.00 233.30
1151.00 233.48
1152.00 233.65
1153.00 233.83
1154.00 234.01
1155.00 234.19
1156.00 234.37
1157.00 234.55
1158.00 234.73
1159.00 234.91
1160.00 235.09
1161.00 235.27
1162.00 235.45
1163.00 235.63
1164.00 235.81
1165.00 235.99
1166.00 236.17
1167.00 236.36
1168.00 236.54
1169.00 236.72
1170.00 236.90
1171.00 237.08
1172.00 237.27
1173.00 237.45
1174.00 237.63
1175.00 237.81
1176.00 238.00
1177.00 238.18
1178.00 238.36
1179.00 238.55
1180.00 238.73
1181.00 238.92
1182.00 239.10
1183.00 239.29
1184.00 239.47
1185.00 239.66
1186.00 239.84
1187.00 240.03
1188.00 240.21
1189.00 240.40
1190.00 240.59
1191.00 240.77
1192.00 240.96
1193.00 241.15
1194.00 241.33
1195.00 241.52
1196.00 241.71
1197.00 241.90
1198.00 242.08
1199.00 242.27
1200.00 242.46
1201.00 242.65
1202.00 242.84
1203.00 243.03
1204.00 243.22
1205.00 243.40
1206.00 243.59
1207.00 243.78
1208.00 243.97
1209.00 244.16
1210.00 244.36
1211.00 244.55
1212.00 244.74
1213.00 244.93
1214.00 245.12
1215.00 245.31
1216.00 245.50
1217.00 245.69
1218.00 245.89
1219.00 246.08
1220.00 246.27
1221.00 246.46
1222.00 246.66
1223.00 246.85
1224.00 247.04
1225.00 247.24
1226.00 247.43
1227.00 247.63
1228.00 247.82
1229.00 248.01
1230.00 248.21
1231.00 248.40
1232.00 248.60
1233.00 248.79
1234.00 248.99
1235.00 249.19
1236.00 249.38
1237.00 249.58
1238.00 249.77
1239.00 249.97
1240.00 250.17
1241.00 250.36
1242.00 250.56
1243.00 250.76
1244.00 250.96
1245.00 251.16
1246.00 251.35
1247.00 251.55
1248.00 251.75
1249.00 251.95
1250.00 252.15
1251.00 252.35
1252.00 252.55
1253.00 252.75
1254.00 252.95
1255.00 253.15
1256.00 253.35
1257.00 253.55
1258.00 253.75
1259.00 253.95
1260.00 254.15
1261.00 254.35
1262.00 254.55
1263.00 254.75
1264.00 254.96
1265.00 255.16
1266.00 255.36
1267.00 255.56
1268.00 255.77
1269.00 255.97
1270.00 256.17
1271.00 256.38
1272.00 256.58
1273.00 256.78
1274.00 256.99
1275.00 257.19
1276.00 257.40
1277.00 257.60
1278.00 257.81
1279.00 258.01
1280.00 258.22
1281.00 258.42
1282.00 258.63
1283.00 258.84
1284.00 259.04
1285.00 259.25
1286.00 259.46
1287.00 259.66
1288.00 259.87
1289.00 260.08
1290.00 260.29
1291.00 260.49
1292.00 260.70
1293.00 260.91
1294.00 261.12
1295.00 261.33
1296.00 261.54
1297.00 261.75
1298.00 261.96
1299.00 262.17
1300.00 262.38
1301.00 262.59
1302.00 262.80
1303.00 263.01
1304.00 263.22
1305.00 263.43
1306.00 263.64
1307.00 263.85
1308.00 264.06
1309.00 264.27
1310.00 264.49
1311.00 264.70
1312.00 264.91
1313.00 265.12
1314.00 265.34
1315.00 265.55
1316.00 265.76
1317.00 265.98
1318.00 266.19
1319.00 266.41
1320.00 266.62
1321.00 266.83
1322.00 267.05
1323.00 267.26
1324.00 267.48
1325.00 267.70
1326.00 267.91
1327.00 268.13
1328.00 268.34
1329.00 268.56
1330.00 268.78
1331.00 268.99
1332.00 269.21
1333.00 269.43
1334.00 269.64
1335.00 269.86
1336.00 270.08
1337.00 270.30
1338.00 270.52
1339.00 270.74
1340.00 270.95
1341.00 271.17
1342.00 271.39
1343.00 271.61
1344.00 271.83
1345.00 272.05
1346.00 272.27
1347.00 272.49
1348.00 272.71
1349.00 272.93
1350.00 273.16
1351.00 273.38
1352.00 273.60
1353.00 273.82
1354.00 274.04
1355.00 274.26
1356.00 274.49
1357.00 274.71
1358.00 274.93
1359.00 275.16
1360.00 275.38
1361.00 275.60
1362.00 275.83
1363.00 276.05
1364.00 276.27
1365.00 276.50
1366.00 276.72
1367.00 276.95
1368.00 277.17
1369.00 277.40
1370.00 277.63
1371.00 277.85
1372.00 278.08
1373.00 278.30
1374.00 278.53
1375.00 278.76
1376.00 278.98
1377.00 279.21
1378.00 279.44
1379.00 279.67
1380.00 279.89
1381.00 280.12
1382.00 280.35
1383.00 280.58
1384.00 280.81
1385.00 281.04
1386.00 281.27
1387.00 281.50
1388.00 281.73
1389.00 281.96
1390.00 282.19
1391.00 282.42
1392.00 282.65
1393.00 282.88
1394.00 283.11
1395.00 283.34
1396.00 283.57
1397.00 283.80
1398.00 284.04
1399.00 284.27
1400.00 284.50
1401.00 284.73
1402.00 284.97
1403.00 285.20
1404.00 285.43
1405.00 285.67
1406.00 285.90
1407.00 286.14
1408.00 286.37
1409.00 286.60
1410.00 286.84
1411.00 287.07
1412.00 287.31
1413.00 287.55
1414.00 287.78
1415.00 288.02
1416.00 288.25
1417.00 288.49
1418.00 288.73
1419.00 288.96
1420.00 289.20
1421.00 289.44
1422.00 289.68
1423.00 289.91
1424.00 290.15
1425.00 290.39
1426.00 290.63
1427.00 290.87
1428.00 291.11
1429.00 291.35
1430.00 291.59
1431.00 291.83
1432.00 292.07
1433.00 292.31
1434.00 292.55
1435.00 292.79
1436.00 293.03
1437.00 293.27
1438.00 293.51
1439.00 293.75
1440.00 293.99
1441.00 294.24
1442.00 294.48
1443.00 294.72
1444.00 294.96
1445.00 295.21
1446.00 295.45
1447.00 295.69
1448.00 295.94
1449.00 296.18
1450.00 296.43
1451.00 296.67
1452.00 296.92
1453.00 297.16
1454.00 297.41
1455.00 297.65
1456.00 297.90
1457.00 298.14
1458.00 298.39
1459.00 298.64
1460.00 298.88
1461.00 299.13
1462.00 299.38
1463.00 299.62
1464.00 299.87
1465.00 300.12
1466.00 300.37
1467.00 300.62
1468.00 300.86
1469.00 301.11
1470.00 301.36
1471.00 301.61
1472.00 301.86
1473.00 302.11
1474.00 302.36
1475.00 302.61
1476.00 302.86
1477.00 303.11
1478.00 303.36
1479.00 303.61
1480.00 303.86
1481.00 304.12
1482.00 304.37
1483.00 304.62
1484.00 304.87
1485.00 305.13
1486.00 305.38
1487.00 305.63
1488.00 305.88
1489.00 306.14
1490.00 306.39
1491.00 306.65
1492.00 306.90
1493.00 307.16
1494.00 307.41
1495.00 307.66
1496.00 307.92
1497.00 308.18
1498.00 308.43
1499.00 308.69
1500.00 308.94
1501.00 309.20
1502.00 309.46
1503.00 309.71
1504.00 309.97
1505.00 310.23
1506.00 310.49
1507.00 310.74
1508.00 311.00
1509.00 311.26
1510.00 311.52
1511.00 311.78
1512.00 312.04
1513.00 312.30
1514.00 312.56
1515.00 312.82
1516.00 313.08
1517.00 313.34
1518.00 313.60
1519.00 313.86
1520.00 314.12
1521.00 314.38
1522.00 314.64
1523.00 314.90
1524.00 315.17
1525.00 315.43
1526.00 315.69
1527.00 315.95
1528.00 316.22
1529.00 316.48
1530.00 316.74
1531.00 317.01
1532.00 317.27
1533.00 317.54
1534.00 317.80
1535.00 318.07
1536.00 318.33
1537.00 318.60
1538.00 318.86
1539.00 319.13
1540.00 319.39
1541.00 319.66
1542.00 319.93
1543.00 320.19
1544.00 320.46
1545.00 320.73
1546.00 320.99
1547.00 321.26
1548.00 321.53
1549.00 321.80
1550.00 322.07
1551.00 322.34
1552.00 322.60
1553.00 322.87
1554.00 323.14
1555.00 323.41
1556.00 323.68
1557.00 323.95
1558.00 324.22
1559.00 324.49
1560.00 324.76
1561.00 325.04
1562.00 325.31
1563.00 325.58
1564.00 325.85
1565.00 326.12
1566.00 326.40
1567.00 326.67
1568.00 326.94
1569.00 327.21
1570.00 327.49
1571.00 327.76
1572.00 328.04
1573.00 328.31
1574.00 328.58
1575.00 328.86
1576.00 329.13
1577.00 329.41
1578.00 329.68
1579.00 329.96
1580.00 330.24
1581.00 330.51
1582.00 330.79
1583.00 331.07
1584.00 331.34
1585.00 331.62
1586.00 331.90
1587.00 332.18
1588.00 332.45
1589.00 332.73
1590.00 333.01
1591.00 333.29
1592.00 333.57
1593.00 333.85
1594.00 334.13
1595.00 334.41
1596.00 334.69
1597.00 334.97
1598.00 335.25
1599.00 335.53
1600.00 335.81
1601.00 336.09
1602.00 336.37
1603.00 336.65
1604.00 336.93
1605.00 337.22
1606.00 337.50
1607.00 337.78
1608.00 338.07
1609.00 338.35
1610.00 338.63
1611.00 338.92
1612.00 339.20
1613.00 339.48
1614.00 339.77
1615.00 340.05
1616.00 340.34
1617.00 340.62
1618.00 340.91
1619.00 341.19
1620.00 341.48
1621.00 341.77
1622.00 342.05
1623.00 342.34
1624.00 342.63
1625.00 342.92
1626.00 343.20
1627.00 343.49
1628.00 343.78
1629.00 344.07
1630.00 344.36
1631.00 344.64
1632.00 344.93
1633.00 345.22
1634.00 345.51
1635.00 345.80
1636.00 346.09
1637.00 346.38
1638.00 346.67
1639.00 346.96
1640.00 347.26
1641.00 347.55
1642.00 347.84
1643.00 348.13
1644.00 348.42
1645.00 348.72
1646.00 349.01
1647.00 349.30
1648.00 349.59
1649.00 349.89
1650.00 350.18
1651.00 350.48
1652.00 350.77
1653.00 351.06
1654.00 351.36
1655.00 351.65
1656.00 351.95
1657.00 352.25
1658.00 352.54
1659.00 352.84
1660.00 353.13
1661.00 353.43
1662.00 353.73
1663.00 354.02
1664.00 354.32
1665.00 354.62
1666.00 354.92
1667.00 355.22
1668.00 355.51
1669.00 355.81
1670.00 356.11
1671.00 356.41
1672.00 356.71
1673.00 357.01
1674.00 357.31
1675.00 357.61
1676.00 357.91
1677.00 358.21
1678.00 358.51
1679.00 358.81
1680.00 359.11
1681.00 359.42
1682.00 359.72
1683.00 360.02
1684.00 360.32
1685.00 360.63
1686.00 360.93
1687.00 361.23
1688.00 361.54
1689.00 361.84
1690.00 362.14
1691.00 362.45
1692.00 362.75
1693.00 363.06
1694.00 363.36
1695.00 363.67
1696.00 363.98
1697.00 364.28
1698.00 364.59
1699.00 364.89
1700.00 365.20
1701.00 365.51
1702.00 365.81
1703.00 366.12
1704.00 366.43
1705.00 366.74
1706.00 367.05
1707.00 367.36
1708.00 367.66
1709.00 367.97
1710.00 368.28
1711.00 368.59
1712.00 368.90
1713.00 369.21
1714.00 369.52
1715.00 369.83
1716.00 370.15
1717.00 370.46
1718.00 370.77
1719.00 371.08
1720.00 371.39
1721.00 371.70
1722.00 372.02
1723.00 372.33
1724.00 372.64
1725.00 372.96
1726.00 373.27
1727.00 373.58
1728.00 373.90
1729.00 374.21
1730.00 374.53
1731.00 374.84
1732.00 375.16
1733.00 375.47
1734.00 375.79
1735.00 376.10
1736.00 376.42
1737.00 376.74
1738.00 377.05
1739.00 377.37
1740.00 377.69
1741.00 378.01
1742.00 378.32
1743.00 378.64
1744.00 378.96
1745.00 379.28
1746.00 379.60
1747.00 379.92
1748.00 380.24
1749.00 380.56
1750.00 380.88
1751.00 381.20
1752.00 381.52
1753.00 381.84
1754.00 382.16
1755.00 382.48
1756.00 382.80
1757.00 383.13
1758.00 383.45
1759.00 383.77
1760.00 384.09
1761.00 384.42
1762.00 384.74
1763.00 385.06
1764.00 385.39
1765.00 385.71
1766.00 386.04
1767.00 386.36
1768.00 386.69
1769.00 387.01
1770.00 387.34
1771.00 387.66
1772.00 387.99
1773.00 388.31
1774.00 388.64
1775.00 388.97
1776.00 389.29
1777.00 389.62
1778.00 389.95
1779.00 390.28
1780.00 390.61
1781.00 390.93
1782.00 391.26
1783.00 391.59
1784.00 391.92
1785.00 392.25
1786.00 392.58
1787.00 392.91
1788.00 393.24
1789.00 393.57
1790.00 393.90
1791.00 394.23
1792.00 394.57
1793.00 394.90
1794.00 395.23
1795.00 395.56
1796.00 395.89
1797.00 396.23
1798.00 396.56
1799.00 396.89
1800.00 397.23
1801.00 397.56
1802.00 397.89
1803.00 398.23
1804.00 398.56
1805.00 398.90
1806.00 399.23
1807.00 399.57
1808.00 399.91
1809.00 400.24
1810.00 400.58
1811.00 400.91
1812.00 401.25
1813.00 401.59
1814.00 401.93
1815.00 402.26
1816.00 402.60
1817.00 402.94
1818.00 403.28
1819.00 403.62
1820.00 403.96
1821.00 404.30
1822.00 404.64
1823.00 404.98
1824.00 405.32
1825.00 405.66
1826.00 406.00
1827.00 406.34
1828.00 406.68
1829.00 407.02
1830.00 407.36
1831.00 407.71
1832.00 408.05
1833.00 408.39
1834.00 408.73
1835.00 409.08
1836.00 409.42
1837.00 409.77
1838.00 410.11
1839.00 410.45
1840.00 410.80
1841.00 411.14
1842.00 411.49
1843.00 411.83
1844.00 412.18
1845.00 412.53
1846.00 412.87
1847.00 413.22
1848.00 413.57
1849.00 413.91
1850.00 414.26
1851.00 414.61
1852.00 414.96
1853.00 415.30
1854.00 415.65
1855.00 416.00
1856.00 416.35
1857.00 416.70
1858.00 417.05
1859.00 417.40
1860.00 417.75
1861.00 418.10
1862.00 418.45
1863.00 418.80
1864.00 419.15
1865.00 419.51
1866.00 419.86
1867.00 420.21
1868.00 420.56
1869.00 420.92
1870.00 421.27
1871.00 421.62
1872.00 421.98
1873.00 422.33
1874.00 422.68
1875.00 423.04
1876.00 423.39
1877.00 423.75
1878.00 424.10
1879.00 424.46
1880.00 424.81
1881.00 425.17
1882.00 425.53
1883.00 425.88
1884.00 426.24
1885.00 426.60
1886.00 426.96
1887.00 427.31
1888.00 427.67
1889.00 428.03
1890.00 428.39
1891.00 428.75
1892.00 429.11
1893.00 429.47
1894.00 429.83
1895.00 430.19
1896.00 430.55
1897.00 430.91
1898.00 431.27
1899.00 431.63
1900.00 431.99
1901.00 432.35
1902.00 432.72
1903.00 433.08
1904.00 433.44
1905.00 433.80
1906.00 434.17
1907.00 434.53
1908.00 434.90
1909.00 435.26
1910.00 435.62
1911.00 435.99
1912.00 436.35
1913.00 436.72
1914.00 437.08
1915.00 437.45
1916.00 437.82
1917.00 438.18
1918.00 438.55
1919.00 438.92
1920.00 439.28
1921.00 439.65
1922.00 440.02
1923.00 440.39
1924.00 440.76
1925.00 441.12
1926.00 441.49
1927.00 441.86
1928.00 442.23
1929.00 442.60
1930.00 442.97
1931.00 443.34
1932.00 443.71
1933.00 444.08
1934.00 444.46
1935.00 444.83
1936.00 445.20
1937.00 445.57
1938.00 445.94
1939.00 446.32
1940.00 446.69
1941.00 447.06
1942.00 447.44
1943.00 447.81
1944.00 448.18
1945.00 448.56
1946.00 448.93
1947.00 449.31
1948.00 449.68
1949.00 450.06
1950.00 450.44
1951.00 450.81
1952.00 451.19
1953.00 451.56
1954.00 451.94
1955.00 452.32
1956.00 452.70
1957.00 453.07
1958.00 453.45
1959.00 453.83
1960.00 454.21
1961.00 454.59
1962.00 454.97
1963.00 455.35
1964.00 455.73
1965.00 456.11
1966.00 456.49
1967.00 456.87
1968.00 457.25
1969.00 457.63
1970.00 458.01
1971.00 458.40
1972.00 458.78
1973.00 459.16
1974.00 459.54
1975.00 459.93
1976.00 460.31
1977.00 460.70
1978.00 461.08
1979.00 461.46
1980.00 461.85
1981.00 462.23
1982.00 462.62
1983.00 463.00
1984.00 463.39
1985.00 463.78
1986.00 464.16
1987.00 464.55
1988.00 464.94
1989.00 465.32
1990.00 465.71
1991.00 466.10
1992.00 466.49
1993.00 466.88
1994.00 467.26
1995.00 467.65
1996.00 468.04
1997.00 468.43
1998.00 468.82
1999.00 469.21
2000.00 469.60
2001.00 469.99
2002.00 470.38
2003.00 470.78
2004.00 471.17
2005.00 471.56
2006.00 471.95
2007.00 472.34
2008.00 472.74
2009.00 473.13
2010.00 473.52
2011.00 473.92
2012.00 474.31
2013.00 474.71
2014.00 475.10
2015.00 475.50
2016.00 475.89
2017.00 476.29
2018.00 476.68
2019.00 477.08
2020.00 477.48
2021.00 477.87
2022.00 478.27
2023.00 478.67
2024.00 479.06
2025.00 479.46
2026.00 479.86
2027.00 480.26
2028.00 480.66
2029.00 481.06
2030.00 481.46
2031.00 481.86
2032.00 482.26
2033.00 482.66
2034.00 483.06
2035.00 483.46
2036.00 483.86
2037.00 484.26
2038.00 484.66
2039.00 485.07
2040.00 485.47
2041.00 485.87
2042.00 486.27
2043.00 486.68
2044.00 487.08
2045.00 487.48
2046.00 487.89
2047.00 488.29
