x y
0.00 97.96
1.00 97.95
2.00 97.94
3.00 97.94
4.00 97.93
5.00 97.92
6.00 97.91
7.00 97.90
8.00 97.89
9.00 97.88
10.00 97.87
11.00 97.86
12.00 97.84
13.00 97.83
14.00 97.82
15.00 97.81
16.00 97.80
17.00 97.79
18.00 97.78
19.00 97.77
20.00 97.76
21.00 97.75
22.00 97.74
23.00 97.73
24.00 97.71
25.00 97.70
26.00 97.69
27.00 97.68
28.00 97.67
29.00 97.66
30.00 97.65
31.00 97.63
32.00 97.62
33.00 97.61
34.00 97.60
35.00 97.59
36.00 97.57
37.00 97.56
38.00 97.55
39.00 97.54
40.00 97.52
41.00 97.51
42.00 97.50
43.00 97.49
44.00 97.47
45.00 97.46
46.00 97.45
47.00 97.44
48.00 97.42
49.00 97.41
50.00 97.40
51.00 97.39
52.00 97.37
53.00 97.36
54.00 97.35
55.00 97.33
56.00 97.32
57.00 97.31
58.00 97.29
59.00 97.28
60.00 97.27
61.00 97.25
62.00 97.24
63.00 97.23
64.00 97.21
65.00 97.20
66.00 97.18
67.00 97.17
68.00 97.16
69.00 97.14
70.00 97.13
71.00 97.11
72.00 97.10
73.00 97.09
74.00 97.07
75.00 97.06
76.00 97.04
77.00 97.03
78.00 97.02
79.00 97.00
80.00 96.99
81.00 96.97
82.00 96.96
83.00 96.94
84.00 96.93
85.00 96.91
86.00 96.90
87.00 96.88
88.00 96.87
89.00 96.86
90.00 96.84
91.00 96.83
92.00 96.81
93.00 96.80
94.00 96.78
95.00 96.77
96.00 96.75
97.00 96.74
98.00 96.72
99.00 96.71
100.00 96.69
101.00 96.68
102.00 96.66
103.00 96.65
104.00 96.63
105.00 96.62
106.00 96.60
107.00 96.59
108.00 96.57
109.00 96.55
110.00 96.54
111.00 96.52
112.00 96.51
113.00 96.49
114.00 96.48
115.00 96.46
116.00 96.45
117.00 96.43
118.00 96.42
119.00 96.40
120.00 96.38
121.00 96.37
122.00 96.35
123.00 96.34
124.00 96.32
125.00 96.31
126.00 96.29
127.00 96.28
128.00 96.26
129.00 96.24
130.00 96.23
131.00 96.21
132.00 96.20
133.00 96.18
134.00 96.16
135.00 96.15
136.00 96.13
137.00 96.12
138.00 96.10
139.00 96.09
140.00 96.07
141.00 96.05
142.00 96.04
143.00 96.02
144.00 96.01
145.00 95.99
146.00 95.97
147.00 95.96
148.00 95.94
149.00 95.93
150.00 95.91
151.00 95.89
152.00 95.88
153.00 95.86
154.00 95.85
155.00 95.83
156.00 95.81
157.00 95.80
158.00 95.78
159.00 95.77
160.00 95.75
161.00 95.73
162.00 95.72
163.00 95.70
164.00 95.69
165.00 95.67
166.00 95.65
167.00 95.64
168.00 95.62
169.00 95.61
170.00 95.59
171.00 95.57
172.00 95.56
173.00 95.54
174.00 95.53
175.00 95.51
176.00 95.49
177.00 95.48
178.00 95.46
179.00 95.45
180.00 95.43
181.00 95.41
182.00 95.40
183.00 95.38
184.00 95.37
185.00 95.35
186.00 95.33
187.00 95.32
188.00 95.30
189.00 95.29
190.00 95.27
191.00 95.25
192.00 95.24
193.00 95.22
194.00 95.21
195.00 95.19
196.00 95.17
197.00 95.16
198.00 95.14
199.00 95.13
200.00 95.11
201.00 95.09
202.00 95.08
203.00 95.06
204.00 95.05
205.00 95.03
206.00 95.02
207.00 95.00
208.00 94.98
209.00 94.97
210.00 94.95
211.00 94.94
212.00 94.92
213.00 94.91
214.00 94.89
215.00 94.87
216.00 94.86
217.00 94.84
218.00 94.83
219.00 94.81
220.00 94.80
221.00 94.78
222.00 94.77
223.00 94.75
224.00 94.73
225.00 94.72
226.00 94.70
227.00 94.69
228.00 94.67
229.00 94.66
230.00 94.64
231.00 94.63
232.00 94.61
233.00 94.60
234.00 94.58
235.00 94.57
236.00 94.55
237.00 94.53
238.00 94.52
239.00 94.50
240.00 94.49
241.00 94.47
242.00 94.46
243.00 94.44
244.00 94.43
245.00 94.41
246.00 94.40
247.00 94.38
248.00 94.37
249.00 94.35
250.00 94.34
251.00 94.32
252.00 94.31
253.00 94.29
254.00 94.28
255.00 94.27
256.00 94.25
257.00 94.24
258.00 94.22
259.00 94.21
260.00 94.19
261.00 94.18
262.00 94.16
263.00 94.15
264.00 94.13
265.00 94.12
266.00 94.11
267.00 94.09
268.00 94.08
269.00 94.06
270.00 94.05
271.00 94.03
272.00 94.02
273.00 94.00
274.00 93.99
275.00 93.98
276.00 93.96
277.00 93.95
278.00 93.93
279.00 93.92
280.00 93.91
281.00 93.89
282.00 93.88
283.00 93.86
284.00 93.85
285.00 93.84
286.00 93.82
287.00 93.81
288.00 93.80
289.00 93.78
290.00 93.77
291.00 93.76
292.00 93.74
293.00 93.73
294.00 93.71
295.00 93.70
296.00 93.69
297.00 93.67
298.00 93.66
299.00 93.65
300.00 93.63
301.00 93.62
302.00 93.61
303.00 93.60
304.00 93.58
305.00 93.57
306.00 93.56
307.00 93.54
308.00 93.53
309.00 93.52
310.00 93.50
311.00 93.49
312.00 93.48
313.00 93.47
314.00 93.45
315.00 93.44
316.00 93.43
317.00 93.42
318.00 93.40
319.00 93.39
320.00 93.38
321.00 93.37
322.00 93.35
323.00 93.34
324.00 93.33
325.00 93.32
326.00 93.31
327.00 93.29
328.00 93.28
329.00 93.27
330.00 93.26
331.00 93.25
332.00 93.23
333.00 93.22
334.00 93.21
335.00 93.20
336.00 93.19
337.00 93.18
338.00 93.16
339.00 93.15
340.00 93.14
341.00 93.13
342.00 93.12
343.00 93.11
344.00 93.10
345.00 93.08
346.00 93.07
347.00 93.06
348.00 93.05
349.00 93.04
350.00 93.03
351.00 93.02
352.00 93.01
353.00 93.00
354.00 92.99
355.00 92.97
356.00 92.96
357.00 92.95
358.00 92.94
359.00 92.93
360.00 92.92
361.00 92.91
362.00 92.90
363.00 92.89
364.00 92.88
365.00 92.87
366.00 92.86
367.00 92.85
368.00 92.84
369.00 92.83
370.00 92.82
371.00 92.81
372.00 92.80
373.00 92.79
374.00 92.78
375.00 92.77
376.00 92.76
377.00 92.75
378.00 92.74
379.00 92.73
380.00 92.72
381.00 92.71
382.00 92.70
383.00 92.69
384.00 92.69
385.00 92.68
386.00 92.67
387.00 92.66
388.00 92.65
389.00 92.64
390.00 92.63
391.00 92.62
392.00 92.61
393.00 92.60
394.00 92.60
395.00 92.59
396.00 92.58
397.00 92.57
398.00 92.56
399.00 92.55
400.00 92.55
401.00 92.54
402.00 92.53
403.00 92.52
404.00 92.51
405.00 92.50
406.00 92.50
407.00 92.49
408.00 92.48
409.00 92.47
410.00 92.47
411.00 92.46
412.00 92.45
413.00 92.44
414.00 92.43
415.00 92.43
416.00 92.42
417.00 92.41
418.00 92.41
419.00 92.40
420.00 92.39
421.00 92.38
422.00 92.38
423.00 92.37
424.00 92.36
425.00 92.36
426.00 92.35
427.00 92.34
428.00 92.34
429.00 92.33
430.00 92.32
431.00 92.32
432.00 92.31
433.00 92.30
434.00 92.30
435.00 92.29
436.00 92.28
437.00 92.28
438.00 92.27
439.00 92.27
440.00 92.26
441.00 92.25
442.00 92.25
443.00 92.24
444.00 92.24
445.00 92.23
446.00 92.23
447.00 92.22
448.00 92.22
449.00 92.21
450.00 92.20
451.00 92.20
452.00 92.19
453.00 92.19
454.00 92.18
455.00 92.18
456.00 92.17
457.00 92.17
458.00 92.16
459.00 92.16
460.00 92.16
461.00 92.15
462.00 92.15
463.00 92.14
464.00 92.14
465.00 92.13
466.00 92.13
467.00 92.12
468.00 92.12
469.00 92.12
470.00 92.11
471.00 92.11
472.00 92.10
473.00 92.10
474.00 92.10
475.00 92.09
476.00 92.09
477.00 92.09
478.00 92.08
479.00 92.08
480.00 92.08
481.00 92.07
482.00 92.07
483.00 92.07
484.00 92.06
485.00 92.06
486.00 92.06
487.00 92.05
488.00 92.05
489.00 92.05
490.00 92.05
491.00 92.04
492.00 92.04
493.00 92.04
494.00 92.04
495.00 92.03
496.00 92.03
497.00 92.03
498.00 92.03
499.00 92.02
500.00 92.02
501.00 92.02
502.00 92.02
503.00 92.02
504.00 92.02
505.00 92.01
506.00 92.01
507.00 92.01
508.00 92.01
509.00 92.01
510.00 92.01
511.00 92.01
512.00 92.00
513.00 92.00
514.00 92.00
515.00 92.00
516.00 92.00
517.00 92.00
518.00 92.00
519.00 92.00
520.00 92.00
521.00 92.00
522.00 92.00
523.00 92.00
524.00 92.00
525.00 92.00
526.00 91.99
527.00 91.99
528.00 91.99
529.00 91.99
530.00 91.99
531.00 92.00
532.00 92.00
533.00 92.00
534.00 92.00
535.00 92.00
536.00 92.00
537.00 92.00
538.00 92.00
539.00 92.00
540.00 92.00
541.00 92.00
542.00 92.00
543.00 92.00
544.00 92.00
545.00 92.00
546.00 92.01
547.00 92.01
548.00 92.01
549.00 92.01
550.00 92.01
551.00 92.01
552.00 92.02
553.00 92.02
554.00 92.02
555.00 92.02
556.00 92.02
557.00 92.02
558.00 92.03
559.00 92.03
560.00 92.03
561.00 92.03
562.00 92.04
563.00 92.04
564.00 92.04
565.00 92.04
566.00 92.05
567.00 92.05
568.00 92.05
569.00 92.05
570.00 92.06
571.00 92.06
572.00 92.06
573.00 92.07
574.00 92.07
575.00 92.07
576.00 92.08
577.00 92.08
578.00 92.08
579.00 92.09
580.00 92.09
581.00 92.10
582.00 92.10
583.00 92.10
584.00 92.11
585.00 92.11
586.00 92.12
587.00 92.12
588.00 92.12
589.00 92.13
590.00 92.13
591.00 92.14
592.00 92.14
593.00 92.15
594.00 92.15
595.00 92.16
596.00 92.16
597.00 92.17
598.00 92.17
599.00 92.18
600.00 92.18
601.00 92.19
602.00 92.19
603.00 92.20
604.00 92.20
605.00 92.21
606.00 92.22
607.00 92.22
608.00 92.23
609.00 92.23
610.00 92.24
611.00 92.25
612.00 92.25
613.00 92.26
614.00 92.26
615.00 92.27
616.00 92.28
617.00 92.28
618.00 92.29
619.00 92.30
620.00 92.30
621.00 92.31
622.00 92.32
623.00 92.33
624.00 92.33
625.00 92.34
626.00 92.35
627.00 92.35
628.00 92.36
629.00 92.37
630.00 92.38
631.00 92.38
632.00 92.39
633.00 92.40
634.00 92.41
635.00 92.42
636.00 92.42
637.00 92.43
638.00 92.44
639.00 92.45
640.00 92.46
641.00 92.47
642.00 92.47
643.00 92.48
644.00 92.49
645.00 92.50
646.00 92.51
647.00 92.52
648.00 92.53
649.00 92.54
650.00 92.55
651.00 92.56
652.00 92.56
653.00 92.57
654.00 92.58
655.00 92.59
656.00 92.60
657.00 92.61
658.00 92.62
659.00 92.63
660.00 92.64
661.00 92.65
662.00 92.66
663.00 92.67
664.00 92.68
665.00 92.69
666.00 92.70
667.00 92.71
668.00 92.73
669.00 92.74
670.00 92.75
671.00 92.76
672.00 92.77
673.00 92.78
674.00 92.79
675.00 92.80
676.00 92.81
677.00 92.82
678.00 92.84
679.00 92.85
680.00 92.86
681.00 92.87
682.00 92.88
683.00 92.90
684.00 92.91
685.00 92.92
686.00 92.93
687.00 92.94
688.00 92.96
689.00 92.97
690.00 92.98
691.00 92.99
692.00 93.01
693.00 93.02
694.00 93.03
695.00 93.04
696.00 93.06
697.00 93.07
698.00 93.08
699.00 93.10
700.00 93.11
701.00 93.12
702.00 93.14
703.00 93.15
704.00 93.16
705.00 93.18
706.00 93.19
707.00 93.21
708.00 93.22
709.00 93.23
710.00 93.25
711.00 93.26
712.00 93.28
713.00 93.29
714.00 93.31
715.00 93.32
716.00 93.34
717.00 93.35
718.00 93.36
719.00 93.38
720.00 93.39
721.00 93.41
722.00 93.43
723.00 93.44
724.00 93.46
725.00 93.47
726.00 93.49
727.00 93.50
728.00 93.52
729.00 93.53
730.00 93.55
731.00 93.57
732.00 93.58
733.00 93.60
734.00 93.61
735.00 93.63
736.00 93.65
737.00 93.66
738.00 93.68
739.00 93.70
740.00 93.71
741.00 93.73
742.00 93.75
743.00 93.77
744.00 93.78
745.00 93.80
746.00 93.82
747.00 93.83
748.00 93.85
749.00 93.87
750.00 93.89
751.00 93.91
752.00 93.92
753.00 93.94
754.00 93.96
755.00 93.98
756.00 94.00
757.00 94.01
758.00 94.03
759.00 94.05
760.00 94.07
761.00 94.09
762.00 94.11
763.00 94.13
764.00 94.15
765.00 94.16
766.00 94.18
767.00 94.20
768.00 94.22
769.00 94.24
770.00 94.26
771.00 94.28
772.00 94.30
773.00 94.32
774.00 94.34
775.00 94.36
776.00 94.38
777.00 94.40
778.00 94.42
779.00 94.44
780.00 94.46
781.00 94.48
782.00 94.50
783.00 94.52
784.00 94.54
785.00 94.57
786.00 94.59
787.00 94.61
788.00 94.63
789.00 94.65
790.00 94.67
791.00 94.69
792.00 94.71
793.00 94.74
794.00 94.76
795.00 94.78
796.00 94.80
797.00 94.82
798.00 94.85
799.00 94.87
800.00 94.89
801.00 94.91
802.00 94.94
803.00 94.96
804.00 94.98
805.00 95.00
806.00 95.03
807.00 95.05
808.00 95.07
809.00 95.10
810.00 95.12
811.00 95.14
812.00 95.17
813.00 95.19
814.00 95.22
815.00 95.24
816.00 95.26
817.00 95.29
818.00 95.31
819.00 95.34
820.00 95.36
821.00 95.38
822.00 95.41
823.00 95.43
824.00 95.46
825.00 95.48
826.00 95.51
827.00 95.53
828.00 95.56
829.00 95.58
830.00 95.61
831.00 95.63
832.00 95.66
833.00 95.69
834.00 95.71
835.00 95.74
836.00 95.76
837.00 95.79
838.00 95.82
839.00 95.84
840.00 95.87
841.00 95.89
842.00 95.92
843.00 95.95
844.00 95.97
845.00 96.00
846.00 96.03
847.00 96.06
848.00 96.08
849.00 96.11
850.00 96.14
851.00 96.17
852.00 96.19
853.00 96.22
854.00 96.25
855.00 96.28
856.00 96.30
857.00 96.33
858.00 96.36
859.00 96.39
860.00 96.42
861.00 96.45
862.00 96.48
863.00 96.50
864.00 96.53
865.00 96.56
866.00 96.59
867.00 96.62
868.00 96.65
869.00 96.68
870.00 96.71
871.00 96.74
872.00 96.77
873.00 96.80
874.00 96.83
875.00 96.86
876.00 96.89
877.00 96.92
878.00 96.95
879.00 96.98
880.00 97.01
881.00 97.04
882.00 97.07
883.00 97.10
884.00 97.14
885.00 97.17
886.00 97.20
887.00 97.23
888.00 97.26
889.00 97.29
890.00 97.32
891.00 97.36
892.00 97.39
893.00 97.42
894.00 97.45
895.00 97.49
896.00 97.52
897.00 97.55
898.00 97.58
899.00 97.62
900.00 97.65
901.00 97.68
902.00 97.72
903.00 97.75
904.00 97.78
905.00 97.82
906.00 97.85
907.00 97.88
908.00 97.92
909.00 97.95
910.00 97.99
911.00 98.02
912.00 98.05
913.00 98.09
914.00 98.12
915.00 98.16
916.00 98.19
917.00 98.23
918.00 98.26
919.00 98.30
920.00 98.33
921.00 98.37
922.00 98.40
923.00 98.44
924.00 98.48
925.00 98.51
926.00 98.55
927.00 98.58
928.00 98.62
929.00 98.66
930.00 98.69
931.00 98.73
932.00 98.77
933.00 98.80
934.00 98.84
935.00 98.88
936.00 98.92
937.00 98.95
938.00 98.99
939.00 99.03
940.00 99.07
941.00 99.10
942.00 99.14
943.00 99.18
944.00 99.22
945.00 99.26
946.00 99.30
947.00 99.33
948.00 99.37
949.00 99.41
950.00 99.45
951.00 99.49
952.00 99.53
953.00 99.57
954.00 99.61
955.00 99.65
956.00 99.69
957.00 99.73
958.00 99.77
959.00 99.81
960.00 99.85
961.00 99.89
962.00 99.93
963.00 99.97
964.00 100.01
965.00 100.05
966.00 100.09
967.00 100.14
968.00 100.18
969.00 100.22
970.00 100.26
971.00 100.30
972.00 100.34
973.00 100.39
974.00 100.43
975.00 100.47
976.00 100.51
977.00 100.56
978.00 100.60
979.00 100.64
980.00 100.69
981.00 100.73
982.00 100.77
983.00 100.82
984.00 100.86
985.00 100.90
986.00 100.95
987.00 100.99
988.00 101.03
989.00 101.08
990.00 101.12
991.00 101.17
992.00 101.21
993.00 101.26
994.00 101.30
995.00 101.35
996.00 101.39
997.00 101.44
998.00 101.49
999.00 101.53
1000.00 101.58
1001.00 101.62
1002.00 101.67
1003.00 101.72
1004.00 101.76
1005.00 101.81
1006.00 101.86
1007.00 101.90
1008.00 101.95
1009.00 102.00
1010.00 102.04
1011.00 102.09
1012.00 102.14
1013.00 102.19
1014.00 102.24
1015.00 102.28
1016.00 102.33
1017.00 102.38
1018.00 102.43
1019.00 102.48
1020.00 102.53
1021.00 102.58
1022.00 102.63
1023.00 102.67
1024.00 102.72
1025.00 102.77
1026.00 102.82
1027.00 102.87
1028.00 102.92
1029.00 102.97
1030.00 103.02
1031.00 103.08
1032.00 103.13
1033.00 103.18
1034.00 103.23
1035.00 103.28
1036.00 103.33
1037.00 103.38
1038.00 103.43
1039.00 103.49
1040.00 103.54
1041.00 103.59
1042.00 103.64
1043.00 103.69
1044.00 103.75
1045.00 103.80
1046.00 103.85
1047.00 103.91
1048.00 103.96
1049.00 104.01
1050.00 104.07
1051.00 104.12
1052.00 104.18
1053.00 104.23
1054.00 104.28
1055.00 104.34
1056.00 104.39
1057.00 104.45
1058.00 104.50
1059.00 104.56
1060.00 104.61
1061.00 104.67
1062.00 104.72
1063.00 104.78
1064.00 104.84
1065.00 104.89
1066.00 104.95
1067.00 105.01
1068.00 105.06
1069.00 105.12
1070.00 105.18
1071.00 105.23
1072.00 105.29
1073.00 105.35
1074.00 105.41
1075.00 105.46
1076.00 105.52
1077.00 105.58
1078.00 105.64
1079.00 105.70
1080.00 105.76
1081.00 105.82
1082.00 105.88
1083.00 105.93
1084.00 105.99
1085.00 106.05
1086.00 106.11
1087.00 106.17
1088.00 106.23
1089.00 106.29
1090.00 106.36
1091.00 106.42
1092.00 106.48
1093.00 106.54
1094.00 106.60
1095.00 106.66
1096.00 106.72
1097.00 106.79
1098.00 106.85
1099.00 106.91
1100.00 106.97
1101.00 107.03
1102.00 107.10
1103.00 107.16
1104.00 107.22
1105.00 107.29
1106.00 107.35
1107.00 107.41
1108.00 107.48
1109.00 107.54
1110.00 107.61
1111.00 107.67
1112.00 107.74
1113.00 107.80
1114.00 107.87
1115.00 107.93
1116.00 108.00
1117.00 108.06
1118.00 108.13
1119.00 108.20
1120.00 108.26
1121.00 108.33
1122.00 108.40
1123.00 108.46
1124.00 108.53
1125.00 108.60
1126.00 108.67
1127.00 108.73
1128.00 108.80
1129.00 108.87
1130.00 108.94
1131.00 109.01
1132.00 109.08
1133.00 109.14
1134.00 109.21
1135.00 109.28
1136.00 109.35
1137.00 109.42
1138.00 109.49
1139.00 109.56
1140.00 109.63
1141.00 109.70
1142.00 109.77
1143.00 109.85
1144.00 109.92
1145.00 109.99
1146.00 110.06
1147.00 110.13
1148.00 110.20
1149.00 110.28
1150.00 110.35
1151.00 110.42
1152.00 110.50
1153.00 110.57
1154.00 110.64
1155.00 110.72
1156.00 110.79
1157.00 110.86
1158.00 110.94
1159.00 111.01
1160.00 111.09
1161.00 111.16
1162.00 111.24
1163.00 111.31
1164.00 111.39
1165.00 111.47
1166.00 111.54
1167.00 111.62
1168.00 111.69
1169.00 111.77
1170.00 111.85
1171.00 111.93
1172.00 112.00
1173.00 112.08
1174.00 112.16
1175.00 112.24
1176.00 112.32
1177.00 112.39
1178.00 112.47
1179.00 112.55
1180.00 112.63
1181.00 112.71
1182.00 112.79
1183.00 112.87
1184.00 112.95
1185.00 113.03
1186.00 113.11
1187.00 113.19
1188.00 113.28
1189.00 113.36
1190.00 113.44
1191.00 113.52
1192.00 113.60
1193.00 113.69
1194.00 113.77
1195.00 113.85
1196.00 113.93
1197.00 114.02
1198.00 114.10
1199.00 114.19
1200.00 114.27
1201.00 114.35
1202.00 114.44
1203.00 114.52
1204.00 114.61
1205.00 114.70
1206.00 114.78
1207.00 114.87
1208.00 114.95
1209.00 115.04
1210.00 115.13
1211.00 115.21
1212.00 115.30
1213.00 115.39
1214.00 115.48
1215.00 115.56
1216.00 115.65
1217.00 115.74
1218.00 115.83
1219.00 115.92
1220.00 116.01
1221.00 116.10
1222.00 116.19
1223.00 116.28
1224.00 116.37
1225.00 116.46
1226.00 116.55
1227.00 116.64
1228.00 116.73
1229.00 116.82
1230.00 116.92
1231.00 117.01
1232.00 117.10
1233.00 117.19
1234.00 117.29
1235.00 117.38
1236.00 117.47
1237.00 117.57
1238.00 117.66
1239.00 117.76
1240.00 117.85
1241.00 117.95
1242.00 118.04
1243.00 118.14
1244.00 118.23
1245.00 118.33
1246.00 118.43
1247.00 118.52
1248.00 118.62
1249.00 118.72
1250.00 118.82
1251.00 118.91
1252.00 119.01
1253.00 119.11
1254.00 119.21
1255.00 119.31
1256.00 119.41
1257.00 119.51
1258.00 119.61
1259.00 119.71
1260.00 119.81
1261.00 119.91
1262.00 120.01
1263.00 120.11
1264.00 120.21
1265.00 120.31
1266.00 120.42
1267.00 120.52
1268.00 120.62
1269.00 120.73
1270.00 120.83
1271.00 120.93
1272.00 121.04
1273.00 121.14
1274.00 121.25
1275.00 121.35
1276.00 121.46
1277.00 121.56
1278.00 121.67
1279.00 121.77
1280.00 121.88
1281.00 121.99
1282.00 122.10
1283.00 122.20
1284.00 122.31
1285.00 122.42
1286.00 122.53
1287.00 122.64
1288.00 122.74
1289.00 122.85
1290.00 122.96
1291.00 123.07
1292.00 123.18
1293.00 123.30
1294.00 123.41
1295.00 123.52
1296.00 123.63
1297.00 123.74
1298.00 123.85
1299.00 123.97
1300.00 124.08
1301.00 124.19
1302.00 124.31
1303.00 124.42
1304.00 124.53
1305.00 124.65
1306.00 124.76
1307.00 124.88
1308.00 125.00
1309.00 125.11
1310.00 125.23
1311.00 125.34
1312.00 125.46
1313.00 125.58
1314.00 125.70
1315.00 125.81
1316.00 125.93
1317.00 126.05
1318.00 126.17
1319.00 126.29
1320.00 126.41
1321.00 126.53
1322.00 126.65
1323.00 126.77
1324.00 126.89
1325.00 127.01
1326.00 127.14
1327.00 127.26
1328.00 127.38
1329.00 127.50
1330.00 127.63
1331.00 127.75
1332.00 127.88
1333.00 128.00
1334.00 128.12
1335.00 128.25
1336.00 128.38
1337.00 128.50
1338.00 128.63
1339.00 128.75
1340.00 128.88
1341.00 129.01
1342.00 129.14
1343.00 129.26
1344.00 129.39
1345.00 129.52
1346.00 129.65
1347.00 129.78
1348.00 129.91
1349.00 130.04
1350.00 130.17
1351.00 130.30
1352.00 130.43
1353.00 130.57
1354.00 130.70
1355.00 130.83
1356.00 130.96
1357.00 131.10
1358.00 131.23
1359.00 131.36
1360.00 131.50
1361.00 131.63
1362.00 131.77
1363.00 131.91
1364.00 132.04
1365.00 132.18
1366.00 132.31
1367.00 132.45
1368.00 132.59
1369.00 132.73
1370.00 132.87
1371.00 133.01
1372.00 133.14
1373.00 133.28
1374.00 133.42
1375.00 133.56
1376.00 133.71
1377.00 133.85
1378.00 133.99
1379.00 134.13
1380.00 134.27
1381.00 134.42
1382.00 134.56
1383.00 134.70
1384.00 134.85
1385.00 134.99
1386.00 135.14
1387.00 135.28
1388.00 135.43
1389.00 135.58
1390.00 135.72
1391.00 135.87
1392.00 136.02
1393.00 136.17
1394.00 136.31
1395.00 136.46
1396.00 136.61
1397.00 136.76
1398.00 136.91
1399.00 137.06
1400.00 137.21
1401.00 137.36
1402.00 137.52
1403.00 137.67
1404.00 137.82
1405.00 137.98
1406.00 138.13
1407.00 138.28
1408.00 138.44
1409.00 138.59
1410.00 138.75
1411.00 138.90
1412.00 139.06
1413.00 139.22
1414.00 139.37
1415.00 139.53
1416.00 139.69
1417.00 139.85
1418.00 140.01
1419.00 140.17
1420.00 140.33
1421.00 140.49
1422.00 140.65
1423.00 140.81
1424.00 140.97
1425.00 141.13
1426.00 141.30
1427.00 141.46
1428.00 141.62
1429.00 141.79
1430.00 141.95
1431.00 142.12
1432.00 142.28
1433.00 142.45
1434.00 142.62
1435.00 142.78
1436.00 142.95
1437.00 143.12
1438.00 143.29
1439.00 143.46
1440.00 143.62
1441.00 143.79
1442.00 143.97
1443.00 144.14
1444.00 144.31
1445.00 144.48
1446.00 144.65
1447.00 144.82
1448.00 145.00
1449.00 145.17
1450.00 145.35
1451.00 145.52
1452.00 145.70
1453.00 145.87
1454.00 146.05
1455.00 146.23
1456.00 146.40
1457.00 146.58
1458.00 146.76
1459.00 146.94
1460.00 147.12
1461.00 147.30
1462.00 147.48
1463.00 147.66
1464.00 147.84
1465.00 148.02
1466.00 148.20
1467.00 148.39
1468.00 148.57
1469.00 148.75
1470.00 148.94
1471.00 149.12
1472.00 149.31
1473.00 149.50
1474.00 149.68
1475.00 149.87
1476.00 150.06
1477.00 150.25
1478.00 150.43
1479.00 150.62
1480.00 150.81
1481.00 151.00
1482.00 151.19
1483.00 151.39
1484.00 151.58
1485.00 151.77
1486.00 151.96
1487.00 152.16
1488.00 152.35
1489.00 152.55
1490.00 152.74
1491.00 152.94
1492.00 153.13
1493.00 153.33
1494.00 153.53
1495.00 153.73
1496.00 153.93
1497.00 154.12
1498.00 154.32
1499.00 154.52
1500.00 154.73
1501.00 154.93
1502.00 155.13
1503.00 155.33
1504.00 155.53
1505.00 155.74
1506.00 155.94
1507.00 156.15
1508.00 156.35
1509.00 156.56
1510.00 156.77
1511.00 156.97
1512.00 157.18
1513.00 157.39
1514.00 157.60
1515.00 157.81
1516.00 158.02
1517.00 158.23
1518.00 158.44
1519.00 158.65
1520.00 158.86
1521.00 159.08
1522.00 159.29
1523.00 159.51
1524.00 159.72
1525.00 159.94
1526.00 160.15
1527.00 160.37
1528.00 160.59
1529.00 160.80
1530.00 161.02
1531.00 161.24
1532.00 161.46
1533.00 161.68
1534.00 161.90
1535.00 162.13
1536.00 162.35
1537.00 162.57
1538.00 162.79
1539.00 163.02
1540.00 163.24
1541.00 163.47
1542.00 163.70
1543.00 163.92
1544.00 164.15
1545.00 164.38
1546.00 164.61
1547.00 164.84
1548.00 165.06
1549.00 165.30
1550.00 165.53
1551.00 165.76
1552.00 165.99
1553.00 166.22
1554.00 166.46
1555.00 166.69
1556.00 166.93
1557.00 167.16
1558.00 167.40
1559.00 167.64
1560.00 167.87
1561.00 168.11
1562.00 168.35
1563.00 168.59
1564.00 168.83
1565.00 169.07
1566.00 169.31
1567.00 169.56
1568.00 169.80
1569.00 170.04
1570.00 170.29
1571.00 170.53
1572.00 170.78
1573.00 171.03
1574.00 171.27
1575.00 171.52
1576.00 171.77
1577.00 172.02
1578.00 172.27
1579.00 172.52
1580.00 172.77
1581.00 173.02
1582.00 173.27
1583.00 173.53
1584.00 173.78
1585.00 174.04
1586.00 174.29
1587.00 174.55
1588.00 174.81
1589.00 175.06
1590.00 175.32
1591.00 175.58
1592.00 175.84
1593.00 176.10
1594.00 176.36
1595.00 176.62
1596.00 176.89
1597.00 177.15
1598.00 177.41
1599.00 177.68
1600.00 177.94
1601.00 178.21
1602.00 178.48
1603.00 178.74
1604.00 179.01
1605.00 179.28
1606.00 179.55
1607.00 179.82
1608.00 180.09
1609.00 180.37
1610.00 180.64
1611.00 180.91
1612.00 181.19
1613.00 181.46
1614.00 181.74
1615.00 182.02
1616.00 182.29
1617.00 182.57
1618.00 182.85
1619.00 183.13
1620.00 183.41
1621.00 183.69
1622.00 183.97
1623.00 184.26
1624.00 184.54
1625.00 184.82
1626.00 185.11
1627.00 185.40
1628.00 185.68
1629.00 185.97
1630.00 186.26
1631.00 186.55
1632.00 186.84
1633.00 187.13
1634.00 187.42
1635.00 187.71
1636.00 188.00
1637.00 188.30
1638.00 188.59
1639.00 188.89
1640.00 189.18
1641.00 189.48
1642.00 189.78
1643.00 190.08
1644.00 190.38
1645.00 190.68
1646.00 190.98
1647.00 191.28
1648.00 191.58
1649.00 191.89
1650.00 192.19
1651.00 192.50
1652.00 192.80
1653.00 193.11
1654.00 193.42
1655.00 193.72
1656.00 194.03
1657.00 194.34
1658.00 194.66
1659.00 194.97
1660.00 195.28
1661.00 195.59
1662.00 195.91
1663.00 196.22
1664.00 196.54
1665.00 196.86
1666.00 197.17
1667.00 197.49
1668.00 197.81
1669.00 198.13
1670.00 198.45
1671.00 198.78
1672.00 199.10
1673.00 199.42
1674.00 199.75
1675.00 200.07
1676.00 200.40
1677.00 200.73
1678.00 201.06
1679.00 201.38
1680.00 201.71
1681.00 202.05
1682.00 202.38
1683.00 202.71
1684.00 203.04
1685.00 203.38
1686.00 203.71
1687.00 204.05
1688.00 204.39
1689.00 204.72
1690.00 205.06
1691.00 205.40
1692.00 205.74
1693.00 206.09
1694.00 206.43
1695.00 206.77
1696.00 207.12
1697.00 207.46
1698.00 207.81
1699.00 208.15
1700.00 208.50
1701.00 208.85
1702.00 209.20
1703.00 209.55
1704.00 209.90
1705.00 210.26
1706.00 210.61
1707.00 210.97
1708.00 211.32
1709.00 211.68
1710.00 212.04
1711.00 212.39
1712.00 212.75
1713.00 213.11
1714.00 213.48
1715.00 213.84
1716.00 214.20
1717.00 214.57
1718.00 214.93
1719.00 215.30
1720.00 215.66
1721.00 216.03
1722.00 216.40
1723.00 216.77
1724.00 217.14
1725.00 217.51
1726.00 217.89
1727.00 218.26
1728.00 218.64
1729.00 219.01
1730.00 219.39
1731.00 219.77
1732.00 220.15
1733.00 220.53
1734.00 220.91
1735.00 221.29
1736.00 221.67
1737.00 222.06
1738.00 222.44
1739.00 222.83
1740.00 223.21
1741.00 223.60
1742.00 223.99
1743.00 224.38
1744.00 224.77
1745.00 225.16
1746.00 225.56
1747.00 225.95
1748.00 226.35
1749.00 226.74
1750.00 227.14
1751.00 227.54
1752.00 227.94
1753.00 228.34
1754.00 228.74
1755.00 229.14
1756.00 229.55
1757.00 229.95
1758.00 230.36
1759.00 230.76
1760.00 231.17
1761.00 231.58
1762.00 231.99
1763.00 232.40
1764.00 232.81
1765.00 233.22
1766.00 233.64
1767.00 234.05
1768.00 234.47
1769.00 234.89
1770.00 235.31
1771.00 235.73
1772.00 236.15
1773.00 236.57
1774.00 236.99
1775.00 237.42
1776.00 237.84
1777.00 238.27
1778.00 238.69
1779.00 239.12
1780.00 239.55
1781.00 239.98
1782.00 240.42
1783.00 240.85
1784.00 241.28
1785.00 241.72
1786.00 242.15
1787.00 242.59
1788.00 243.03
1789.00 243.47
1790.00 243.91
1791.00 244.35
1792.00 244.80
1793.00 245.24
1794.00 245.68
1795.00 246.13
1796.00 246.58
1797.00 247.03
1798.00 247.48
1799.00 247.93
1800.00 248.38
1801.00 248.83
1802.00 249.29
1803.00 249.75
1804.00 250.20
1805.00 250.66
1806.00 251.12
1807.00 251.58
1808.00 252.04
1809.00 252.50
1810.00 252.97
1811.00 253.43
1812.00 253.90
1813.00 254.37
1814.00 254.84
1815.00 255.31
1816.00 255.78
1817.00 256.25
1818.00 256.72
1819.00 257.20
1820.00 257.68
1821.00 258.15
1822.00 258.63
1823.00 259.11
1824.00 259.59
1825.00 260.07
1826.00 260.56
1827.00 261.04
1828.00 261.53
1829.00 262.01
1830.00 262.50
1831.00 262.99
1832.00 263.48
1833.00 263.98
1834.00 264.47
1835.00 264.96
1836.00 265.46
1837.00 265.96
1838.00 266.45
1839.00 266.95
1840.00 267.46
1841.00 267.96
1842.00 268.46
1843.00 268.97
1844.00 269.47
1845.00 269.98
1846.00 270.49
1847.00 271.00
1848.00 271.51
1849.00 272.02
1850.00 272.53
1851.00 273.05
1852.00 273.57
1853.00 274.08
1854.00 274.60
1855.00 275.12
1856.00 275.64
1857.00 276.17
1858.00 276.69
1859.00 277.22
1860.00 277.74
1861.00 278.27
1862.00 278.80
1863.00 279.33
1864.00 279.86
1865.00 280.40
1866.00 280.93
1867.00 281.47
1868.00 282.01
1869.00 282.54
1870.00 283.08
1871.00 283.63
1872.00 284.17
1873.00 284.71
1874.00 285.26
1875.00 285.81
1876.00 286.35
1877.00 286.90
1878.00 287.45
1879.00 288.01
1880.00 288.56
1881.00 289.12
1882.00 289.67
1883.00 290.23
1884.00 290.79
1885.00 291.35
1886.00 291.91
1887.00 292.48
1888.00 293.04
1889.00 293.61
1890.00 294.18
1891.00 294.74
1892.00 295.32
1893.00 295.89
1894.00 296.46
1895.00 297.04
1896.00 297.61
1897.00 298.19
1898.00 298.77
1899.00 299.35
1900.00 299.93
1901.00 300.51
1902.00 301.10
1903.00 301.69
1904.00 302.27
1905.00 302.86
1906.00 303.45
1907.00 304.05
1908.00 304.64
1909.00 305.23
1910.00 305.83
1911.00 306.43
1912.00 307.03
1913.00 307.63
1914.00 308.23
1915.00 308.84
1916.00 309.44
1917.00 310.05
1918.00 310.66
1919.00 311.27
1920.00 311.88
1921.00 312.49
1922.00 313.10
1923.00 313.72
1924.00 314.34
1925.00 314.96
1926.00 315.58
1927.00 316.20
1928.00 316.82
1929.00 317.45
1930.00 318.07
1931.00 318.70
1932.00 319.33
1933.00 319.96
1934.00 320.59
1935.00 321.23
1936.00 321.86
1937.00 322.50
1938.00 323.14
1939.00 323.78
1940.00 324.42
1941.00 325.07
1942.00 325.71
1943.00 326.36
1944.00 327.01
1945.00 327.66
1946.00 328.31
1947.00 328.96
1948.00 329.62
1949.00 330.27
1950.00 330.93
1951.00 331.59
1952.00 332.25
1953.00 332.91
1954.00 333.58
1955.00 334.24
1956.00 334.91
1957.00 335.58
1958.00 336.25
1959.00 336.92
1960.00 337.59
1961.00 338.27
1962.00 338.95
1963.00 339.63
1964.00 340.31
1965.00 340.99
1966.00 341.67
1967.00 342.36
1968.00 343.04
1969.00 343.73
1970.00 344.42
1971.00 345.11
1972.00 345.81
1973.00 346.50
1974.00 347.20
1975.00 347.90
1976.00 348.60
1977.00 349.30
1978.00 350.00
1979.00 350.71
1980.00 351.42
1981.00 352.12
1982.00 352.83
1983.00 353.55
1984.00 354.26
1985.00 354.98
1986.00 355.69
1987.00 356.41
1988.00 357.13
1989.00 357.85
1990.00 358.58
1991.00 359.30
1992.00 360.03
1993.00 360.76
1994.00 361.49
1995.00 362.22
1996.00 362.96
1997.00 363.70
1998.00 364.43
1999.00 365.17
2000.00 365.91
2001.00 366.66
2002.00 367.40
2003.00 368.15
2004.00 368.90
2005.00 369.65
2006.00 370.40
2007.00 371.15
2008.00 371.91
2009.00 372.67
2010.00 373.43
2011.00 374.19
2012.00 374.95
2013.00 375.71
2014.00 376.48
2015.00 377.25
2016.00 378.02
2017.00 378.79
2018.00 379.56
2019.00 380.34
2020.00 381.12
2021.00 381.90
2022.00 382.68
2023.00 383.46
2024.00 384.24
2025.00 385.03
2026.00 385.82
2027.00 386.61
2028.00 387.40
2029.00 388.20
2030.00 388.99
2031.00 389.79
2032.00 390.59
2033.00 391.39
2034.00 392.19
2035.00 393.00
2036.00 393.81
2037.00 394.61
2038.00 395.42
2039.00 396.24
2040.00 397.05
2041.00 397.87
2042.00 398.69
2043.00 399.51
2044.00 400.33
2045.00 401.15
2046.00 401.98
2047.00 402.81
