#Order, x, y, width
1 0 92.51855651900831 nan
1 1 92.47432199722535 nan
1 2 92.43022050212069 nan
1 3 92.38624758531381 nan
1 4 92.34239888817815 20.0
1 5 92.29867014063838 20.0
1 6 92.25505715997913 20.0
1 7 92.21155584966513 20.0
1 8 92.16816219817255 20.0
1 9 92.12487227783166 20.0
1 10 92.08168224368046 20.0
1 11 92.03858833232957 20.0
1 12 91.9955868608379 20.0
1 13 91.95267422559938 20.0
1 14 91.9098469012404 20.0
1 15 91.86710143952804 20.0
1 16 91.82443446828901 20.0
1 17 91.7818426903391 20.0
1 18 91.7393228824233 20.0
1 19 91.6968718941661 20.0
1 20 91.65448664703253 20.0
1 21 91.61216413329922 20.0
1 22 91.56990141503572 19.0
1 23 91.52769562309614 19.0
1 24 91.4855439561207 19.0
1 25 91.44344367954736 19.0
1 26 91.40139212463339 19.0
1 27 91.3593866874868 19.0
1 28 91.31742482810758 20.0
1 29 91.27550406943857 20.0
1 30 91.23362199642617 20.0
1 31 91.19177625509049 20.0
1 32 91.14996455160501 20.0
1 33 91.10818465138583 20.0
1 34 91.06643437819008 20.0
1 35 91.02471161322384 20.0
1 36 90.98301429425922 20.0
1 37 90.94134041476056 20.0
1 38 90.89968802301979 20.0
1 39 90.85805522130092 20.0
1 40 90.81644016499327 20.0
1 41 90.77484106177384 20.0
1 42 90.73325617077838 20.0
1 43 90.69168380178128 20.0
1 44 90.65012231438419 20.0
1 45 90.6085701172132 20.0
1 46 90.56702566712471 19.0
1 47 90.52548746841974 22.0
1 48 90.48395407206668 19.0
1 49 90.44242407493252 20.0
1 50 90.40089611902226 19.0
1 51 90.35936889072671 18.0
1 52 90.31784112007844 19.0
1 53 90.27631158001584 20.0
1 54 90.23477908565526 20.0
1 55 90.19324249357122 20.0
1 56 90.1517007010845 20.0
1 57 90.11015264555813 20.0
1 58 90.06859730370128 20.0
1 59 90.0270336908808 20.0
1 60 89.98546086044058 20.0
1 61 89.94387790302846 20.0
1 62 89.90228394593086 20.0
1 63 89.86067815241476 20.0
1 64 89.81905972107734 20.0
1 65 89.77742788520287 20.0
1 66 89.7357819121271 20.0
1 67 89.69412110260882 20.0
1 68 89.65244479020875 20.0
1 69 89.61075234067559 19.0
1 70 89.56904315133913 19.0
1 71 89.52731665051057 19.0
1 72 89.48557229688969 19.0
1 73 89.44380957897909 19.0
1 74 89.40202801450529 19.0
1 75 89.36022714984675 19.0
1 76 89.31840655946847 20.0
1 77 89.27656584536365 20.0
1 78 89.2347046365017 20.0
1 79 89.19282258828316 20.0
1 80 89.15091938200099 20.0
1 81 89.10899472430846 20.0
1 82 89.0670483466936 20.0
1 83 89.02508000495983 20.0
1 84 88.98308947871328 20.0
1 85 88.94107657085607 20.0
1 86 88.89904110708609 20.0
1 87 88.85698293540295 20.0
1 88 88.81490192561999 20.0
1 89 88.77279796888249 20.0
1 90 88.73067097719186 20.0
1 91 88.68852088293598 19.0
1 92 88.64634763842521 19.0
1 93 88.60415121543467 19.0
1 94 88.56193160475203 19.0
1 95 88.51968881573137 19.0
1 96 88.4774228758526 19.0
1 97 88.43513383028673 19.0
1 98 88.39282174146669 19.0
1 99 88.35048668866386 20.0
1 100 88.30812876757008 20.0
1 101 88.2657480898852 20.0
1 102 88.22334478291009 20.0
1 103 88.18091898914514 20.0
1 104 88.13847086589402 20.0
1 105 88.09600058487283 20.0
1 106 88.05350833182452 20.0
1 107 88.01099430613858 20.0
1 108 87.96845872047588 20.0
1 109 87.92590180039856 20.0
1 110 87.88332378400527 20.0
1 111 87.8407249215712 20.0
1 112 87.79810547519324 20.0
1 113 87.75546571844015 20.0
1 114 87.7128059360075 20.0
1 115 87.6701264233777 19.0
1 116 87.62742748648458 19.0
1 117 87.58470944138307 21.0
1 118 87.54197261392339 19.0
1 119 87.49921733943005 19.0
1 120 87.45644396238548 19.0
1 121 87.41365283611829 19.0
1 122 87.37084432249613 19.0
1 123 87.328018791623 19.0
1 124 87.28517662154118 20.0
1 125 87.24231819793752 20.0
1 126 87.1994439138541 21.0
1 127 87.15655416940342 21.0
1 128 87.11364937148777 21.0
1 129 87.07072993352297 20.0
1 130 87.02779627516628 20.0
1 131 86.98484882204865 20.0
1 132 86.94188800551099 20.0
1 133 86.89891426234469 20.0
1 134 86.85592803453615 20.0
1 135 86.81292976901544 20.0
1 136 86.76991991740887 20.0
1 137 86.72689893579566 19.0
1 138 86.68386728446845 19.0
1 139 86.64082542769775 19.0
1 140 86.59777383350024 19.0
1 141 86.55471297341094 19.0
1 142 86.5116433222591 19.0
1 143 86.46856535794787 19.0
1 144 86.4254795612377 19.0
1 145 86.38238641553339 19.0
1 146 86.33928640667483 19.0
1 147 86.2961800227313 20.0
1 148 86.25306775379936 20.0
1 149 86.20995009180417 20.0
1 150 86.16682753030463 20.0
1 151 86.12370056430153 20.0
1 152 86.0805696900495 20.0
1 153 86.03743540487218 20.0
1 154 85.9942982069808 20.0
1 155 85.95115859529608 20.0
1 156 85.90801706927336 20.0
1 157 85.86487412873115 20.0
1 158 85.82173027368272 20.0
1 159 85.77858600417102 20.0
1 160 85.73544182010669 20.0
1 161 85.69229822110917 26.0
1 162 85.64915570635102 19.0
1 163 85.60601477440521 19.0
1 164 85.56287592309542 19.0
1 165 85.5197396493494 19.0
1 166 85.4766064490553 20.0
1 167 85.43347681692084 19.0
1 168 85.39035124633556 19.0
1 169 85.3472302292357 19.0
1 170 85.30411425597217 19.0
1 171 85.26100381518114 20.0
1 172 85.2178993936575 20.0
1 173 85.17480147623111 20.0
1 174 85.13171054564562 20.0
1 175 85.08862708244015 20.0
1 176 85.04555156483353 20.0
1 177 85.0024844686112 20.0
1 178 84.95942626701469 20.0
1 179 84.91637743063372 20.0
1 180 84.87333842730077 20.0
1 181 84.83030972198827 20.0
1 182 84.7872917767082 20.0
1 183 84.74428505041409 20.0
1 184 84.70128999890566 19.0
1 185 84.6583070747356 19.0
1 186 84.61533672711896 19.0
1 187 84.57237940184467 19.0
1 188 84.52943554118961 19.0
1 189 84.48650558383478 19.0
1 190 84.44358996478385 19.0
1 191 84.40068911528385 19.0
1 192 84.35780346274824 19.0
1 193 84.31493343068195 19.0
1 194 84.27207943860877 19.0
1 195 84.22924190200081 19.0
1 196 84.18642123220997 20.0
1 197 84.14361783640166 20.0
1 198 84.1008321174905 20.0
1 199 84.05806447407801 20.0
1 200 84.01531530039236 20.0
1 201 83.97258498623015 20.0
1 202 83.92987391690004 20.0
1 203 83.8871824731684 20.0
1 204 83.84451103120678 20.0
1 205 83.80185996254144 20.0
1 206 83.75922963400454 20.0
1 207 83.71662040768724 20.0
1 208 83.67403264089474 19.0
1 209 83.63146668610287 19.0
1 210 83.5889228909167 19.0
1 211 83.54640159803073 19.0
1 212 83.50390314519078 19.0
1 213 83.46142786515779 19.0
1 214 83.41897608567307 19.0
1 215 83.37654812942527 19.0
1 216 83.33414431401911 18.0
1 217 83.2917649519455 19.0
1 218 83.24941035055345 19.0
1 219 83.2070808120234 19.0
1 220 83.16477663334226 20.0
1 221 83.12249810627972 19.0
1 222 83.08024551736638 20.0
1 223 83.03801914787309 20.0
1 224 82.99581927379191 20.0
1 225 82.95364616581845 20.0
1 226 82.91150008933568 20.0
1 227 82.869381304399 20.0
1 228 82.82729006572295 20.0
1 229 82.78522662266899 20.0
1 230 82.74319121923483 20.0
1 231 82.70118409404499 19.0
1 232 82.65920548034266 19.0
1 233 82.61725560598288 19.0
1 234 82.57533469342691 19.0
1 235 82.53344295973801 19.0
1 236 82.49158061657819 19.0
1 237 82.44974787020641 19.0
1 238 82.40794492147778 19.0
1 239 82.36617196584409 19.0
1 240 82.32442919335536 19.0
1 241 82.28271678866255 19.0
1 242 82.24103493102149 19.0
1 243 82.19938379429776 20.0
1 244 82.1577635469727 20.0
1 245 82.11617435215055 20.0
1 246 82.07461636756655 20.0
1 247 82.03308974559603 20.0
1 248 81.9915946332647 20.0
1 249 81.9501311722597 20.0
1 250 81.90869949894179 20.0
1 251 81.86729974435839 20.0
1 252 81.82593203425765 20.0
1 253 81.7845964891034 20.0
1 254 81.74329322409096 19.0
1 255 81.70202234916404 19.0
1 256 81.66078396903222 19.0
1 257 81.61957818318956 19.0
1 258 81.57840508593385 19.0
1 259 81.5372647663869 19.0
1 260 81.49615730851544 19.0
1 261 81.45508279115295 19.0
1 262 81.41404128802223 19.0
1 263 81.37303286775874 19.0
1 264 81.33205759393469 19.0
1 265 81.29111552508394 19.0
1 266 81.25020671472745 19.0
1 267 81.2093312113997 20.0
1 268 81.1684890586755 19.0
1 269 81.12768029519783 20.0
1 270 81.08690495470597 20.0
1 271 81.04616306606465 20.0
1 272 81.00545465329354 20.0
1 273 80.96477973559756 20.0
1 274 80.92413832739773 20.0
1 275 80.8835304383626 20.0
1 276 80.84295607344035 20.0
1 277 80.8024152328913 20.0
1 278 80.76190791232126 19.0
1 279 80.72143410271505 19.0
1 280 80.68099379047092 19.0
1 281 80.64058695743523 19.0
1 282 80.60021358093782 19.0
1 283 80.55987363382772 19.0
1 284 80.51956708450948 19.0
1 285 80.47929389697984 19.0
1 286 80.43905403086502 19.0
1 287 80.39884744145832 19.0
1 288 80.3586740797582 19.0
1 289 80.3185338925068 18.0
1 290 80.27842682222888 19.0
1 291 80.2383528072711 19.0
1 292 80.1983117818418 20.0
1 293 80.158303676051 20.0
1 294 80.118328415951 20.0
1 295 80.078385923577 20.0
1 296 80.03847611698845 20.0
1 297 79.99859891031043 20.0
1 298 79.95875421377552 20.0
1 299 79.9189419337659 20.0
1 300 79.8791619728558 20.0
1 301 79.83941422985424 20.0
1 302 79.79969859984804 19.0
1 303 79.76001497424505 19.0
1 304 79.72036324081773 19.0
1 305 79.680743283747 19.0
1 306 79.64115498366617 19.0
1 307 79.60159821770526 19.0
1 308 79.5620728595355 19.0
1 309 79.52257877941403 19.0
1 310 79.48311584422882 19.0
1 311 79.44368391754368 19.0
1 312 79.4042828596437 19.0
1 313 79.36491252758057 19.0
1 314 79.32557277521833 19.0
1 315 79.28626345327905 19.0
1 316 79.24698440938882 19.0
1 317 79.20773548812384 19.0
1 318 79.16851653105661 20.0
1 319 79.12932737680225 20.0
1 320 79.09016786106496 20.0
1 321 79.05103781668457 20.0
1 322 79.01193707368319 20.0
1 323 78.97286545931195 20.0
1 324 78.93382279809786 20.0
1 325 78.89480891189064 20.0
1 326 78.85582361990971 19.0
1 327 78.81686673879126 19.0
1 328 78.77793808263527 19.0
1 329 78.73903746305264 19.0
1 330 78.70016468921233 19.0
1 331 78.66131956788855 19.0
1 332 78.62250190350802 18.0
1 333 78.58371149819706 19.0
1 334 78.54494815182895 19.0
1 335 78.50621166207102 19.0
1 336 78.46750182443203 19.0
1 337 78.42881843230919 19.0
1 338 78.39016127703542 19.0
1 339 78.35153014792658 19.0
1 340 78.31292483232846 19.0
1 341 78.27434511566398 20.0
1 342 78.23579078148006 19.0
1 343 78.19726161149478 20.0
1 344 78.1587573856442 20.0
1 345 78.1202778821292 20.0
1 346 78.08182287746233 20.0
1 347 78.04339214651445 20.0
1 348 78.00498546256138 20.0
1 349 77.96660259733044 20.0
1 350 77.92824332104682 20.0
1 351 77.88990740248008 19.0
1 352 77.85159460899013 19.0
1 353 77.81330470657358 19.0
1 354 77.77503745990957 19.0
1 355 77.7367926324058 19.0
1 356 77.69856998624408 19.0
1 357 77.66036928242619 19.0
1 358 77.62219028081911 19.0
1 359 77.58403274020053 19.0
1 360 77.54589641830394 19.0
1 361 77.50778107186372 19.0
1 362 77.46968645665997 19.0
1 363 77.43161232756323 19.0
1 364 77.39355843857905 19.0
1 365 77.35552454289231 19.0
1 366 77.31751039291146 19.0
1 367 77.27951574031253 19.0
1 368 77.2415403360829 20.0
1 369 77.20358393056503 20.0
1 370 77.1656462734998 20.0
1 371 77.12772711406986 20.0
1 372 77.0898262009426 20.0
1 373 77.05194328231299 20.0
1 374 77.01407810594627 20.0
1 375 76.97623041922026 19.0
1 376 76.93839996916768 19.0
1 377 76.90058650251798 19.0
1 378 76.86278976573921 19.0
1 379 76.82500950507949 19.0
1 380 76.78724546660827 19.0
1 381 76.74949739625741 19.0
1 382 76.711765039862 19.0
1 383 76.67404814320089 19.0
1 384 76.63634645203707 19.0
1 385 76.59865971215766 26.0
1 386 76.56098766941376 19.0
1 387 76.52333006976009 19.0
1 388 76.48568665929419 19.0
1 389 76.44805718429551 19.0
1 390 76.41044139126414 19.0
1 391 76.37283902695943 22.0
1 392 76.33524983843813 20.0
1 393 76.29767357309237 19.0
1 394 76.26010997868738 20.0
1 395 76.22255880339894 20.0
1 396 76.1850197958504 20.0
1 397 76.1474927051496 20.0
1 398 76.10997728092548 20.0
1 399 76.07247327336424 20.0
1 400 76.03498043324545 19.0
1 401 75.99749851197762 19.0
1 402 75.96002726163367 19.0
1 403 75.92256643498604 19.0
1 404 75.88511578554143 19.0
1 405 75.84767506757534 19.0
1 406 75.81024403616625 19.0
1 407 75.77282244722954 19.0
1 408 75.73541005755104 19.0
1 409 75.69800662482025 19.0
1 410 75.66061190766342 19.0
1 411 75.62322566567617 19.0
1 412 75.58584765945571 19.0
1 413 75.54847765063302 19.0
1 414 75.51111540190443 19.0
1 415 75.47376067706307 19.0
1 416 75.4364132410299 20.0
1 417 75.39907285988448 20.0
1 418 75.36173930089537 19.0
1 419 75.32441233255017 20.0
1 420 75.28709172458541 20.0
1 421 75.24977724801583 20.0
1 422 75.21246867516366 20.0
1 423 75.17516577968723 20.0
1 424 75.13786833660959 20.0
1 425 75.10057612234644 20.0
1 426 75.0632889147341 19.0
1 427 75.02600649305683 19.0
1 428 74.98872863807406 19.0
1 429 74.95145513204704 19.0
1 430 74.91418575876534 19.0
1 431 74.87692030357302 19.0
1 432 74.83965855339434 19.0
1 433 74.80240029675916 19.0
1 434 74.76514532382812 19.0
1 435 74.72789342641731 19.0
1 436 74.69064439802268 19.0
1 437 74.65339803384427 19.0
1 438 74.61615413080966 19.0
1 439 74.57891248759762 19.0
1 440 74.54167290466101 19.0
1 441 74.5044351842495 19.0
1 442 74.467199130432 19.0
1 443 74.42996454911858 20.0
1 444 74.39273124808219 19.0
1 445 74.35549903697999 20.0
1 446 74.31826772737432 20.0
1 447 74.28103713275338 20.0
1 448 74.24380706855149 20.0
1 449 74.20657735216899 20.0
1 450 74.169347802992 20.0
1 451 74.13211824241148 19.0
1 452 74.09488849384238 19.0
1 453 74.05765838274198 19.0
1 454 74.0204277366283 19.0
1 455 73.98319638509794 19.0
1 456 73.94596415984356 19.0
1 457 73.90873089467107 22.0
1 458 73.87149642551665 18.0
1 459 73.83426059046316 19.0
1 460 73.7970232297562 19.0
1 461 73.75978418582012 19.0
1 462 73.72254330327344 19.0
1 463 73.68530042894393 19.0
1 464 73.64805541188352 19.0
1 465 73.61080810338272 19.0
1 466 73.5735583569847 19.0
1 467 73.53630602849915 19.0
1 468 73.49905097601571 19.0
1 469 73.46179305991699 20.0
1 470 73.42453214289145 20.0
1 471 73.38726808994582 20.0
1 472 73.35000076841709 20.0
1 473 73.3127300479844 20.0
1 474 73.27545580068042 20.0
1 475 73.23817790090244 18.0
1 476 73.20089622542305 18.0
1 477 73.16361065340074 18.0
1 478 73.1263210663898 19.0
1 479 73.08902734835026 19.0
1 480 73.05172938565718 19.0
1 481 73.01442706710986 19.0
1 482 72.97712028394058 19.0
1 483 72.93980892982296 19.0
1 484 72.90249290088026 19.0
1 485 72.86517209569305 19.0
1 486 72.82784641530677 19.0
1 487 72.79051576323877 19.0
1 488 72.75318004548524 19.0
1 489 72.71583917052766 19.0
1 490 72.6784930493391 19.0
1 491 72.64114159539 19.0
1 492 72.60378472465356 19.0
1 493 72.56642235561154 19.0
1 494 72.5290544092584 19.0
1 495 72.4916808091066 19.0
1 496 72.45430148119053 20.0
1 497 72.41691635407066 20.0
1 498 72.37952535883701 20.0
1 499 72.34212842911279 20.0
1 500 72.3047255010574 20.0
1 501 72.26731651336904 20.0
1 502 72.22990140728731 19.0
1 503 72.19248012659537 19.0
1 504 72.15505261762173 19.0
1 505 72.1176188292418 19.0
1 506 72.08017871287923 19.0
1 507 72.04273222250683 19.0
1 508 72.0052793146472 19.0
1 509 71.96781994837316 19.0
1 510 71.93035408530781 19.0
1 511 71.89288168962436 19.0
1 512 71.85540272804555 19.0
1 513 71.81791716984293 19.0
1 514 71.78042498683587 19.0
1 515 71.74292615338996 19.0
1 516 71.70542064641567 19.0
1 517 71.66790844536627 19.0
1 518 71.6303895322357 19.0
1 519 71.59286389155604 19.0
1 520 71.5553315103948 19.0
1 521 71.51779237835198 18.0
1 522 71.48024648755663 20.0
1 523 71.4426938326635 20.0
1 524 71.40513441084886 20.0
1 525 71.3675682218069 20.0
1 526 71.329995267745 20.0
1 527 71.29241555337919 20.0
1 528 71.25482908592936 19.0
1 529 71.21723587511404 19.0
1 530 71.17963593314508 20.0
1 531 71.14202927472189 19.0
1 532 71.10441591702565 18.0
1 533 71.06679587971311 19.0
1 534 71.02916918491016 19.0
1 535 70.99153585720525 19.0
1 536 70.95389592364229 19.0
1 537 70.916249413714 19.0
1 538 70.87859635935375 19.0
1 539 70.84093679492888 19.0
1 540 70.80327075723181 19.0
1 541 70.76559828547295 19.0
1 542 70.7279194212717 19.0
1 543 70.69023420864805 19.0
1 544 70.6525426940139 19.0
1 545 70.61484492616401 19.0
1 546 70.57714095626679 19.0
1 547 70.53943083785441 19.0
1 548 70.50171462681395 20.0
1 549 70.46399238137666 20.0
1 550 70.42626416210848 20.0
1 551 70.38853003189902 20.0
1 552 70.35079005595199 20.0
1 553 70.31304430177316 20.0
1 554 70.27529283916057 20.0
1 555 70.23753574019274 20.0
1 556 70.19977307921718 20.0
1 557 70.16200493283935 19.0
1 558 70.12423137991037 19.0
1 559 70.08645250151517 19.0
1 560 70.04866838096042 19.0
1 561 70.01087910376208 19.0
1 562 69.97308475763278 19.0
1 563 69.9352854324693 25.0
1 564 69.89748122033913 19.0
1 565 69.85967221546787 19.0
1 566 69.8218585142256 19.0
1 567 69.78404021511368 19.0
1 568 69.74621741875045 19.0
1 569 69.70839022785829 19.0
1 570 69.67055874724869 19.0
1 571 69.63272308380888 19.0
1 572 69.5948833464866 19.0
1 573 69.55703964627638 19.0
1 574 69.51919209620432 19.0
1 575 69.48134081131332 20.0
1 576 69.44348590864824 20.0
1 577 69.40562750724045 20.0
1 578 69.3677657280928 20.0
1 579 69.32990069416368 20.0
1 580 69.29203253035188 20.0
1 581 69.25416136348036 20.0
1 582 69.21628732228051 20.0
1 583 69.1784105373761 20.0
1 584 69.14053114126696 20.0
1 585 69.10264926831252 20.0
1 586 69.06476505471544 20.0
1 587 69.02687863850464 19.0
1 588 68.98899015951929 19.0
1 589 68.95109975939081 19.0
1 590 68.91320758152665 19.0
1 591 68.87531377109251 19.0
1 592 68.83741847499594 19.0
1 593 68.79952184186752 19.0
1 594 68.76162402204481 19.0
1 595 68.72372516755321 18.0
1 596 68.68582543208962 19.0
1 597 68.64792497100343 19.0
1 598 68.61002394127898 19.0
1 599 68.57212250151733 19.0
1 600 68.5342208119179 19.0
1 601 68.49631903426072 20.0
1 602 68.45841733188699 19.0
1 603 68.42051586968148 19.0
1 604 68.38261481405327 20.0
1 605 68.34471433291715 20.0
1 606 68.30681459567514 20.0
1 607 68.26891577319698 20.0
1 608 68.23101803780149 20.0
1 609 68.19312156323747 20.0
1 610 68.15522652466407 20.0
1 611 68.11733309863232 20.0
1 612 68.07944146306484 20.0
1 613 68.04155179723709 20.0
1 614 68.00366428175737 19.0
1 615 67.96577909854781 19.0
1 616 67.92789643082396 19.0
1 617 67.89001646307571 19.0
1 618 67.85213938104712 19.0
1 619 67.81426537171659 19.0
1 620 67.7763946232771 19.0
1 621 67.738527325116 19.0
1 622 67.70066366779496 19.0
1 623 67.6628038430301 19.0
1 624 67.6249480436716 19.0
1 625 67.5870964636831 19.0
1 626 67.54924929812262 19.0
1 627 67.51140674312069 19.0
1 628 67.47356899586134 19.0
1 629 67.43573625456055 19.0
1 630 67.39790871844673 19.0
1 631 67.36008658773957 20.0
1 632 67.32227006362965 20.0
1 633 67.28445934825825 20.0
1 634 67.2466546446959 20.0
1 635 67.2088561569228 20.0
1 636 67.17106408980742 20.0
1 637 67.13327864908567 20.0
1 638 67.09550004134087 20.0
1 639 67.05772847398251 20.0
1 640 67.01996415522515 20.0
1 641 66.98220729406856 20.0
1 642 66.94445810027614 19.0
1 643 66.90671678435422 19.0
1 644 66.86898355753135 19.0
1 645 66.8312586317376 19.0
1 646 66.79354221958336 19.0
1 647 66.75583453433833 19.0
1 648 66.71813578991156 19.0
1 649 66.68044620082888 19.0
1 650 66.6427659822142 19.0
1 651 66.60509534976647 19.0
1 652 66.56743451974003 19.0
1 653 66.52978370892423 19.0
1 654 66.49214313462073 19.0
1 655 66.45451301462434 19.0
1 656 66.41689356720123 19.0
1 657 66.37928501106822 19.0
1 658 66.34168756537275 19.0
1 659 66.3041014496706 20.0
1 660 66.26652688390625 20.0
1 661 66.22896408839175 20.0
1 662 66.19141328378603 20.0
1 663 66.15387469107375 20.0
1 664 66.1163485315451 20.0
1 665 66.07883502677483 20.0
1 666 66.04133439860165 20.0
1 667 66.00384686910763 20.0
1 668 65.96637266059784 20.0
1 669 65.92891199557913 19.0
1 670 65.89146509673989 20.0
1 671 65.85403218693038 19.0
1 672 65.81661348914115 19.0
1 673 65.77920922648266 19.0
1 674 65.7418196221659 19.0
1 675 65.7044448994813 19.0
1 676 65.66708528177807 19.0
1 677 65.62974099244539 19.0
1 678 65.59241225489096 19.0
1 679 65.55509929252102 19.0
1 680 65.51780232872076 19.0
1 681 65.48052158683413 19.0
1 682 65.44325729014352 19.0
1 683 65.40600966185045 19.0
1 684 65.36877892505504 19.0
1 685 65.33156530273735 19.0
1 686 65.29436901773582 19.0
1 687 65.25719029272949 19.0
1 688 65.22002935021723 19.0
1 689 65.18288641249896 20.0
1 690 65.14576170165545 20.0
1 691 65.10865543952937 20.0
1 692 65.07156784770635 20.0
1 693 65.03449914749497 20.0
1 694 64.99744955990784 20.0
1 695 64.96041930564277 20.0
1 696 64.92340860506417 20.0
1 697 64.88641767818265 20.0
1 698 64.84944674463773 20.0
1 699 64.81249602367862 19.0
1 700 64.77556573414456 19.0
1 701 64.73865609444823 19.0
1 702 64.70176732255536 19.0
1 703 64.66489963596696 19.0
1 704 64.62805325170177 19.0
1 705 64.59122838627653 19.0
1 706 64.55442525568989 19.0
1 707 64.5176440754012 19.0
1 708 64.4808850603171 19.0
1 709 64.44414842476895 19.0
1 710 64.4074343824982 19.0
1 711 64.37074314663813 19.0
1 712 64.33407492969518 19.0
1 713 64.2974299435327 19.0
1 714 64.26080839935355 19.0
1 715 64.22421050768155 20.0
1 716 64.18763647834629 20.0
1 717 64.15108652046537 20.0
1 718 64.11456084242651 20.0
1 719 64.07805965187197 20.0
1 720 64.04158315568124 20.0
1 721 64.00513155995517 20.0
1 722 63.968705069998364 20.0
1 723 63.93230389030455 20.0
1 724 63.89592822453805 20.0
1 725 63.85957827552001 20.0
1 726 63.82325424521056 20.0
1 727 63.786956334694565 19.0
1 728 63.750684744164545 19.0
1 729 63.7144396729056 19.0
1 730 63.67822131928021 19.0
1 731 63.64202988071263 19.0
1 732 63.60586555367323 19.0
1 733 63.569728533663636 19.0
1 734 63.533619015202 19.0
1 735 63.49753719180862 19.0
1 736 63.46148325598945 19.0
1 737 63.42545739922397 19.0
1 738 63.38945981194763 19.0
1 739 63.353490683541025 19.0
1 740 63.31755020231271 21.0
1 741 63.281638555487106 19.0
1 742 63.24575592918943 20.0
1 743 63.20990250843242 19.0
1 744 63.174078477103066 20.0
1 745 63.13828401794777 20.0
1 746 63.102519312560304 20.0
1 747 63.066784541368136 20.0
1 748 63.03107988361914 20.0
1 749 62.995405517368845 20.0
1 750 62.95976161946745 20.0
1 751 62.92414836554792 20.0
1 752 62.888565930012206 20.0
1 753 62.85301448601989 20.0
1 754 62.81749420547484 19.0
1 755 62.78200525901567 20.0
1 756 62.74654781599999 19.0
1 757 62.71112204449646 19.0
1 758 62.67572811127049 19.0
1 759 62.64036618177309 19.0
1 760 62.60503642013157 19.0
1 761 62.56973898913576 19.0
1 762 62.53447405022921 19.0
1 763 62.499241763495824 19.0
1 764 62.46404228765244 19.0
1 765 62.4288757800343 19.0
1 766 62.39374239658896 19.0
1 767 62.358642291862004 19.0
1 768 62.323575618990226 19.0
1 769 62.28854252968993 19.0
1 770 62.25354317424595 19.0
1 771 62.218577701506476 19.0
1 772 62.18364625886804 20.0
1 773 62.1487489922707 19.0
1 774 62.11388604618625 20.0
1 775 62.07905756360968 20.0
1 776 62.044263686052275 20.0
1 777 62.00950455352921 18.0
1 778 61.97478030455586 20.0
1 779 61.94009107613516 20.0
1 780 61.905437003751274 20.0
1 781 61.870818221362725 20.0
1 782 61.836234861391674 19.0
1 783 61.80168705471907 20.0
1 784 61.767174930675296 20.0
1 785 61.73269861703416 19.0
1 786 61.69825824000472 19.0
1 787 61.663853924224505 19.0
1 788 61.629485792752824 19.0
1 789 61.5951539670636 19.0
1 790 61.56085856704054 19.0
1 791 61.526599710967844 19.0
1 792 61.492377515526684 19.0
1 793 61.45819209578832 19.0
1 794 61.42404356520828 19.0
1 795 61.3899320356187 19.0
1 796 61.355857617226974 19.0
1 797 61.3218204186075 19.0
1 798 61.287820546696075 19.0
1 799 61.25385810678664 19.0
1 800 61.21993320252534 19.0
1 801 61.186045935907885 19.0
1 802 61.152196407270615 19.0
1 803 61.11838471529135 19.0
1 804 61.084610956982516 19.0
1 805 61.050875227684706 20.0
1 806 61.01717762107056 20.0
1 807 60.98351822913163 20.0
1 808 60.94989714218265 20.0
1 809 60.9163144488533 20.0
1 810 60.88277023608721 20.0
1 811 60.84926458913842 20.0
1 812 60.815797591570174 20.0
1 813 60.78236932524939 20.0
1 814 60.748979870347 19.0
1 815 60.71562930533318 19.0
1 816 60.682317706977294 19.0
1 817 60.64904515034453 19.0
1 818 60.61581170879555 19.0
1 819 60.58261745398348 19.0
1 820 60.54946245585272 19.0
1 821 60.51634678263937 19.0
1 822 60.483270500868514 19.0
1 823 60.450233675352635 19.0
1 824 60.41723636919091 19.0
1 825 60.384278643773285 19.0
1 826 60.351360558773216 19.0
1 827 60.318482172151384 19.0
1 828 60.28564354015566 19.0
1 829 60.25284471731854 19.0
1 830 60.22008575646154 19.0
1 831 60.187366708691634 19.0
1 832 60.15468762340347 19.0
1 833 60.122048548282436 20.0
1 834 60.089449529301405 19.0
1 835 60.05689061072325 20.0
1 836 60.02437183510504 20.0
1 837 59.991893243295415 20.0
1 838 59.959454874439125 20.0
1 839 59.927056765976566 20.0
1 840 59.894698953647584 20.0
1 841 59.862381471493265 20.0
1 842 59.830104351857585 20.0
1 843 59.79786762538813 20.0
1 844 59.76567132104257 19.0
1 845 59.73351546608997 20.0
1 846 59.70140008611321 20.0
1 847 59.669325205010416 19.0
1 848 59.63729084500018 19.0
1 849 59.60529702662768 19.0
1 850 59.57334376876179 19.0
1 851 59.54143108860481 19.0
1 852 59.509559001694505 19.0
1 853 59.47772752190485 19.0
1 854 59.445936661454866 19.0
1 855 59.414186430912814 19.0
1 856 59.382476839196 19.0
1 857 59.350807893581475 19.0
1 858 59.319179599707276 19.0
1 859 59.28759196157772 19.0
1 860 59.25604498157114 19.0
1 861 59.224538660441205 19.0
1 862 59.19307299732597 19.0
1 863 59.16164798975174 19.0
1 864 59.130263633640624 20.0
1 865 59.0989199233123 20.0
1 866 59.067616851498016 20.0
1 867 59.03635440933574 20.0
1 868 59.005132586387376 20.0
1 869 58.97395137064154 20.0
1 870 58.94281074851508 20.0
1 871 58.91171070486936 20.0
1 872 58.88065122300988 20.0
1 873 58.84963228469507 20.0
1 874 58.81865387014807 20.0
1 875 58.78771595805937 20.0
1 876 58.756818525594994 19.0
1 877 58.72596154840515 26.0
1 878 58.69514500063567 20.0
1 879 58.66436885492658 20.0
1 880 58.63363308243329 19.0
1 881 58.60293765282244 19.0
1 882 58.57228253429169 19.0
1 883 58.541667693567355 19.0
1 884 58.511093095922014 19.0
1 885 58.480558705180314 19.0
1 886 58.450064483727175 19.0
1 887 58.41961039251707 19.0
1 888 58.389196391086024 19.0
1 889 58.35882243755823 19.0
1 890 58.3284884886546 19.0
1 891 58.298194499708806 19.0
1 892 58.267940424670456 19.0
1 893 58.237726216121324 19.0
1 894 58.20755182527467 19.0
1 895 58.17741720199944 19.0
1 896 58.14732229482403 20.0
1 897 58.117267050942246 20.0
1 898 58.08725141623419 20.0
1 899 58.057275335268095 20.0
1 900 58.027338751318865 19.0
1 901 57.997441606369826 20.0
1 902 57.96758384113484 20.0
1 903 57.937765395060964 20.0
1 904 57.90798620634594 20.0
1 905 57.87824621194379 20.0
1 906 57.848545347581634 20.0
1 907 57.81888354777091 20.0
1 908 57.78926074581867 20.0
1 909 57.759676873834785 20.0
1 910 57.73013186275459 20.0
1 911 57.70062564234247 20.0
1 912 57.67115814120521 19.0
1 913 57.6417292868107 19.0
1 914 57.61233900549322 20.0
1 915 57.582987222473285 19.0
1 916 57.55367386186067 19.0
1 917 57.524398846679766 19.0
1 918 57.49516209887198 19.0
1 919 57.46596353931461 19.0
1 920 57.436803087836715 19.0
1 921 57.40768066322512 19.0
1 922 57.37859618324194 19.0
1 923 57.34954956463869 19.0
1 924 57.32054072317195 19.0
1 925 57.291569573611184 19.0
1 926 57.26263602975769 19.0
1 927 57.233740004459776 19.0
1 928 57.204881409621095 20.0
1 929 57.176060156219215 19.0
1 930 57.14727615432305 20.0
1 931 57.11852931309508 20.0
1 932 57.089819540824394 20.0
1 933 57.06114674492703 20.0
1 934 57.03251083196089 20.0
1 935 57.003911707651625 20.0
1 936 56.97534927689493 20.0
1 937 56.94682344378366 20.0
1 938 56.91833411161215 20.0
1 939 56.88988118289627 20.0
1 940 56.86146455939055 20.0
1 941 56.83308414209899 20.0
1 942 56.804739831296374 20.0
1 943 56.776431526536975 20.0
1 944 56.74815912667503 20.0
1 945 56.71992252988287 20.0
1 946 56.69172163365441 20.0
1 947 56.663556334837764 20.0
1 948 56.63542652964054 19.0
1 949 56.60733211364681 19.0
1 950 56.579272981837526 19.0
1 951 56.551249028597816 19.0
1 952 56.52326014774989 19.0
1 953 56.49530623255108 19.0
1 954 56.46738717571762 19.0
1 955 56.43950286944522 19.0
1 956 56.41165320542202 19.0
1 957 56.38383807484146 19.0
1 958 56.356057368424864 18.0
1 959 56.32831097643546 19.0
1 960 56.30059878869687 19.0
1 961 56.27292069460534 19.0
1 962 56.24527658314992 19.0
1 963 56.2176663429375 20.0
1 964 56.19008986218943 20.0
1 965 56.162547028777766 20.0
1 966 56.135037730237066 20.0
1 967 56.10756185377545 20.0
1 968 56.08011928629379 20.0
1 969 56.05270991442124 20.0
1 970 56.025333624492816 20.0
1 971 55.997990302610894 25.0
1 972 55.97067983463606 20.0
1 973 55.94340210620452 20.0
1 974 55.91615700276245 20.0
1 975 55.8889444095669 20.0
1 976 55.86176421171115 20.0
1 977 55.83461629413905 20.0
1 978 55.80750054167037 20.0
1 979 55.78041683900563 20.0
1 980 55.75336507075181 20.0
1 981 55.72634512144819 20.0
1 982 55.69935687556047 19.0
1 983 55.67240021752241 19.0
1 984 55.64547503174557 19.0
1 985 55.618581202634104 19.0
1 986 55.59171861459912 19.0
1 987 55.564887152086804 19.0
1 988 55.53808669959517 19.0
1 989 55.5113171416851 19.0
1 990 55.48457836300398 19.0
1 991 55.457870248292004 19.0
1 992 55.431192682426904 19.0
1 993 55.404545550405416 20.0
1 994 55.377928737402726 19.0
1 995 55.35134212874797 20.0
1 996 55.32478560997436 19.0
1 997 55.298259066825345 19.0
1 998 55.271762385270534 19.0
1 999 55.24529545153016 20.0
1 1000 55.2188581520844 20.0
1 1001 55.19245037370307 20.0
1 1002 55.16607200345271 20.0
1 1003 55.13972292872137 20.0
1 1004 55.113403037240055 20.0
1 1005 55.08711221708385 20.0
1 1006 55.06085035671626 21.0
1 1007 55.0346173449835 20.0
1 1008 55.008413071142556 20.0
1 1009 54.98223742488671 20.0
1 1010 54.9560902963484 20.0
1 1011 54.929971576126725 20.0
1 1012 54.90388115531111 20.0
1 1013 54.87781892548153 20.0
1 1014 54.85178477874312 20.0
1 1015 54.82577860773692 20.0
1 1016 54.79980030566184 20.0
1 1017 54.77384976628368 20.0
1 1018 54.747926883974486 20.0
1 1019 54.72203155369605 19.0
1 1020 54.69616367105464 19.0
1 1021 54.67032313229453 19.0
1 1022 54.64450983432336 19.0
1 1023 54.618723674732394 19.0
1 1024 54.59296455181226 19.0
1 1025 54.56723236457073 19.0
1 1026 54.54152701274775 19.0
1 1027 54.515848396841356 19.0
1 1028 54.49019641811995 19.0
1 1029 54.464570978633105 19.0
1 1030 54.438971981247356 19.0
1 1031 54.41339932964758 19.0
1 1032 54.3878529283551 19.0
1 1033 54.36233268276755 20.0
1 1034 54.33683849913906 21.0
1 1035 54.311370284630364 20.0
1 1036 54.28592794731146 20.0
1 1037 54.26051139618282 20.0
1 1038 54.235120541187676 20.0
1 1039 54.20975529323631 20.0
1 1040 54.18441556422341 20.0
1 1041 54.159101267036206 20.0
1 1042 54.133812315583214 20.0
1 1043 54.10854862480285 20.0
1 1044 54.08331011068534 20.0
1 1045 54.05809669028523 20.0
1 1046 54.03290828174659 20.0
1 1047 54.00774480431179 20.0
1 1048 53.9826061783421 20.0
1 1049 53.95749232533046 20.0
1 1050 53.932403167927646 20.0
1 1051 53.90733862994556 20.0
1 1052 53.88229863638849 20.0
1 1053 53.85728311346024 20.0
1 1054 53.832291988581574 20.0
1 1055 53.80732519040363 20.0
1 1056 53.78238264883881 19.0
1 1057 53.757464295058085 20.0
1 1058 53.73257006152166 19.0
1 1059 53.70769988198733 19.0
1 1060 53.68285369152408 19.0
1 1061 53.65803142654229 19.0
1 1062 53.633233024791444 19.0
1 1063 53.60845842539169 19.0
1 1064 53.583707568838584 19.0
1 1065 53.55898039702235 19.0
1 1066 53.53427685324567 19.0
1 1067 53.50959688223887 19.0
1 1068 53.48494043017174 19.0
1 1069 53.46030744467333 19.0
1 1070 53.43569787484053 24.0
1 1071 53.41111167126596 20.0
1 1072 53.38654878604078 19.0
1 1073 53.362009172770996 20.0
1 1074 53.33749278659893 20.0
1 1075 53.31299958421679 20.0
1 1076 53.288529523873905 20.0
1 1077 53.26408256540153 20.0
1 1078 53.239658670216066 20.0
1 1079 53.21525780134545 20.0
1 1080 53.190879923440434 20.0
1 1081 53.166525002781974 20.0
1 1082 53.142193007295354 20.0
1 1083 53.117883906583934 20.0
1 1084 53.093597671913116 20.0
1 1085 53.06933427624086 20.0
1 1086 53.04509369424124 20.0
1 1087 53.02087590229504 20.0
1 1088 52.99668087851281 20.0
1 1089 52.972508602765366 20.0
1 1090 52.94835905666721 20.0
1 1091 52.92423222361286 20.0
1 1092 52.90012808877593 20.0
1 1093 52.876046639130216 20.0
1 1094 52.85198786346508 20.0
1 1095 52.82795175238576 20.0
1 1096 52.803938298341166 20.0
1 1097 52.77994749561642 20.0
1 1098 52.7559793403743 20.0
1 1099 52.73203383063613 19.0
1 1100 52.70811096632199 19.0
1 1101 52.68421074923673 19.0
1 1102 52.66033318310766 19.0
1 1103 52.6364782735692 19.0
1 1104 52.612646028203095 19.0
1 1105 52.588836456524454 19.0
1 1106 52.56504957001364 20.0
1 1107 52.541285382107795 19.0
1 1108 52.51754390823507 19.0
1 1109 52.493825165799436 20.0
1 1110 52.470129174219245 19.0
1 1111 52.44645595491546 20.0
1 1112 52.42280553133094 20.0
1 1113 52.399177928946266 20.0
1 1114 52.3755731752849 20.0
1 1115 52.3519912999115 20.0
1 1116 52.32843233446978 20.0
1 1117 52.30489631266805 19.0
1 1118 52.28138327030149 20.0
1 1119 52.25789324525461 20.0
1 1120 52.23442627751669 20.0
1 1121 52.21098240918705 20.0
1 1122 52.18756168448806 20.0
1 1123 52.164164149770855 20.0
1 1124 52.14078985353032 20.0
1 1125 52.117438846408355 20.0
1 1126 52.0941111811838 20.0
1 1127 52.07080691284232 20.0
1 1128 52.04752609850356 20.0
1 1129 52.024268797488666 20.0
1 1130 52.001035071312366 20.0
1 1131 51.97782498367684 20.0
1 1132 51.954638600495926 20.0
1 1133 51.93147598989298 20.0
1 1134 51.90833722221747 20.0
1 1135 51.88522237005247 20.0
1 1136 51.862131508201855 20.0
1 1137 51.83906471372739 20.0
1 1138 51.81602206593665 20.0
1 1139 51.7930036463911 20.0
1 1140 51.77000953890934 20.0
1 1141 51.747039829605704 20.0
1 1142 51.72409460683449 20.0
1 1143 51.70117396126253 20.0
1 1144 51.67827798582941 20.0
1 1145 51.65540677577442 20.0
1 1146 51.63256042863537 20.0
1 1147 51.60973904425437 19.0
1 1148 51.586942724795215 24.0
1 1149 51.5641715747113 19.0
1 1150 51.54142570079994 20.0
1 1151 51.51870521219276 20.0
1 1152 51.496010220324536 20.0
1 1153 51.47334083898425 20.0
1 1154 51.45069718429084 20.0
1 1155 51.428079374714386 20.0
1 1156 51.405487531067976 20.0
1 1157 51.38292177652456 20.0
1 1158 51.3603822366034 20.0
1 1159 51.33786903918797 20.0
1 1160 51.31538231452267 20.0
1 1161 51.2929221952171 20.0
1 1162 51.27048881624973 20.0
1 1163 51.24808231497771 20.0
1 1164 51.22570283112723 20.0
1 1165 51.20335050680171 20.0
1 1166 51.1810254864726 20.0
1 1167 51.158727917024464 20.0
1 1168 51.136457947689216 20.0
1 1169 51.11421573010606 20.0
1 1170 51.09200141830683 20.0
1 1171 51.069815168694454 20.0
1 1172 51.047657140071145 20.0
1 1173 51.02552749363786 20.0
1 1174 51.00342639296808 20.0
1 1175 50.981354004054396 20.0
1 1176 50.95931049526581 20.0
1 1177 50.93729603737159 20.0
1 1178 50.91531080353713 20.0
1 1179 50.89335496932563 20.0
1 1180 50.87142871268927 20.0
1 1181 50.84953221398249 20.0
1 1182 50.82766565593342 20.0
1 1183 50.80582922371362 20.0
1 1184 50.784023104833125 20.0
1 1185 50.762247489229885 20.0
1 1186 50.740502569211586 20.0
1 1187 50.71878853950328 20.0
1 1188 50.697105597191545 20.0
1 1189 50.67545394176574 20.0
1 1190 50.65383377510593 20.0
1 1191 50.63224530145151 20.0
1 1192 50.61068872745502 20.0
1 1193 50.58916426213387 20.0
1 1194 50.567672116883166 21.0
1 1195 50.546212505464844 21.0
1 1196 50.524785644030395 21.0
1 1197 50.50339175108729 21.0
1 1198 50.48203104751928 21.0
1 1199 50.460703756558324 21.0
1 1200 50.439410103810275 21.0
1 1201 50.41815031722815 21.0
1 1202 50.39692462710763 21.0
1 1203 50.37573326611909 21.0
1 1204 50.35457646925198 21.0
1 1205 50.33345447383934 21.0
1 1206 50.312367519562976 20.0
1 1207 50.29131584841229 20.0
1 1208 50.270299704725566 20.0
1 1209 50.249319335137244 20.0
1 1210 50.22837498860963 20.0
1 1211 50.207466916421474 20.0
1 1212 50.18659537213753 20.0
1 1213 50.16576061164124 20.0
1 1214 50.14496289308245 20.0
1 1215 50.124202476914874 20.0
1 1216 50.10347962588517 20.0
1 1217 50.08279460497537 20.0
1 1218 50.0621476814682 20.0
1 1219 50.041539124887976 20.0
1 1220 50.02096920702103 20.0
1 1221 50.0004382018962 20.0
1 1222 49.97994638577422 20.0
1 1223 49.959494037169286 20.0
1 1224 49.93908143679203 20.0
1 1225 49.91870886757368 20.0
1 1226 49.89837661468591 20.0
1 1227 49.878084965431775 18.0
1 1228 49.85783420939204 20.0
1 1229 49.83762463826457 20.0
1 1230 49.81745654593933 20.0
1 1231 49.79733022848327 20.0
1 1232 49.77724598410876 20.0
1 1233 49.75720411318088 20.0
1 1234 49.73720491818803 25.0
1 1235 49.71724870376936 20.0
1 1236 49.69733577667089 20.0
1 1237 49.67746644575226 20.0
1 1238 49.65764102195547 21.0
1 1239 49.63785981834451 20.0
1 1240 49.61812315001391 20.0
1 1241 49.59843133416683 21.0
1 1242 49.578784690066584 21.0
1 1243 49.55918353898632 18.0
1 1244 49.53962820426107 21.0
1 1245 49.52011901124237 21.0
1 1246 49.500656287304714 21.0
1 1247 49.481240361801454 21.0
1 1248 49.461871566113075 21.0
1 1249 49.44255023356061 21.0
1 1250 49.423276699443235 21.0
1 1251 49.40405130103425 21.0
1 1252 49.38487437753615 21.0
1 1253 49.36574627007871 21.0
1 1254 49.346667321685004 21.0
1 1255 49.32763787732792 21.0
1 1256 49.30865828385965 21.0
1 1257 49.28972888997833 26.0
1 1258 49.270850046289716 21.0
1 1259 49.25202210523691 21.0
1 1260 49.23324542108673 21.0
1 1261 49.214520349953474 21.0
1 1262 49.19584724974035 21.0
1 1263 49.1772264801816 21.0
1 1264 49.15865840277316 21.0
1 1265 49.140143380767526 21.0
1 1266 49.12168177919763 21.0
1 1267 49.103273964814576 20.0
1 1268 49.08492030613559 21.0
1 1269 49.06662117334117 20.0
1 1270 49.04837693832132 22.0
1 1271 49.03018797466828 20.0
1 1272 49.012054657630955 20.0
1 1273 48.993977364107934 20.0
1 1274 48.97595647261176 20.0
1 1275 48.957992363312265 20.0
1 1276 48.9400854179582 20.0
1 1277 48.9222360198969 20.0
1 1278 48.90444455405391 21.0
1 1279 48.88671140689268 21.0
1 1280 48.86903696643382 20.0
1 1281 48.85142162220306 20.0
1 1282 48.83386576526311 20.0
1 1283 48.81636978815112 19.0
1 1284 48.798934084852995 21.0
1 1285 48.781559050866036 21.0
1 1286 48.764245083074556 21.0
1 1287 48.746992579832366 21.0
1 1288 48.729801940851196 21.0
1 1289 48.712673567285385 21.0
1 1290 48.69560786161033 21.0
1 1291 48.678605227675334 21.0
1 1292 48.66166607067669 21.0
1 1293 48.64479079711634 21.0
1 1294 48.62797981479362 21.0
1 1295 48.611233532802046 21.0
1 1296 48.594552361474925 21.0
1 1297 48.57793671243747 21.0
1 1298 48.561386998486526 21.0
1 1299 48.54490363366489 21.0
1 1300 48.528487033188384 21.0
1 1301 48.512137613466706 21.0
1 1302 48.49585579202974 21.0
1 1303 48.479641987562005 21.0
1 1304 48.46349661988178 21.0
1 1305 48.44742010985321 21.0
1 1306 48.43141287943941 21.0
1 1307 48.415475351690375 21.0
1 1308 48.39960795067005 21.0
1 1309 48.383811101449695 21.0
1 1310 48.36808523011734 21.0
1 1311 48.3524307637353 21.0
1 1312 48.336848130325016 21.0
1 1313 48.32133775884304 21.0
1 1314 48.30590007918688 21.0
1 1315 48.29053552213101 21.0
1 1316 48.27524451933429 21.0
1 1317 48.26002750333334 21.0
1 1318 48.244884907479694 21.0
1 1319 48.229817165959254 21.0
1 1320 48.21482471376691 21.0
1 1321 48.19990798663414 21.0
1 1322 48.18506742112545 21.0
1 1323 48.17030345447395 21.0
1 1324 48.155616524636805 21.0
1 1325 48.14100707032391 21.0
1 1326 48.126475530869314 21.0
1 1327 48.11202234627035 21.0
1 1328 48.097647957171375 21.0
1 1329 48.08335280479756 22.0
1 1330 48.069137331025516 21.0
1 1331 48.0550019782886 22.0
1 1332 48.0409471894866 21.0
1 1333 48.02697340816234 22.0
1 1334 48.01308107829609 22.0
1 1335 47.99927064438604 22.0
1 1336 47.98554255138395 22.0
1 1337 47.97189724469102 21.0
1 1338 47.95833517012045 22.0
1 1339 47.94485677389614 22.0
1 1340 47.93146250261083 22.0
1 1341 47.91815280322855 22.0
1 1342 47.90492812306348 22.0
1 1343 47.891788909695855 22.0
1 1344 47.878735611055504 22.0
1 1345 47.86576867530365 22.0
1 1346 47.852888550877864 22.0
1 1347 47.84009568641398 22.0
1 1348 47.8273905308129 22.0
1 1349 47.81477353307701 22.0
1 1350 47.80224514245565 22.0
1 1351 47.78980580828508 24.0
1 1352 47.77745598003133 22.0
1 1353 47.76519610729255 22.0
1 1354 47.75302663969592 20.0
1 1355 47.74094802691732 22.0
1 1356 47.72896071874135 22.0
1 1357 47.71706516488651 22.0
1 1358 47.70526181511003 22.0
1 1359 47.69355111907561 22.0
1 1360 47.68193352648008 22.0
1 1361 47.67040948687061 22.0
1 1362 47.65897944971878 22.0
1 1363 47.64764386438204 22.0
1 1364 47.63640318007745 22.0
1 1365 47.62525784585143 21.0
1 1366 47.61420831055744 21.0
1 1367 47.60325502289122 22.0
1 1368 47.5923984312423 21.0
1 1369 47.58163898382219 21.0
1 1370 47.57097712850932 22.0
1 1371 47.5604133129281 21.0
1 1372 47.54994798438458 21.0
1 1373 47.53958158981842 21.0
1 1374 47.529314575856446 21.0
1 1375 47.519147388721095 21.0
1 1376 47.509080474217924 21.0
1 1377 47.49911427775775 21.0
1 1378 47.48924924427702 21.0
1 1379 47.479485818311176 21.0
1 1380 47.46982444382577 22.0
1 1381 47.46026556430623 21.0
1 1382 47.450809622732784 21.0
1 1383 47.44145706153216 21.0
1 1384 47.432208322546074 22.0
1 1385 47.42306384699172 21.0
1 1386 47.414024075532595 21.0
1 1387 47.40508944816893 21.0
1 1388 47.39626040424333 21.0
1 1389 47.38753738243377 21.0
1 1390 47.37892082069479 21.0
1 1391 47.37041115627286 21.0
1 1392 47.362008825730435 21.0
1 1393 47.353714264795784 21.0
1 1394 47.345527908400754 21.0
1 1395 47.33745019081174 21.0
1 1396 47.32948154533387 21.0
1 1397 47.32162240449255 21.0
1 1398 47.31387319997212 21.0
1 1399 47.30623436248096 21.0
1 1400 47.2987063219673 21.0
1 1401 47.291289507361036 21.0
1 1402 47.283984346676874 22.0
1 1403 47.27679126696942 25.0
1 1404 47.26971069433949 22.0
1 1405 47.26274305383658 21.0
1 1406 47.25588876957621 22.0
1 1407 47.249148264516904 22.0
1 1408 47.24252196065997 21.0
1 1409 47.23601027891409 22.0
1 1410 47.22961363904195 22.0
1 1411 47.22333245977516 18.0
1 1412 47.21716715864372 22.0
1 1413 47.21111815205709 22.0
1 1414 47.205185855274614 22.0
1 1415 47.19937068234871 22.0
1 1416 47.193673046072625 22.0
1 1417 47.18809335814769 22.0
1 1418 47.1826320289242 22.0
1 1419 47.17728946751822 22.0
1 1420 47.172066081809746 22.0
1 1421 47.16696227833845 22.0
1 1422 47.16197846235211 22.0
1 1423 47.15711503778906 22.0
1 1424 47.152372407215026 22.0
1 1425 47.14775097184977 22.0
1 1426 47.14325113152118 22.0
1 1427 47.13887328470328 22.0
1 1428 47.13461782841966 22.0
1 1429 47.13048515823589 22.0
1 1430 47.12647566836662 22.0
1 1431 47.12258975148565 22.0
1 1432 47.11882779885042 22.0
1 1433 47.11519020019028 22.0
1 1434 47.11167734375009 21.0
1 1435 47.1082896161993 22.0
1 1436 47.105027402760435 22.0
1 1437 47.10189108709647 22.0
1 1438 47.09888105121315 22.0
1 1439 47.09599767561731 22.0
1 1440 47.09324133920537 22.0
1 1441 47.09061241927228 22.0
1 1442 47.08811129148974 22.0
1 1443 47.08573832986017 22.0
1 1444 47.08349390677728 22.0
1 1445 47.081378393002915 22.0
1 1446 47.079392157528225 22.0
1 1447 47.0775355677281 22.0
1 1448 47.07580898929722 22.0
1 1449 47.07421278614276 22.0
1 1450 47.07274732052565 22.0
1 1451 47.07141295290473 22.0
1 1452 47.07021004203547 22.0
1 1453 47.06913894495289 22.0
1 1454 47.0682000167534 22.0
1 1455 47.06739361098322 22.0
1 1456 47.06672007918747 22.0
1 1457 47.06617977127516 22.0
1 1458 47.06577303525326 22.0
1 1459 47.06550021727959 22.0
1 1460 47.065361661781495 22.0
1 1461 47.06535771122883 22.0
1 1462 47.065488706353015 22.0
1 1463 47.065754985892525 22.0
1 1464 47.06615688684347 22.0
1 1465 47.06669474423864 22.0
1 1466 47.06736889130245 22.0
1 1467 47.0681796592639 22.0
1 1468 47.06912737751318 22.0
1 1469 47.07021237354963 22.0
1 1470 47.07143497287739 22.0
1 1471 47.07279549916017 22.0
1 1472 47.07429427405369 22.0
1 1473 47.075931617388626 22.0
1 1474 47.07770784692261 22.0
1 1475 47.07962327849951 22.0
1 1476 47.08167822607498 22.0
1 1477 47.0838730015874 22.0
1 1478 47.086207914998475 22.0
1 1479 47.0886832743283 22.0
1 1480 47.091299385634095 22.0
1 1481 47.094056552948274 22.0
1 1482 47.09695507836038 22.0
1 1483 47.09999526196203 22.0
1 1484 47.10317740180487 22.0
1 1485 47.10650179403789 22.0
1 1486 47.109968732750836 22.0
1 1487 47.11357851003249 22.0
1 1488 47.117331416075224 22.0
1 1489 47.12122773889746 26.0
1 1490 47.12526776463746 22.0
1 1491 47.12945177737982 22.0
1 1492 47.133780059259635 22.0
1 1493 47.13825289030944 22.0
1 1494 47.14287054866078 22.0
1 1495 47.147633310331244 22.0
1 1496 47.152541449423154 22.0
1 1497 47.157595238043534 22.0
1 1498 47.162794946193024 22.0
1 1499 47.16814084195493 22.0
1 1500 47.17363319134878 22.0
1 1501 47.17927225850804 22.0
1 1502 47.185058305459435 22.0
1 1503 47.190991592276056 22.0
1 1504 47.197072377065965 22.0
1 1505 47.20330091585294 23.0
1 1506 47.2096774628403 22.0
1 1507 47.21620227011149 22.0
1 1508 47.22287558784838 22.0
1 1509 47.229697664266716 22.0
1 1510 47.23666874551745 22.0
1 1511 47.24378907596025 22.0
1 1512 47.25105889787478 23.0
1 1513 47.258478451640435 23.0
1 1514 47.26604797567836 23.0
1 1515 47.27376770650969 23.0
1 1516 47.28163787874261 23.0
1 1517 47.28965872497449 23.0
1 1518 47.29783047601667 23.0
1 1519 47.30615336071577 23.0
1 1520 47.314627606023784 23.0
1 1521 47.32325343698949 23.0
1 1522 47.33203107688335 23.0
1 1523 47.34096074704441 23.0
1 1524 47.350042666974396 19.0
1 1525 47.35927705430066 23.0
1 1526 47.36866412485429 23.0
1 1527 47.37820409269053 23.0
1 1528 47.387897169927726 23.0
1 1529 47.39774356708479 23.0
1 1530 47.40774349274536 23.0
1 1531 47.417897153766624 23.0
1 1532 47.428204755253816 23.0
1 1533 47.438666500572296 23.0
1 1534 47.44928259142603 23.0
1 1535 47.460053227656466 23.0
1 1536 47.470978607565144 22.0
1 1537 47.482058927697395 23.0
1 1538 47.49329438296917 23.0
1 1539 47.50468516656345 22.0
1 1540 47.51623147017483 23.0
1 1541 47.52793348371386 22.0
1 1542 47.539791395688766 22.0
1 1543 47.55180539283943 23.0
1 1544 47.56397566049492 22.0
1 1545 47.57630238230395 22.0
1 1546 47.588785740610774 22.0
1 1547 47.6014259160006 22.0
1 1548 47.614223087718884 22.0
1 1549 47.62717743351513 22.0
1 1550 47.64028912979044 22.0
1 1551 47.653558351333494 22.0
1 1552 47.666985271679735 22.0
1 1553 47.68057006302635 22.0
1 1554 47.69431289606248 22.0
1 1555 47.70821394023306 22.0
1 1556 47.722273363759655 22.0
1 1557 47.73649133342752 22.0
1 1558 47.75086801483629 22.0
1 1559 47.765403572370815 22.0
1 1560 47.78009816920262 22.0
1 1561 47.79495196731944 22.0
1 1562 47.80996512748064 23.0
1 1563 47.82513780937369 22.0
1 1564 47.84047017164703 22.0
1 1565 47.85596237180626 22.0
1 1566 47.87161456619905 22.0
1 1567 47.88742691038509 22.0
1 1568 47.90339955877441 24.0
1 1569 47.9195326649255 22.0
1 1570 47.93582638125539 22.0
1 1571 47.95228085953245 22.0
1 1572 47.96889625040771 22.0
1 1573 47.98567270398025 22.0
1 1574 48.002610369302595 22.0
1 1575 48.01970939470044 22.0
1 1576 48.03696992778669 22.0
1 1577 48.054392115480944 22.0
1 1578 48.07197610396 22.0
1 1579 48.08972203879911 22.0
1 1580 48.1076300649555 23.0
1 1581 48.12570032676245 22.0
1 1582 48.143932968075156 23.0
1 1583 48.162328132183475 23.0
1 1584 48.18088596194878 23.0
1 1585 48.199606599754844 23.0
1 1586 48.218490187612666 22.0
1 1587 48.23753686711938 23.0
1 1588 48.2567467796128 23.0
1 1589 48.2761200661979 23.0
1 1590 48.295656867509244 23.0
1 1591 48.31535732415336 23.0
1 1592 48.3352215765482 23.0
1 1593 48.35524976490811 23.0
1 1594 48.37544202936433 23.0
1 1595 48.39579851012836 23.0
1 1596 48.416319347199405 23.0
1 1597 48.437004680721856 23.0
1 1598 48.45785465086469 23.0
1 1599 48.4788693979535 23.0
1 1600 48.50004906253029 23.0
1 1601 48.52139378511536 23.0
1 1602 48.54290370670616 23.0
1 1603 48.56457896848397 23.0
1 1604 48.586419711919206 23.0
1 1605 48.608426079039944 23.0
1 1606 48.630598211976135 23.0
1 1607 48.6529362536288 23.0
1 1608 48.675440347329015 23.0
1 1609 48.69811063684832 23.0
1 1610 48.72094726662 23.0
1 1611 48.74395038186251 22.0
1 1612 48.767120128379986 22.0
1 1613 48.790456652710255 22.0
1 1614 48.8139601021774 22.0
1 1615 48.83763062503865 22.0
1 1616 48.86146837044129 22.0
1 1617 48.88547348832854 22.0
1 1618 48.90964612987654 22.0
1 1619 48.93398644704224 22.0
1 1620 48.95849459308568 22.0
1 1621 48.983170722421654 22.0
1 1622 49.00801499058607 22.0
1 1623 49.03302755427428 22.0
1 1624 49.05820857165095 23.0
1 1625 49.0835582021758 23.0
1 1626 49.10907660675727 23.0
1 1627 49.13476394768883 23.0
1 1628 49.16062038892124 23.0
1 1629 49.186646095815526 23.0
1 1630 49.212841235512485 23.0
1 1631 49.239205976765916 23.0
1 1632 49.265740490029444 23.0
1 1633 49.29244494773997 23.0
1 1634 49.31931952394968 23.0
1 1635 49.346364394643345 23.0
1 1636 49.37357973810576 23.0
1 1637 49.40096573421332 23.0
1 1638 49.42852256522892 23.0
1 1639 49.45625041541345 23.0
1 1640 49.484149471266626 23.0
1 1641 49.51221992158745 23.0
1 1642 49.54046195747267 23.0
1 1643 49.568875772352854 23.0
1 1644 49.59746156211599 23.0
1 1645 49.62621952532285 23.0
1 1646 49.6551498627598 23.0
1 1647 49.6842527782456 23.0
1 1648 49.71352847791111 23.0
1 1649 49.742977170889866 23.0
1 1650 49.77259906899398 23.0
1 1651 49.80239438693816 23.0
1 1652 49.8323633424412 23.0
1 1653 49.86250615614393 23.0
1 1654 49.89282305179676 23.0
1 1655 49.92331425625902 22.0
1 1656 49.95397999960804 23.0
1 1657 49.98482051511696 22.0
1 1658 50.015836039369525 23.0
1 1659 50.0470268124102 22.0
1 1660 50.07839307777325 23.0
1 1661 50.10993508238136 23.0
1 1662 50.14165307691151 23.0
1 1663 50.17354731545314 23.0
1 1664 50.20561805602786 23.0
1 1665 50.23786556035354 23.0
1 1666 50.27029009389309 23.0
1 1667 50.30289192637679 23.0
1 1668 50.335671331035364 23.0
1 1669 50.36862858566045 23.0
1 1670 50.40176397163783 23.0
1 1671 50.435077775076394 23.0
1 1672 50.46857028588828 23.0
1 1673 50.50224179862629 23.0
1 1674 50.53609261206103 23.0
1 1675 50.57012302957695 23.0
1 1676 50.60433335889257 23.0
1 1677 50.63872391251932 23.0
1 1678 50.67329500769415 23.0
1 1679 50.70804696603045 23.0
1 1680 50.742980114446276 23.0
1 1681 50.778094784349385 23.0
1 1682 50.81339131244832 23.0
1 1683 50.848870040134784 23.0
1 1684 50.88453131410667 23.0
1 1685 50.920375486258806 23.0
1 1686 50.95640291369307 23.0
1 1687 50.99261395860019 22.0
1 1688 51.02900898900624 24.0
1 1689 51.06558837797236 23.0
1 1690 51.10235250442864 23.0
1 1691 51.139301752508345 23.0
1 1692 51.17643651230574 23.0
1 1693 51.21375717984213 23.0
1 1694 51.251264156546924 23.0
1 1695 51.288957849871245 23.0
1 1696 51.32683867331495 23.0
1 1697 51.36490704650316 23.0
1 1698 51.40316339483035 23.0
1 1699 51.441608150276714 23.0
1 1700 51.480241750794924 23.0
1 1701 51.51906464073322 23.0
1 1702 51.558077271015414 23.0
1 1703 51.59728009864339 23.0
1 1704 51.636673587698915 23.0
1 1705 51.67625820843038 23.0
1 1706 51.71603443797208 23.0
1 1707 51.756002760320804 23.0
1 1708 51.79616366607646 23.0
1 1709 51.83651765279793 23.0
1 1710 51.87706522538205 23.0
1 1711 51.91780689533958 23.0
1 1712 51.95874318151672 23.0
1 1713 51.99987460996064 23.0
1 1714 52.041201713828336 23.0
1 1715 52.08272503402356 23.0
1 1716 52.12444511841861 23.0
1 1717 52.16636252260992 23.0
1 1718 52.2084778098889 23.0
1 1719 52.25079155102642 23.0
1 1720 52.29330432433425 23.0
1 1721 52.33601671624608 23.0
1 1722 52.37892932101045 23.0
1 1723 52.422042740547425 23.0
1 1724 52.46535758488058 23.0
1 1725 52.50887447246127 23.0
1 1726 52.55259402934766 23.0
1 1727 52.59651689023215 23.0
1 1728 52.64064369776999 23.0
1 1729 52.68497510328797 23.0
1 1730 52.729511766242354 23.0
1 1731 52.774254354936176 23.0
1 1732 52.81920354581196 23.0
1 1733 52.864360024401726 23.0
1 1734 52.90972448479072 23.0
1 1735 52.95529762957712 23.0
1 1736 53.001080170578604 23.0
1 1737 53.04707282834088 23.0
1 1738 53.09327633237361 23.0
1 1739 53.13969142151096 23.0
1 1740 53.186318843356815 23.0
1 1741 53.2331593550021 23.0
1 1742 53.28021372253753 23.0
1 1743 53.327482721586016 23.0
1 1744 53.37496713700543 23.0
1 1745 53.422667763302506 23.0
1 1746 53.47058540429513 23.0
1 1747 53.51872087369179 23.0
1 1748 53.567074994411186 23.0
1 1749 53.61564859957889 23.0
1 1750 53.664442531851364 23.0
1 1751 53.71345764362064 23.0
1 1752 53.762694797447594 23.0
1 1753 53.81215486567053 23.0
1 1754 53.86183873093905 23.0
1 1755 53.911747285616634 23.0
1 1756 53.96188143243064 23.0
1 1757 54.01224208447308 23.0
1 1758 54.06283016499065 23.0
1 1759 54.11364660737526 24.0
1 1760 54.16469235565815 24.0
1 1761 54.21596836432163 23.0
1 1762 54.26747559836551 23.0
1 1763 54.319215033205026 23.0
1 1764 54.371187654982116 23.0
1 1765 54.423394460593705 23.0
1 1766 54.47583645755635 23.0
1 1767 54.52851466431599 23.0
1 1768 54.581430109974136 23.0
1 1769 54.63458383490225 23.0
1 1770 54.68797688988581 23.0
1 1771 54.741610337188966 23.0
1 1772 54.795485249902725 23.0
1 1773 54.8496027123282 23.0
1 1774 54.90396381987333 23.0
1 1775 54.95856967894028 23.0
1 1776 55.013421407824886 23.0
1 1777 55.06852013526146 23.0
1 1778 55.12386700203483 24.0
1 1779 55.17946315978884 23.0
1 1780 55.23530977217496 23.0
1 1781 55.29140801378614 23.0
1 1782 55.34775907102396 23.0
1 1783 55.4043641417429 23.0
1 1784 55.46122443541791 23.0
1 1785 55.51834117336915 23.0
1 1786 55.57571558809337 23.0
1 1787 55.63334892437957 23.0
1 1788 55.691242438462965 23.0
1 1789 55.74939739830797 23.0
1 1790 55.807815083898326 23.0
1 1791 55.86649678700655 23.0
1 1792 55.925443811094674 23.0
1 1793 55.98465747189096 23.0
1 1794 56.04413909682635 23.0
1 1795 56.10389002531335 24.0
1 1796 56.163911608918205 24.0
1 1797 56.224205211061296 23.0
1 1798 56.28477220743012 23.0
1 1799 56.345613985432216 23.0
1 1800 56.40673194496144 23.0
1 1801 56.468127497874384 23.0
1 1802 56.52980206809765 23.0
1 1803 56.591757091914076 21.0
1 1804 56.65399401742499 23.0
1 1805 56.71651430535065 23.0
1 1806 56.779319428349005 23.0
1 1807 56.84241087115924 23.0
1 1808 56.90579013130831 22.0
1 1809 56.969458718014515 23.0
1 1810 57.03341815271754 23.0
1 1811 57.09766996987832 24.0
1 1812 57.16221571511795 24.0
1 1813 57.227056947045746 23.0
1 1814 57.2921952364198 23.0
1 1815 57.35763216626214 23.0
1 1816 57.423369331606835 23.0
1 1817 57.48940834018323 23.0
1 1818 57.55575081149993 23.0
1 1819 57.62239837761598 23.0
1 1820 57.68935268290022 23.0
1 1821 57.75661538390772 23.0
1 1822 57.82418814890833 24.0
1 1823 57.89207265913291 23.0
1 1824 57.96027060767687 23.0
1 1825 58.02878369999475 23.0
1 1826 58.097613653110734 24.0
1 1827 58.16676219695235 24.0
1 1828 58.23623107320253 23.0
1 1829 58.30602203540811 23.0
1 1830 58.376136849798534 23.0
1 1831 58.446577294165266 23.0
1 1832 58.51734515836038 23.0
1 1833 58.58844224417965 23.0
1 1834 58.65987036585201 23.0
1 1835 58.73163134860838 23.0
1 1836 58.80372703049835 23.0
1 1837 58.87615926086743 23.0
1 1838 58.94892990090003 23.0
1 1839 59.02204082339012 24.0
1 1840 59.095493913185486 18.0
1 1841 59.16929106677448 24.0
1 1842 59.243434191714066 24.0
1 1843 59.317925207721096 23.0
1 1844 59.3927660455051 23.0
1 1845 59.467958647511416 23.0
1 1846 59.5435049675266 23.0
1 1847 59.61940697032742 23.0
1 1848 59.695666632515874 23.0
1 1849 59.772285940974086 23.0
1 1850 59.849266894620854 23.0
1 1851 59.92661150296813 23.0
1 1852 60.00432178614116 24.0
1 1853 60.08239977568815 24.0
1 1854 60.16084751366768 24.0
1 1855 60.23966705296133 23.0
1 1856 60.3188604569077 23.0
1 1857 60.398429799432776 23.0
1 1858 60.478377164858195 23.0
1 1859 60.55870464803851 23.0
1 1860 60.639414353740605 23.0
1 1861 60.72050839702884 23.0
1 1862 60.80198890333321 23.0
1 1863 60.883858007423015 23.0
1 1864 60.96611785405265 24.0
1 1865 61.04877059815851 24.0
1 1866 61.13181840369377 24.0
1 1867 61.215263444173786 24.0
1 1868 61.299107902804664 23.0
1 1869 61.38335397179348 23.0
1 1870 61.468003852082965 23.0
1 1871 61.55305975442617 23.0
1 1872 61.638523897514425 23.0
1 1873 61.7243985097373 23.0
1 1874 61.810685826889376 23.0
1 1875 61.897388094016605 23.0
1 1876 61.98450756399032 24.0
1 1877 62.072046498271206 24.0
1 1878 62.16000716566104 24.0
1 1879 62.24839184332703 23.0
1 1880 62.33720281581551 23.0
1 1881 62.42644237504733 23.0
1 1882 62.51611282039464 23.0
1 1883 62.60621645851097 23.0
1 1884 62.696755602569965 23.0
1 1885 62.78773257335317 23.0
1 1886 62.879149696972256 24.0
1 1887 62.97100930725547 24.0
1 1888 63.06331374355324 23.0
1 1889 63.15606535137793 24.0
1 1890 63.249266481951324 23.0
1 1891 63.342919492323276 23.0
1 1892 63.43702674498507 23.0
1 1893 63.53159060765693 23.0
1 1894 63.62661345271987 23.0
1 1895 63.72209765772888 23.0
1 1896 63.818045604838616 24.0
1 1897 63.91445968005645 24.0
1 1898 64.0113422739777 24.0
1 1899 64.10869578071116 24.0
1 1900 64.20652259842358 23.0
1 1901 64.30482512860405 23.0
1 1902 64.40360577520016 23.0
1 1903 64.50286694594696 23.0
1 1904 64.60261105096505 23.0
1 1905 64.70284050220648 23.0
1 1906 64.80355771431917 23.0
1 1907 64.90476510389769 24.0
1 1908 65.00646508866392 24.0
1 1909 65.1086600875476 24.0
1 1910 65.2113525210867 23.0
1 1911 65.31454481000492 23.0
1 1912 65.41823937557325 23.0
1 1913 65.52243863965103 23.0
1 1914 65.62714502296527 23.0
1 1915 65.73236094695494 23.0
1 1916 65.83808883082011 24.0
1 1917 65.94433109420223 24.0
1 1918 66.05109015422528 24.0
1 1919 66.15836842621829 24.0
1 1920 66.26616832448863 23.0
1 1921 66.37449225955169 23.0
1 1922 66.48334264013738 23.0
1 1923 66.5927218713366 23.0
1 1924 66.70263235520267 23.0
1 1925 66.81307648915444 24.0
1 1926 66.92405666764438 24.0
1 1927 67.03557527909066 24.0
1 1928 67.14763470779327 24.0
1 1929 67.26023733314949 23.0
1 1930 67.37338552791411 23.0
1 1931 67.4870816592555 23.0
1 1932 67.60132808762746 23.0
1 1933 67.71612716658967 23.0
1 1934 67.83148124269485 24.0
1 1935 67.94739265448186 24.0
1 1936 68.06386373213482 24.0
1 1937 68.18089679781798 23.0
1 1938 68.29849416405646 23.0
1 1939 68.41665813417151 18.0
1 1940 68.53539100200517 23.0
1 1941 68.65469505027829 23.0
1 1942 68.77457255167874 24.0
1 1943 68.89502576682412 24.0
1 1944 69.01605694516303 24.0
1 1945 69.13766832375697 24.0
1 1946 69.25986212710131 23.0
1 1947 69.38264056593583 23.0
1 1948 69.50600583818368 23.0
1 1949 69.62996012680662 23.0
1 1950 69.75450560052178 24.0
1 1951 69.87964441232414 24.0
1 1952 70.00537870056239 24.0
1 1953 70.13171058598908 24.0
1 1954 70.25864217324376 23.0
1 1955 70.38617554968994 23.0
1 1956 70.51431278409275 23.0
1 1957 70.64305592799457 23.0
1 1958 70.77240701241757 24.0
1 1959 70.90236804998878 24.0
1 1960 71.03294103273278 24.0
1 1961 71.16412793210664 23.0
1 1962 71.29593069740083 23.0
1 1963 71.42835125716041 23.0
1 1964 71.56139151643808 23.0
1 1965 71.69505335720785 24.0
1 1966 71.82933863857522 24.0
1 1967 71.96424919381245 24.0
1 1968 72.09978683248775 24.0
1 1969 72.23595333730654 23.0
1 1970 72.37275046502289 23.0
1 1971 72.5101799455419 23.0
1 1972 72.64824348106355 23.0
1 1973 72.7869427452904 24.0
1 1974 72.92627938250845 24.0
1 1975 73.06625500776195 24.0
1 1976 73.20687120578411 23.0
1 1977 73.34812952912236 23.0
1 1978 73.49003149936357 23.0
1 1979 73.63257860554069 23.0
1 1980 73.77577230238099 24.0
1 1981 73.91961401158636 24.0
1 1982 74.0641051193585 24.0
1 1983 74.20924697661324 23.0
1 1984 74.35504089769823 23.0
1 1985 74.50148815931863 23.0
1 1986 74.64859000142701 24.0
1 1987 74.79634762418337 24.0
1 1988 74.94476218854055 20.0
1 1989 75.09383481519124 20.0
1 1990 75.24356658363757 19.0
1 1991 75.39395853097986 23.0
1 1992 75.54501165183386 23.0
1 1993 75.69672689700603 24.0
1 1994 75.84910517246193 24.0
1 1995 76.00214733937666 24.0
1 1996 76.15585421200228 24.0
1 1997 76.31022655711993 23.0
1 1998 76.46526509453459 23.0
1 1999 76.62097049395089 23.0
1 2000 76.77734337522837 24.0
1 2001 76.9343843078341 24.0
1 2002 77.09209380916647 24.0
1 2003 77.25047234413506 23.0
1 2004 77.40952032333115 23.0
1 2005 77.56923810321074 23.0
1 2006 77.7296259839983 24.0
1 2007 77.89068421038371 24.0
1 2008 78.05241296788707 24.0
1 2009 78.21481238494518 23.0
1 2010 78.37788252812736 23.0
1 2011 78.54162340611435 23.0
1 2012 78.70603496337816 24.0
1 2013 78.87111708330579 24.0
1 2014 79.03686958421649 24.0
1 2015 79.20329221974599 24.0
1 2016 79.37038467840549 23.0
1 2017 79.53814658022722 23.0
1 2018 79.70657747775006 24.0
1 2019 79.87567685427318 24.0
1 2020 80.0454441220921 24.0
1 2021 80.21587862244775 24.0
1 2022 80.38697962347965 23.0
1 2023 80.55874631913979 24.0
1 2024 80.7311778288938 24.0
1 2025 80.90427319570668 24.0
1 2026 81.07803138358209 24.0
1 2027 81.25245128078177 24.0
1 2028 81.42753169310595 23.0
1 2029 81.60327134620137 24.0
1 2030 81.77966888270323 24.0
1 2031 81.9567228627475 23.0
1 2032 82.1344317600221 24.0
1 2033 82.31279396284916 24.0
1 2034 82.49180777189306 23.0
1 2035 82.6714713990283 24.0
1 2036 82.85178296563434 24.0
1 2037 83.0327405017612 24.0
1 2038 83.21434194491846 24.0
1 2039 83.39658513752775 23.0
1 2040 83.57946782749798 24.0
1 2041 83.76298766531575 24.0
1 2042 83.94714220295899 24.0
1 2043 84.13192889288341 26.0
1 2044 84.31734508525984 nan
1 2045 84.50338802953543 nan
1 2046 84.69005486953581 nan
1 2047 84.8773426444798 nan
