wavelength
9.565588401013865871e-01
9.562225566709109392e-01
9.558863622874284038e-01
9.555502569509388699e-01
9.552142406614423376e-01
9.548783134189389177e-01
9.545424752234284993e-01
9.542067260749110824e-01
9.538710659733866670e-01
9.535354949188553642e-01
9.532000129113170628e-01
9.528646199507717629e-01
9.525293160372195755e-01
9.521941011706602787e-01
9.518589753510940943e-01
9.515239385785210224e-01
9.511889908529408411e-01
9.508541321743537722e-01
9.505193625427597048e-01
9.501846819581587500e-01
9.498500904205507966e-01
9.495155879299358448e-01
9.491811744863138944e-01
9.488468500896849456e-01
9.485126147400491092e-01
9.481784684374062744e-01
9.478444111817565521e-01
9.475104429730997202e-01
9.471765638114360009e-01
9.468427736967652830e-01
9.465090726290876777e-01
9.461754606084030739e-01
9.458419376347114715e-01
9.455085037080128707e-01
9.451751588283073824e-01
9.448419029955947845e-01
9.445087362098754102e-01
9.441756584711489264e-01
9.438426697794155551e-01
9.435097701346751853e-01
9.431769595369278170e-01
9.428442379861734501e-01
9.425116054824121958e-01
9.421790620256439430e-01
9.418466076158688027e-01
9.415142422530865529e-01
9.411819659372974156e-01
9.408497786685012798e-01
9.405176804466982565e-01
9.401856712718882347e-01
9.398537511440712144e-01
9.395219200632471956e-01
9.391901780294161783e-01
9.388585250425782736e-01
9.385269611027333703e-01
9.381954862098815795e-01
9.378641003640226792e-01
9.375328035651568914e-01
9.372015958132842162e-01
9.368704771084044314e-01
9.365394474505177591e-01
9.362085068396240883e-01
9.358776552757234191e-01
9.355468927588158623e-01
9.352162192889013070e-01
9.348856348659797533e-01
9.345551394900513120e-01
9.342247331611157612e-01
9.338944158791733230e-01
9.335641876442238862e-01
9.332340484562675620e-01
9.329039983153042392e-01
9.325740372213339180e-01
9.322441651743565982e-01
9.319143821743723910e-01
9.315846882213811853e-01
9.312550833153829810e-01
9.309255674563778893e-01
9.305961406443656880e-01
9.302668028793465993e-01
9.299375541613206231e-01
9.296083944902875373e-01
9.292793238662475641e-01
9.289503422892005924e-01
9.286214497591467332e-01
9.282926462760858755e-01
9.279639318400180192e-01
9.276353064509431645e-01
9.273067701088613113e-01
9.269783228137725706e-01
9.266499645656768314e-01
9.263216953645742047e-01
9.259935152104644684e-01
9.256654241033478447e-01
9.253374220432242225e-01
9.250095090300937128e-01
9.246816850639562047e-01
9.243539501448116980e-01
9.240263042726601928e-01
9.236987474475018001e-01
9.233712796693362979e-01
9.230439009381640192e-01
9.227166112539846310e-01
9.223894106167983553e-01
9.220622990266050811e-01
9.217352764834048084e-01
9.214083429871975373e-01
9.210814985379833786e-01
9.207547431357622214e-01
9.204280767805341767e-01
9.201014994722990226e-01
9.197750112110569809e-01
9.194486119968079407e-01
9.191223018295520131e-01
9.187960807092889759e-01
9.184699486360190512e-01
9.181439056097422391e-01
9.178179516304583174e-01
9.174920866981675083e-01
9.171663108128697006e-01
9.168406239745650055e-01
9.165150261832532008e-01
9.161895174389345087e-01
9.158640977416089290e-01
9.155387670912762399e-01
9.152135254879366633e-01
9.148883729315900881e-01
9.145633094222365145e-01
9.142383349598760534e-01
9.139134495445085937e-01
9.135886531761341356e-01
9.132639458547526790e-01
9.129393275803643348e-01
9.126147983529689922e-01
9.122903581725666511e-01
9.119660070391574225e-01
9.116417449527411954e-01
9.113175719133179697e-01
9.109934879208877456e-01
9.106694929754506340e-01
9.103455870770065239e-01
9.100217702255554153e-01
9.096980424210974192e-01
9.093744036636323136e-01
9.090508539531603205e-01
9.087273932896814399e-01
9.084040216731954498e-01
9.080807391037025722e-01
9.077575455812026961e-01
9.074344411056959325e-01
9.071114256771820594e-01
9.067884992956612988e-01
9.064656619611336508e-01
9.061429136735988932e-01
9.058202544330572481e-01
9.054976842395086045e-01
9.051752030929529624e-01
9.048528109933904329e-01
9.045305079408209048e-01
9.042082939352443782e-01
9.038861689766609642e-01
9.035641330650704406e-01
9.032421862004730295e-01
9.029203283828687310e-01
9.025985596122573229e-01
9.022768798886390273e-01
9.019552892120137333e-01
9.016337875823815518e-01
9.013123749997422607e-01
9.009910514640960821e-01
9.006698169754430161e-01
9.003486715337828405e-01
9.000276151391157775e-01
8.997066477914417160e-01
8.993857694907606559e-01
8.990649802370727084e-01
8.987442800303777624e-01
8.984236688706758178e-01
8.981031467579669858e-01
8.977827136922510443e-01
8.974623696735282152e-01
8.971421147017984987e-01
8.968219487770616727e-01
8.965018718993179592e-01
8.961818840685672471e-01
8.958619852848096476e-01
8.955421755480449386e-01
8.952224548582733421e-01
8.949028232154947471e-01
8.945832806197092646e-01
8.942638270709167836e-01
8.939444625691173041e-01
8.936251871143108261e-01
8.933060007064974606e-01
8.929869033456770966e-01
8.926678950318497341e-01
8.923489757650153731e-01
8.920301455451741246e-01
8.917114043723258776e-01
8.913927522464706321e-01
8.910741891676084991e-01
8.907557151357392566e-01
8.904373301508632377e-01
8.901190342129801092e-01
8.898008273220900932e-01
8.894827094781930787e-01
8.891646806812890658e-01
8.888467409313780543e-01
8.885288902284601553e-01
8.882111285725352579e-01
8.878934559636033619e-01
8.875758724016645784e-01
8.872583778867187965e-01
8.869409724187660160e-01
8.866236559978062370e-01
8.863064286238395706e-01
8.859892902968659056e-01
8.856722410168852422e-01
8.853552807838976912e-01
8.850384095979031418e-01
8.847216274589015939e-01
8.844049343668930474e-01
8.840883303218776135e-01
8.837718153238551810e-01
8.834553893728257501e-01
8.831390524687893206e-01
8.828228046117460037e-01
8.825066458016956883e-01
8.821905760386383744e-01
8.818745953225741729e-01
8.815587036535029730e-01
8.812429010314247746e-01
8.809271874563395777e-01
8.806115629282474933e-01
8.802960274471484103e-01
8.799805810130423289e-01
8.796652236259293600e-01
8.793499552858093926e-01
8.790347759926824267e-01
8.787196857465484623e-01
8.784046845474076104e-01
8.780897723952597600e-01
8.777749492901049111e-01
8.774602152319430637e-01
8.771455702207743288e-01
8.768310142565985954e-01
8.765165473394158635e-01
8.762021694692262441e-01
8.758878806460296262e-01
8.755736808698260099e-01
8.752595701406153950e-01
8.749455484583978926e-01
8.746316158231733917e-01
8.743177722349418923e-01
8.740040176937033944e-01
8.736903521994580091e-01
8.733767757522056252e-01
8.730632883519463538e-01
8.727498899986799730e-01
8.724365806924067046e-01
8.721233604331264377e-01
8.718102292208392834e-01
8.714971870555450195e-01
8.711842339372439792e-01
8.708713698659358293e-01
8.705585948416206810e-01
8.702459088642986451e-01
8.699333119339696108e-01
8.696208040506336889e-01
8.693083852142906576e-01
8.689960554249407387e-01
8.686838146825838214e-01
8.683716629872200166e-01
8.680596003388492132e-01
8.677476267374714114e-01
8.674357421830866111e-01
8.671239466756949232e-01
8.668122402152962369e-01
8.665006228018905521e-01
8.661890944354778687e-01
8.658776551160582979e-01
8.655663048436317286e-01
8.652550436181981608e-01
8.649438714397577055e-01
8.646327883083101407e-01
8.643217942238556883e-01
8.640108891863943485e-01
8.637000731959258992e-01
8.633893462524505624e-01
8.630787083559683381e-01
8.627681595064790043e-01
8.624576997039827830e-01
8.621473289484795632e-01
8.618370472399693449e-01
8.615268545784522392e-01
8.612167509639281349e-01
8.609067363963970321e-01
8.605968108758589308e-01
8.602869744023139420e-01
8.599772269757619547e-01
8.596675685962029689e-01
8.593579992636369846e-01
8.590485189780641129e-01
8.587391277394842426e-01
8.584298255478974848e-01
8.581206124033036176e-01
8.578114883057028628e-01
8.575024532550952205e-01
8.571935072514804688e-01
8.568846502948588295e-01
8.565758823852300807e-01
8.562672035225945555e-01
8.559586137069519207e-01
8.556501129383023985e-01
8.553417012166458777e-01
8.550333785419824695e-01
8.547251449143120627e-01
8.544170003336345465e-01
8.541089447999502537e-01
8.538009783132588515e-01
8.534931008735605618e-01
8.531853124808552735e-01
8.528776131351429868e-01
8.525700028364238126e-01
8.522624815846976398e-01
8.519550493799644686e-01
8.516477062222242989e-01
8.513404521114772416e-01
8.510332870477231859e-01
8.507262110309621317e-01
8.504192240611941900e-01
8.501123261384192498e-01
8.498055172626373110e-01
8.494987974338483738e-01
8.491921666520525491e-01
8.488856249172497259e-01
8.485791722294399042e-01
8.482728085886230840e-01
8.479665339947993763e-01
8.476603484479686701e-01
8.473542519481309654e-01
8.470482444952863732e-01
8.467423260894347825e-01
8.464364967305761933e-01
8.461307564187107166e-01
8.458251051538381304e-01
8.455195429359586567e-01
8.452140697650722956e-01
8.449086856411788249e-01
8.446033905642784667e-01
8.442981845343711100e-01
8.439930675514567548e-01
8.436880396155355122e-01
8.433831007266072710e-01
8.430782508846720313e-01
8.427734900897299042e-01
8.424688183417806675e-01
8.421642356408245433e-01
8.418597419868614207e-01
8.415553373798914105e-01
8.412510218199144019e-01
8.409467953069303947e-01
8.406426578409393890e-01
8.403386094219414959e-01
8.400346500499366043e-01
8.397307797249247141e-01
8.394269984469059365e-01
8.391233062158801603e-01
8.388197030318473857e-01
8.385161888948076125e-01
8.382127638047609519e-01
8.379094277617072928e-01
8.376061807656466351e-01
8.373030228165789790e-01
8.369999539145044354e-01
8.366969740594228933e-01
8.363940832513343526e-01
8.360912814902389245e-01
8.357885687761364979e-01
8.354859451090270728e-01
8.351834104889106491e-01
8.348809649157873380e-01
8.345786083896570284e-01
8.342763409105197203e-01
8.339741624783754137e-01
8.336720730932242196e-01
8.333700727550660270e-01
8.330681614639009469e-01
8.327663392197287573e-01
8.324646060225496802e-01
8.321629618723636046e-01
8.318614067691706415e-01
8.315599407129706799e-01
8.312585637037637198e-01
8.309572757415497612e-01
8.306560768263288042e-01
8.303549669581009596e-01
8.300539461368661165e-01
8.297530143626243859e-01
8.294521716353755458e-01
8.291514179551198183e-01
8.288507533218570922e-01
8.285501777355874786e-01
8.282496911963108666e-01
8.279492937040272560e-01
8.276489852587366469e-01
8.273487658604390393e-01
8.270486355091346553e-01
8.267485942048231617e-01
8.264486419475046697e-01
8.261487787371792901e-01
8.258490045738469121e-01
8.255493194575075355e-01
8.252497233881612715e-01
8.249502163658078979e-01
8.246507983904476369e-01
8.243514694620804883e-01
8.240522295807062303e-01
8.237530787463250848e-01
8.234540169589370517e-01
8.231550442185419092e-01
8.228561605251398792e-01
8.225573658787308506e-01
8.222586602793148236e-01
8.219600437268919091e-01
8.216615162214618850e-01
8.213630777630249735e-01
8.210647283515811745e-01
8.207664679871302660e-01
8.204682966696725810e-01
8.201702143992077865e-01
8.198722211757359934e-01
8.195743169992573129e-01
8.192765018697716339e-01
8.189787757872790674e-01
8.186811387517793914e-01
8.183835907632728279e-01
8.180861318217592659e-01
8.177887619272388164e-01
8.174914810797112574e-01
8.171942892791768109e-01
8.168971865256354770e-01
8.166001728190870335e-01
8.163032481595317025e-01
8.160064125469693730e-01
8.157096659814000450e-01
8.154130084628238295e-01
8.151164399912406155e-01
8.148199605666504031e-01
8.145235701890533031e-01
8.142272688584492046e-01
8.139310565748381077e-01
8.136349333382200122e-01
8.133388991485950292e-01
8.130429540059629367e-01
8.127470979103240678e-01
8.124513308616780893e-01
8.121556528600252234e-01
8.118600639053653589e-01
8.115645639976984960e-01
8.112691531370246345e-01
8.109738313233438856e-01
8.106785985566562491e-01
8.103834548369615032e-01
8.100884001642598697e-01
8.097934345385511268e-01
8.094985579598354963e-01
8.092037704281129784e-01
8.089090719433834620e-01
8.086144625056469470e-01
8.083199421149034336e-01
8.080255107711530327e-01
8.077311684743956333e-01
8.074369152246312353e-01
8.071427510218598389e-01
8.068486758660815550e-01
8.065546897572962726e-01
8.062607926955039916e-01
8.059669846807048232e-01
8.056732657128986563e-01
8.053796357920854909e-01
8.050860949182653270e-01
8.047926430914382756e-01
8.044992803116042257e-01
8.042060065787630663e-01
8.039128218929151304e-01
8.036197262540601960e-01
8.033267196621982631e-01
8.030338021173293317e-01
8.027409736194535128e-01
8.024482341685706954e-01
8.021555837646808795e-01
8.018630224077840651e-01
8.015705500978803633e-01
8.012781668349696629e-01
8.009858726190519640e-01
8.006936674501272666e-01
8.004015513281956817e-01
8.001095242532572094e-01
7.998175862253116275e-01
7.995257372443590471e-01
7.992339773103995793e-01
7.989423064234331129e-01
7.986507245834597590e-01
7.983592317904792957e-01
7.980678280444920558e-01
7.977765133454977065e-01
7.974852876934963586e-01
7.971941510884881232e-01
7.969031035304730004e-01
7.966121450194507680e-01
7.963212755554216482e-01
7.960304951383854188e-01
7.957398037683423020e-01
7.954492014452922977e-01
7.951586881692352948e-01
7.948682639401712935e-01
7.945779287581002936e-01
7.942876826230224063e-01
7.939975255349375205e-01
7.937074574938456362e-01
7.934174784997467533e-01
7.931275885526409830e-01
7.928377876525282142e-01
7.925480757994084469e-01
7.922584529932817921e-01
7.919689192341481387e-01
7.916794745220074869e-01
7.913901188568598366e-01
7.911008522387052988e-01
7.908116746675437625e-01
7.905225861433752277e-01
7.902335866661996944e-01
7.899446762360172736e-01
7.896558548528278543e-01
7.893671225166314365e-01
7.890784792274281312e-01
7.887899249852178274e-01
7.885014597900005251e-01
7.882130836417762243e-01
7.879247965405450360e-01
7.876365984863068492e-01
7.873484894790616639e-01
7.870604695188095912e-01
7.867725386055505199e-01
7.864846967392844501e-01
7.861969439200113818e-01
7.859092801477314261e-01
7.856217054224444718e-01
7.853342197441505190e-01
7.850468231128495677e-01
7.847595155285417290e-01
7.844722969912268917e-01
7.841851675009050560e-01
7.838981270575763327e-01
7.836111756612406110e-01
7.833243133118978907e-01
7.830375400095481719e-01
7.827508557541915657e-01
7.824642605458279609e-01
7.821777543844573577e-01
7.818913372700798670e-01
7.816050092026952667e-01
7.813187701823038900e-01
7.810326202089054037e-01
7.807465592825000300e-01
7.804605874030875468e-01
7.801747045706681760e-01
7.798889107852419178e-01
7.796032060468085501e-01
7.793175903553684059e-01
7.790320637109211521e-01
7.787466261134670109e-01
7.784612775630057602e-01
7.781760180595376220e-01
7.778908476030625962e-01
7.776057661935804610e-01
7.773207738310914383e-01
7.770358705155955281e-01
7.767510562470925084e-01
7.764663310255826012e-01
7.761816948510656955e-01
7.758971477235417913e-01
7.756126896430109996e-01
7.753283206094732094e-01
7.750440406229284207e-01
7.747598496833766335e-01
7.744757477908179588e-01
7.741917349452522856e-01
7.739078111466796139e-01
7.736239763951000548e-01
7.733402306905134971e-01
7.730565740329199409e-01
7.727730064223193862e-01
7.724895278587119440e-01
7.722061383420975034e-01
7.719228378724760642e-01
7.716396264498476265e-01
7.713565040742123013e-01
7.710734707455699777e-01
7.707905264639207665e-01
7.705076712292644459e-01
7.702249050416012377e-01
7.699422279009310310e-01
7.696596398072539369e-01
7.693771407605697332e-01
7.690947307608786421e-01
7.688124098081805524e-01
7.685301779024755753e-01
7.682480350437635996e-01
7.679659812320446255e-01
7.676840164673186528e-01
7.674021407495856817e-01
7.671203540788459341e-01
7.668386564550990769e-01
7.665570478783452213e-01
7.662755283485844782e-01
7.659940978658167365e-01
7.657127564300421074e-01
7.654315040412603688e-01
7.651503406994717427e-01
7.648692664046761180e-01
7.645882811568734949e-01
7.643073849560639843e-01
7.640265778022474752e-01
7.637458596954239676e-01
7.634652306355935725e-01
7.631846906227560678e-01
7.629042396569116757e-01
7.626238777380603961e-01
7.623436048662020070e-01
7.620634210413368415e-01
7.617833262634645664e-01
7.615033205325852927e-01
7.612234038486991317e-01
7.609435762118059721e-01
7.606638376219058140e-01
7.603841880789987684e-01
7.601046275830846133e-01
7.598251561341635707e-01
7.595457737322355296e-01
7.592664803773006010e-01
7.589872760693587850e-01
7.587081608084098594e-01
7.584291345944539353e-01
7.581501974274911237e-01
7.578713493075213137e-01
7.575925902345445051e-01
7.573139202085608090e-01
7.570353392295701145e-01
7.567568472975724214e-01
7.564784444125677298e-01
7.562001305745561508e-01
7.559219057835375732e-01
7.556437700395119972e-01
7.553657233424795336e-01
7.550877656924399606e-01
7.548098970893936110e-01
7.545321175333401520e-01
7.542544270242798055e-01
7.539768255622123494e-01
7.536993131471381169e-01
7.534218897790567748e-01
7.531445554579685453e-01
7.528673101838733173e-01
7.525901539567710907e-01
7.523130867766619767e-01
7.520361086435458642e-01
7.517592195574227532e-01
7.514824195182926436e-01
7.512057085261556466e-01
7.509290865810116511e-01
7.506525536828606571e-01
7.503761098317027756e-01
7.500997550275378956e-01
7.498234892703659060e-01
7.495473125601871400e-01
7.492712248970012645e-01
7.489952262808086125e-01
7.487193167116088510e-01
7.484434961894020910e-01
7.481677647141884435e-01
7.478921222859677975e-01
7.476165689047401530e-01
7.473411045705056210e-01
7.470657292832640906e-01
7.467904430430154505e-01
7.465152458497600341e-01
7.462401377034976191e-01
7.459651186042282056e-01
7.456901885519517936e-01
7.454153475466684942e-01
7.451405955883780852e-01
7.448659326770807887e-01
7.445913588127766047e-01
7.443168739954653113e-01
7.440424782251471303e-01
7.437681715018219508e-01
7.434939538254898839e-01
7.432198251961507074e-01
7.429457856138046434e-01
7.426718350784515810e-01
7.423979735900916310e-01
7.421242011487246826e-01
7.418505177543507356e-01
7.415769234069697902e-01
7.413034181065819572e-01
7.410300018531871258e-01
7.407566746467852958e-01
7.404834364873765784e-01
7.402102873749607514e-01
7.399372273095381480e-01
7.396642562911084351e-01
7.393913743196718347e-01
7.391185813952281247e-01
7.388458775177776383e-01
7.385732626873200424e-01
7.383007369038555590e-01
7.380283001673839660e-01
7.377559524779055966e-01
7.374836938354202287e-01
7.372115242399277513e-01
7.369394436914284974e-01
7.366674521899221340e-01
7.363955497354088831e-01
7.361237363278885226e-01
7.358520119673612747e-01
7.355803766538271393e-01
7.353088303872860054e-01
7.350373731677378730e-01
7.347660049951827421e-01
7.344947258696207237e-01
7.342235357910515958e-01
7.339524347594756915e-01
7.336814227748926776e-01
7.334104998373027762e-01
7.331396659467058763e-01
7.328689211031019779e-01
7.325982653064910810e-01
7.323276985568732966e-01
7.320572208542485138e-01
7.317868321986168434e-01
7.315165325899781745e-01
7.312463220283323961e-01
7.309762005136797303e-01
7.307061680460201769e-01
7.304362246253536251e-01
7.301663702516800747e-01
7.298966049249995258e-01
7.296269286453120895e-01
7.293573414126175436e-01
7.290878432269161102e-01
7.288184340882077894e-01
7.285491139964923590e-01
7.282798829517700412e-01
7.280107409540408359e-01
7.277416880033045210e-01
7.274727240995613187e-01
7.272038492428111178e-01
7.269350634330540295e-01
7.266663666702898317e-01
7.263977589545187463e-01
7.261292402857406625e-01
7.258608106639556912e-01
7.255924700891636103e-01
7.253242185613646420e-01
7.250560560805586752e-01
7.247879826467458209e-01
7.245199982599259680e-01
7.242521029200991167e-01
7.239842966272653779e-01
7.237165793814245296e-01
7.234489511825767938e-01
7.231814120307220595e-01
7.229139619258604377e-01
7.226466008679917064e-01
7.223793288571160875e-01
7.221121458932335813e-01
7.218450519763439654e-01
7.215780471064474622e-01
7.213111312835439604e-01
7.210443045076335711e-01
7.207775667787161833e-01
7.205109180967916860e-01
7.202443584618603012e-01
7.199778878739220289e-01
7.197115063329767581e-01
7.194452138390244889e-01
7.191790103920652211e-01
7.189128959920990658e-01
7.186468706391259120e-01
7.183809343331457598e-01
7.181150870741586090e-01
7.178493288621645707e-01
7.175836596971636450e-01
7.173180795791556097e-01
7.170525885081406869e-01
7.167871864841186547e-01
7.165218735070897349e-01
7.162566495770539277e-01
