wavelength
9.540930248655362655e-01
9.537822209239392723e-01
9.534714169823422791e-01
9.531606130407452859e-01
9.528498090991482927e-01
9.525390051575512995e-01
9.522282012159543063e-01
9.519173972743573131e-01
9.516065933327603199e-01
9.512957893911633267e-01
9.509849854495663335e-01
9.506741815079692293e-01
9.503633775663722361e-01
9.500525736247752429e-01
9.497417696831782497e-01
9.494309657415812564e-01
9.491201617999842632e-01
9.488093578583872700e-01
9.484985539167902768e-01
9.481877499751932836e-01
9.478769460335962904e-01
9.475661420919992972e-01
9.472553381504023040e-01
9.469445342088053108e-01
9.466337302672083176e-01
9.463229263256113244e-01
9.460121223840143312e-01
9.457013184424173380e-01
9.453905145008203448e-01
9.450797105592233516e-01
9.447689066176263584e-01
9.444581026760293652e-01
9.441472987344322609e-01
9.438364947928352677e-01
9.435256908512382745e-01
9.432148869096412813e-01
9.429040829680442881e-01
9.425932790264472949e-01
9.422824750848503017e-01
9.419716711432533085e-01
9.416608672016563153e-01
9.413500632600593221e-01
9.410392593184623289e-01
9.407284553768653357e-01
9.404176514352683425e-01
9.401068474936713493e-01
9.397960435520743561e-01
9.394852396104773629e-01
9.391744356688803697e-01
9.388636317272833764e-01
9.385528277856863832e-01
9.382420238440893900e-01
9.379312199024923968e-01
9.376204159608954036e-01
9.373096120192982994e-01
9.369988080777013062e-01
9.366880041361043130e-01
9.363772001945073198e-01
9.360663962529103266e-01
9.357555923113133334e-01
9.354447883697163402e-01
9.351339844281193470e-01
9.348231804865223538e-01
9.345123765449253606e-01
9.342015726033283674e-01
9.338907686617313741e-01
9.335799647201343809e-01
9.332691607785373877e-01
9.329583568369403945e-01
9.326475528953434013e-01
9.323367489537464081e-01
9.320259450121494149e-01
9.317151410705524217e-01
9.314043371289554285e-01
9.310935331873584353e-01
9.307827292457613311e-01
9.304719253041643379e-01
9.301611213625673447e-01
9.298503174209703515e-01
9.295395134793733583e-01
9.292287095377763650e-01
9.289179055961793718e-01
9.286071016545823786e-01
9.282962977129853854e-01
9.279854937713883922e-01
9.276746898297913990e-01
9.273638858881944058e-01
9.270530819465974126e-01
9.267422780050004194e-01
9.264314740634034262e-01
9.261206701218064330e-01
9.258098661802094398e-01
9.254990622386124466e-01
9.251882582970154534e-01
9.248774543554184602e-01
9.245666504138214670e-01
9.242558464722243627e-01
9.239450425306273695e-01
9.236342385890303763e-01
9.233234346474333831e-01
9.230126307058363899e-01
9.227018267642393967e-01
9.223910228226424035e-01
9.220802188810454103e-01
9.217694149394484171e-01
9.214586109978514239e-01
9.211478070562544307e-01
9.208370031146574375e-01
9.205261991730604443e-01
9.202153952314634511e-01
9.199045912898664579e-01
9.195937873482694647e-01
9.192829834066724715e-01
9.189721794650754783e-01
9.186613755234784851e-01
9.183505715818814918e-01
9.180397676402844986e-01
9.177289636986873944e-01
9.174181597570904012e-01
9.171073558154934080e-01
9.167965518738964148e-01
9.164857479322994216e-01
9.161749439907024284e-01
9.158641400491054352e-01
9.155533361075084420e-01
9.152425321659114488e-01
9.149317282243144556e-01
9.146209242827174624e-01
9.143101203411204692e-01
9.139993163995234760e-01
9.136885124579264827e-01
9.133777085163294895e-01
9.130669045747324963e-01
9.127561006331355031e-01
9.124452966915385099e-01
9.121344927499415167e-01
9.118236888083445235e-01
9.115128848667475303e-01
9.112020809251504261e-01
9.108912769835534329e-01
9.105804730419564397e-01
9.102696691003594465e-01
9.099588651587624533e-01
9.096480612171654601e-01
9.093372572755684669e-01
9.090264533339714736e-01
9.087156493923744804e-01
9.084048454507774872e-01
9.080940415091804940e-01
9.077832375675835008e-01
9.074724336259865076e-01
9.071616296843895144e-01
9.068508257427925212e-01
9.065400218011955280e-01
9.062292178595985348e-01
9.059184139180015416e-01
9.056076099764045484e-01
9.052968060348075552e-01
9.049860020932105620e-01
9.046751981516134578e-01
9.043643942100164645e-01
9.040535902684194713e-01
9.037427863268224781e-01
9.034319823852254849e-01
9.031211784436284917e-01
9.028103745020314985e-01
9.024995705604345053e-01
9.021887666188375121e-01
9.018779626772405189e-01
9.015671587356435257e-01
9.012563547940465325e-01
9.009455508524495393e-01
9.006347469108525461e-01
9.003239429692555529e-01
9.000131390276585597e-01
8.997023350860615665e-01
8.993915311444645733e-01
8.990807272028675801e-01
8.987699232612705869e-01
8.984591193196735937e-01
8.981483153780764894e-01
8.978375114364794962e-01
8.975267074948825030e-01
8.972159035532855098e-01
8.969050996116885166e-01
8.965942956700915234e-01
8.962834917284945302e-01
8.959726877868975370e-01
8.956618838453005438e-01
8.953510799037035506e-01
8.950402759621065574e-01
8.947294720205095642e-01
8.944186680789125710e-01
8.941078641373155778e-01
8.937970601957185846e-01
8.934862562541215913e-01
8.931754523125245981e-01
8.928646483709276049e-01
8.925538444293306117e-01
8.922430404877336185e-01
8.919322365461366253e-01
8.916214326045395211e-01
8.913106286629425279e-01
8.909998247213455347e-01
8.906890207797485415e-01
8.903782168381515483e-01
8.900674128965545551e-01
8.897566089549575619e-01
8.894458050133605687e-01
8.891350010717635755e-01
8.888241971301665822e-01
8.885133931885695890e-01
8.882025892469725958e-01
8.878917853053756026e-01
8.875809813637786094e-01
8.872701774221816162e-01
8.869593734805846230e-01
8.866485695389876298e-01
8.863377655973906366e-01
8.860269616557936434e-01
8.857161577141966502e-01
8.854053537725996570e-01
8.850945498310025528e-01
8.847837458894056706e-01
8.844729419478085664e-01
8.841621380062115731e-01
8.838513340646145799e-01
8.835405301230175867e-01
8.832297261814205935e-01
8.829189222398236003e-01
8.826081182982266071e-01
8.822973143566296139e-01
8.819865104150326207e-01
8.816757064734356275e-01
8.813649025318386343e-01
8.810540985902416411e-01
8.807432946486446479e-01
8.804324907070476547e-01
8.801216867654506615e-01
8.798108828238536683e-01
8.795000788822566751e-01
8.791892749406596819e-01
8.788784709990626887e-01
8.785676670574655844e-01
8.782568631158687023e-01
8.779460591742715980e-01
8.776352552326746048e-01
8.773244512910776116e-01
8.770136473494806184e-01
8.767028434078836252e-01
8.763920394662866320e-01
8.760812355246896388e-01
8.757704315830926456e-01
8.754596276414956524e-01
8.751488236998986592e-01
8.748380197583016660e-01
8.745272158167046728e-01
8.742164118751076796e-01
8.739056079335106864e-01
8.735948039919136932e-01
8.732840000503166999e-01
8.729731961087197067e-01
8.726623921671227135e-01
8.723515882255257203e-01
8.720407842839286161e-01
8.717299803423317339e-01
8.714191764007346297e-01
8.711083724591376365e-01
8.707975685175406433e-01
8.704867645759436501e-01
8.701759606343466569e-01
8.698651566927496637e-01
8.695543527511526705e-01
8.692435488095556773e-01
8.689327448679586841e-01
8.686219409263616908e-01
8.683111369847646976e-01
8.680003330431677044e-01
8.676895291015707112e-01
8.673787251599737180e-01
8.670679212183767248e-01
8.667571172767797316e-01
8.664463133351827384e-01
8.661355093935857452e-01
8.658247054519887520e-01
8.655139015103916478e-01
8.652030975687947656e-01
8.648922936271976614e-01
8.645814896856006682e-01
8.642706857440036750e-01
8.639598818024066818e-01
8.636490778608096885e-01
8.633382739192126953e-01
8.630274699776157021e-01
8.627166660360187089e-01
8.624058620944217157e-01
8.620950581528247225e-01
8.617842542112277293e-01
8.614734502696307361e-01
8.611626463280337429e-01
8.608518423864367497e-01
8.605410384448397565e-01
8.602302345032427633e-01
8.599194305616457701e-01
8.596086266200487769e-01
8.592978226784517837e-01
8.589870187368546794e-01
8.586762147952577973e-01
8.583654108536606930e-01
8.580546069120636998e-01
8.577438029704667066e-01
8.574329990288697134e-01
8.571221950872727202e-01
8.568113911456757270e-01
8.565005872040787338e-01
8.561897832624817406e-01
8.558789793208847474e-01
8.555681753792877542e-01
8.552573714376907610e-01
8.549465674960937678e-01
8.546357635544967746e-01
8.543249596128997814e-01
8.540141556713027882e-01
8.537033517297057950e-01
8.533925477881088018e-01
8.530817438465118085e-01
8.527709399049148153e-01
8.524601359633177111e-01
8.521493320217208289e-01
8.518385280801237247e-01
8.515277241385267315e-01
8.512169201969297383e-01
8.509061162553327451e-01
8.505953123137357519e-01
8.502845083721387587e-01
8.499737044305417655e-01
8.496629004889447723e-01
8.493520965473477791e-01
8.490412926057507859e-01
8.487304886641537927e-01
8.484196847225567994e-01
8.481088807809598062e-01
8.477980768393628130e-01
8.474872728977658198e-01
8.471764689561688266e-01
8.468656650145718334e-01
8.465548610729748402e-01
8.462440571313778470e-01
8.459332531897807428e-01
8.456224492481838606e-01
8.453116453065867564e-01
8.450008413649897632e-01
8.446900374233927700e-01
8.443792334817957768e-01
8.440684295401987836e-01
8.437576255986017904e-01
8.434468216570047971e-01
8.431360177154078039e-01
8.428252137738108107e-01
8.425144098322138175e-01
8.422036058906168243e-01
8.418928019490198311e-01
8.415819980074228379e-01
8.412711940658258447e-01
8.409603901242288515e-01
8.406495861826318583e-01
8.403387822410348651e-01
8.400279782994378719e-01
8.397171743578408787e-01
8.394063704162437745e-01
8.390955664746468923e-01
8.387847625330497880e-01
8.384739585914527948e-01
8.381631546498558016e-01
8.378523507082588084e-01
8.375415467666618152e-01
8.372307428250648220e-01
8.369199388834678288e-01
8.366091349418708356e-01
8.362983310002738424e-01
8.359875270586768492e-01
8.356767231170798560e-01
8.353659191754828628e-01
8.350551152338858696e-01
8.347443112922888764e-01
8.344335073506918832e-01
8.341227034090948900e-01
8.338118994674978968e-01
8.335010955259009036e-01
8.331902915843039104e-01
8.328794876427068061e-01
8.325686837011099239e-01
8.322578797595128197e-01
8.319470758179158265e-01
8.316362718763188333e-01
8.313254679347218401e-01
8.310146639931248469e-01
8.307038600515278537e-01
8.303930561099308605e-01
8.300822521683338673e-01
8.297714482267368741e-01
8.294606442851398809e-01
8.291498403435428877e-01
8.288390364019458945e-01
8.285282324603489013e-01
8.282174285187519081e-01
8.279066245771549148e-01
8.275958206355579216e-01
8.272850166939609284e-01
8.269742127523639352e-01
8.266634088107669420e-01
8.263526048691698378e-01
8.260418009275729556e-01
8.257309969859758514e-01
8.254201930443789692e-01
8.251093891027818650e-01
8.247985851611848718e-01
8.244877812195878786e-01
8.241769772779908854e-01
8.238661733363938922e-01
8.235553693947968990e-01
8.232445654531999057e-01
8.229337615116029125e-01
8.226229575700059193e-01
8.223121536284089261e-01
8.220013496868119329e-01
8.216905457452149397e-01
8.213797418036179465e-01
8.210689378620209533e-01
8.207581339204239601e-01
8.204473299788269669e-01
8.201365260372299737e-01
8.198257220956328695e-01
8.195149181540359873e-01
8.192041142124388831e-01
8.188933102708420009e-01
8.185825063292448966e-01
8.182717023876479034e-01
8.179608984460509102e-01
8.176500945044539170e-01
8.173392905628569238e-01
8.170284866212599306e-01
8.167176826796629374e-01
8.164068787380659442e-01
8.160960747964689510e-01
8.157852708548719578e-01
8.154744669132749646e-01
8.151636629716779714e-01
8.148528590300809782e-01
8.145420550884839850e-01
8.142312511468869918e-01
8.139204472052899986e-01
8.136096432636930054e-01
8.132988393220959011e-01
8.129880353804990190e-01
8.126772314389019147e-01
8.123664274973050325e-01
8.120556235557079283e-01
8.117448196141109351e-01
8.114340156725139419e-01
8.111232117309169487e-01
8.108124077893199555e-01
8.105016038477229623e-01
8.101907999061259691e-01
8.098799959645289759e-01
8.095691920229319827e-01
8.092583880813349895e-01
8.089475841397379963e-01
8.086367801981410031e-01
8.083259762565440099e-01
8.080151723149470167e-01
8.077043683733500234e-01
8.073935644317530302e-01
8.070827604901560370e-01
8.067719565485589328e-01
8.064611526069620506e-01
8.061503486653649464e-01
8.058395447237680642e-01
8.055287407821709600e-01
8.052179368405739668e-01
8.049071328989769736e-01
8.045963289573799804e-01
8.042855250157829872e-01
8.039747210741859940e-01
8.036639171325890008e-01
8.033531131909920076e-01
8.030423092493950143e-01
8.027315053077980211e-01
8.024207013662010279e-01
8.021098974246040347e-01
8.017990934830070415e-01
8.014882895414100483e-01
8.011774855998130551e-01
8.008666816582160619e-01
8.005558777166190687e-01
8.002450737750219645e-01
7.999342698334250823e-01
7.996234658918279781e-01
7.993126619502310959e-01
7.990018580086339917e-01
7.986910540670369985e-01
7.983802501254400052e-01
7.980694461838430120e-01
7.977586422422460188e-01
7.974478383006490256e-01
7.971370343590520324e-01
7.968262304174550392e-01
7.965154264758580460e-01
7.962046225342610528e-01
7.958938185926640596e-01
7.955830146510670664e-01
7.952722107094700732e-01
7.949614067678730800e-01
7.946506028262760868e-01
7.943397988846790936e-01
7.940289949430821004e-01
7.937181910014849961e-01
7.934073870598881140e-01
7.930965831182910097e-01
7.927857791766941276e-01
7.924749752350970233e-01
7.921641712935000301e-01
7.918533673519030369e-01
7.915425634103060437e-01
7.912317594687090505e-01
7.909209555271120573e-01
7.906101515855150641e-01
7.902993476439180709e-01
7.899885437023210777e-01
7.896777397607240845e-01
7.893669358191270913e-01
7.890561318775300981e-01
7.887453279359331049e-01
7.884345239943361117e-01
7.881237200527391185e-01
7.878129161111421253e-01
7.875021121695451320e-01
7.871913082279480278e-01
7.868805042863511456e-01
7.865697003447540414e-01
7.862588964031571592e-01
7.859480924615600550e-01
7.856372885199630618e-01
7.853264845783660686e-01
7.850156806367690754e-01
7.847048766951720822e-01
7.843940727535750890e-01
7.840832688119780958e-01
7.837724648703811026e-01
7.834616609287841094e-01
7.831508569871871162e-01
7.828400530455901229e-01
7.825292491039931297e-01
7.822184451623961365e-01
7.819076412207991433e-01
7.815968372792021501e-01
7.812860333376051569e-01
7.809752293960081637e-01
7.806644254544110595e-01
7.803536215128141773e-01
7.800428175712170731e-01
7.797320136296201909e-01
7.794212096880230867e-01
7.791104057464260935e-01
7.787996018048291003e-01
7.784887978632321071e-01
7.781779939216351138e-01
7.778671899800381206e-01
7.775563860384411274e-01
7.772455820968441342e-01
7.769347781552471410e-01
7.766239742136501478e-01
7.763131702720531546e-01
7.760023663304561614e-01
7.756915623888591682e-01
7.753807584472621750e-01
7.750699545056651818e-01
7.747591505640681886e-01
7.744483466224711954e-01
7.741375426808740912e-01
7.738267387392772090e-01
7.735159347976801048e-01
7.732051308560832226e-01
7.728943269144861183e-01
7.725835229728891251e-01
7.722727190312921319e-01
7.719619150896951387e-01
7.716511111480981455e-01
7.713403072065011523e-01
7.710295032649041591e-01
7.707186993233071659e-01
7.704078953817101727e-01
7.700970914401131795e-01
7.697862874985161863e-01
7.694754835569191931e-01
7.691646796153221999e-01
7.688538756737252067e-01
7.685430717321282135e-01
7.682322677905312203e-01
7.679214638489342271e-01
7.676106599073371228e-01
7.672998559657402406e-01
7.669890520241431364e-01
7.666782480825462542e-01
7.663674441409491500e-01
7.660566401993521568e-01
7.657458362577551636e-01
7.654350323161581704e-01
7.651242283745611772e-01
7.648134244329641840e-01
7.645026204913671908e-01
7.641918165497701976e-01
7.638810126081732044e-01
7.635702086665762112e-01
7.632594047249792180e-01
7.629486007833822248e-01
7.626377968417852315e-01
7.623269929001882383e-01
7.620161889585912451e-01
7.617053850169942519e-01
7.613945810753972587e-01
7.610837771338001545e-01
7.607729731922032723e-01
7.604621692506061681e-01
7.601513653090092859e-01
7.598405613674121817e-01
7.595297574258151885e-01
7.592189534842181953e-01
7.589081495426212021e-01
7.585973456010242089e-01
7.582865416594272157e-01
7.579757377178302225e-01
7.576649337762332292e-01
7.573541298346362360e-01
7.570433258930392428e-01
7.567325219514422496e-01
7.564217180098452564e-01
7.561109140682482632e-01
7.558001101266512700e-01
7.554893061850542768e-01
7.551785022434572836e-01
7.548676983018602904e-01
7.545568943602631862e-01
7.542460904186663040e-01
7.539352864770691998e-01
7.536244825354723176e-01
7.533136785938752134e-01
7.530028746522782201e-01
7.526920707106812269e-01
7.523812667690842337e-01
7.520704628274872405e-01
7.517596588858902473e-01
7.514488549442932541e-01
7.511380510026962609e-01
7.508272470610992677e-01
7.505164431195022745e-01
7.502056391779052813e-01
7.498948352363082881e-01
7.495840312947112949e-01
7.492732273531143017e-01
7.489624234115173085e-01
7.486516194699203153e-01
7.483408155283233221e-01
7.480300115867262178e-01
7.477192076451293357e-01
7.474084037035322314e-01
7.470975997619353492e-01
7.467867958203382450e-01
7.464759918787412518e-01
7.461651879371442586e-01
7.458543839955472654e-01
7.455435800539502722e-01
7.452327761123532790e-01
7.449219721707562858e-01
7.446111682291592926e-01
7.443003642875622994e-01
7.439895603459653062e-01
7.436787564043683130e-01
7.433679524627713198e-01
7.430571485211743266e-01
7.427463445795773334e-01
7.424355406379803402e-01
7.421247366963833469e-01
7.418139327547863537e-01
7.415031288131892495e-01
7.411923248715923673e-01
7.408815209299952631e-01
7.405707169883983809e-01
7.402599130468012767e-01
7.399491091052042835e-01
7.396383051636072903e-01
7.393275012220102971e-01
7.390166972804133039e-01
7.387058933388163107e-01
7.383950893972193175e-01
7.380842854556223243e-01
7.377734815140253311e-01
7.374626775724283378e-01
7.371518736308313446e-01
7.368410696892343514e-01
7.365302657476373582e-01
7.362194618060403650e-01
7.359086578644433718e-01
7.355978539228463786e-01
7.352870499812493854e-01
7.349762460396522812e-01
7.346654420980553990e-01
7.343546381564582948e-01
7.340438342148614126e-01
7.337330302732643084e-01
7.334222263316673152e-01
7.331114223900703220e-01
7.328006184484733287e-01
7.324898145068763355e-01
7.321790105652793423e-01
7.318682066236823491e-01
7.315574026820853559e-01
7.312465987404883627e-01
7.309357947988913695e-01
7.306249908572943763e-01
7.303141869156973831e-01
7.300033829741003899e-01
7.296925790325033967e-01
7.293817750909064035e-01
7.290709711493094103e-01
7.287601672077124171e-01
7.284493632661153129e-01
7.281385593245184307e-01
7.278277553829213264e-01
7.275169514413244443e-01
7.272061474997273400e-01
7.268953435581304579e-01
7.265845396165333536e-01
7.262737356749363604e-01
7.259629317333393672e-01
7.256521277917423740e-01
7.253413238501453808e-01
7.250305199085483876e-01
7.247197159669513944e-01
7.244089120253544012e-01
7.240981080837574080e-01
7.237873041421604148e-01
7.234765002005634216e-01
7.231656962589664284e-01
7.228548923173694352e-01
7.225440883757724420e-01
7.222332844341754488e-01
7.219224804925783445e-01
7.216116765509814623e-01
7.213008726093843581e-01
7.209900686677874759e-01
7.206792647261903717e-01
7.203684607845934895e-01
7.200576568429963853e-01
7.197468529013993921e-01
7.194360489598023989e-01
7.191252450182054057e-01
7.188144410766084125e-01
7.185036371350114193e-01
7.181928331934144261e-01
7.178820292518174329e-01
7.175712253102204397e-01
7.172604213686234464e-01
7.169496174270264532e-01
7.166388134854294600e-01
7.163280095438324668e-01
7.160172056022354736e-01
7.157064016606384804e-01
7.153955977190413762e-01
7.150847937774444940e-01
7.147739898358473898e-01
7.144631858942505076e-01
7.141523819526534034e-01
7.138415780110565212e-01
7.135307740694594170e-01
7.132199701278624238e-01
7.129091661862654306e-01
7.125983622446684373e-01
7.122875583030714441e-01
7.119767543614744509e-01
7.116659504198774577e-01
7.113551464782804645e-01
7.110443425366834713e-01
7.107335385950864781e-01
7.104227346534894849e-01
7.101119307118924917e-01
7.098011267702954985e-01
7.094903228286985053e-01
7.091795188871015121e-01
7.088687149455045189e-01
7.085579110039075257e-01
7.082471070623104215e-01
7.079363031207135393e-01
7.076254991791164350e-01
7.073146952375195529e-01
7.070038912959224486e-01
7.066930873543254554e-01
7.063822834127284622e-01
7.060714794711314690e-01
7.057606755295344758e-01
