wavelength
2.833611585542134659e+00
2.832600555352138283e+00
2.831589627113006991e+00
2.830578800572399079e+00
2.829568075478289924e+00
2.828557451578966653e+00
2.827546928623033029e+00
2.826536506359404566e+00
2.825526184537312968e+00
2.824515962906303468e+00
2.823505841216235268e+00
2.822495819217281987e+00
2.821485896659931658e+00
2.820476073294986286e+00
2.819466348873561845e+00
2.818456723147089615e+00
2.817447195867313958e+00
2.816437766786294539e+00
2.815428435656403217e+00
2.814419202230328487e+00
2.813410066261072373e+00
2.812401027501949979e+00
2.811392085706591715e+00
2.810383240628941959e+00
2.809374492023259506e+00
2.808365839644117123e+00
2.807357283246401991e+00
2.806348822585315261e+00
2.805340457416372058e+00
2.804332187495402806e+00
2.803324012578551461e+00
2.802315932422275946e+00
2.801307946783348601e+00
2.800300055418856182e+00
2.799292258086199414e+00
2.798284554543094327e+00
2.797276944547569144e+00
2.796269427857967838e+00
2.795262004232948350e+00
2.794254673431482594e+00
2.793247435212856900e+00
2.792240289336671566e+00
2.791233235562841308e+00
2.790226273651595257e+00
2.789219403363476513e+00
2.788212624459342592e+00
2.787205936700365427e+00
2.786199339848029588e+00
2.785192833664136280e+00
2.784186417910799793e+00
2.783180092350448387e+00
2.782173856745824736e+00
2.781167710859985487e+00
2.780161654456302589e+00
2.779155687298461075e+00
2.778149809150461280e+00
2.777144019776616179e+00
2.776138318941554495e+00
2.775132706410218031e+00
2.774127181947863452e+00
2.773121745320062725e+00
2.772116396292699125e+00
2.771111134631973449e+00
2.770105960104397802e+00
2.769100872476801367e+00
2.768095871516325079e+00
2.767090956990425177e+00
2.766086128666872312e+00
2.765081386313751555e+00
2.764076729699460611e+00
2.763072158592713823e+00
2.762067672762537285e+00
2.761063271978274170e+00
2.760058956009578068e+00
2.759054724626420985e+00
2.758050577599086228e+00
2.757046514698172412e+00
2.756042535694591677e+00
2.755038640359571467e+00
2.754034828464653195e+00
2.753031099781691804e+00
2.752027454082857538e+00
2.751023891140632394e+00
2.750020410727816778e+00
2.749017012617521516e+00
2.748013696583173182e+00
2.747010462398513209e+00
2.746007309837596111e+00
2.745004238674790820e+00
2.744001248684781125e+00
2.742998339642564787e+00
2.741995511323453094e+00
2.740992763503072638e+00
2.739990095957363536e+00
2.738987508462580323e+00
2.737985000795292390e+00
2.736982572732381769e+00
2.735980224051046239e+00
2.734977954528797550e+00
2.733975763943460535e+00
2.732973652073175774e+00
2.731971618696396931e+00
2.730969663591892971e+00
2.729967786538746388e+00
2.728965987316353203e+00
2.727964265704425628e+00
2.726962621482988069e+00
2.725961054432380681e+00
2.724959564333256701e+00
2.723958150966584668e+00
2.722956814113645763e+00
2.721955553556037355e+00
2.720954369075669899e+00
2.719953260454768262e+00
2.718952227475870842e+00
2.717951269921832225e+00
2.716950387575818748e+00
2.715949580221312942e+00
2.714948847642110863e+00
2.713948189622322538e+00
2.712947605946372409e+00
2.711947096398999335e+00
2.710946660765255700e+00
2.709946298830509637e+00
2.708946010380441471e+00
2.707945795201047723e+00
2.706945653078637548e+00
2.705945583799834964e+00
2.704945587151579289e+00
2.703945662921122040e+00
2.702945810896030476e+00
2.701946030864184500e+00
2.700946322613780648e+00
2.699946685933328538e+00
2.698947120611650430e+00
2.697947626437885216e+00
2.696948203201484429e+00
2.695948850692214904e+00
2.694949568700157005e+00
2.693950357015705954e+00
2.692951215429570055e+00
2.691952143732772473e+00
2.690953141716651231e+00
2.689954209172858324e+00
2.688955345893358828e+00
2.687956551670433569e+00
2.686957826296676899e+00
2.685959169564996696e+00
2.684960581268617030e+00
2.683962061201073723e+00
2.682963609156218787e+00
2.681965224928218205e+00
2.680966908311550601e+00
2.679968659101010342e+00
2.678970477091706215e+00
2.677972362079060087e+00
2.676974313858808241e+00
2.675976332227002707e+00
2.674978416980008156e+00
2.673980567914503226e+00
2.672982784827482750e+00
2.671985067516253309e+00
2.670987415778437679e+00
2.669989829411971716e+00
2.668992308215106579e+00
2.667994851986406069e+00
2.666997460524750174e+00
2.666000133629331081e+00
2.665002871099656723e+00
2.664005672735547670e+00
2.663008538337142017e+00
2.662011467704887835e+00
2.661014460639550272e+00
2.660017516942207561e+00
2.659020636414252792e+00
2.658023818857393028e+00
2.657027064073648859e+00
2.656030371865356177e+00
2.655033742035164845e+00
2.654037174386038256e+00
2.653040668721255102e+00
2.652044224844407161e+00
2.651047842559401513e+00
2.650051521670458765e+00
2.649055261982113940e+00
2.648059063299216032e+00
2.647062925426929336e+00
2.646066848170730790e+00
2.645070831336412187e+00
2.644074874730081071e+00
2.643078978158156289e+00
2.642083141427373771e+00
2.641087364344781196e+00
2.640091646717742435e+00
2.639095988353934441e+00
2.638100389061349027e+00
2.637104848648291533e+00
2.636109366923383046e+00
2.635113943695555960e+00
2.634118578774060637e+00
2.633123271968458301e+00
2.632128023088626811e+00
2.631132831944756667e+00
2.630137698347354114e+00
2.629142622107237592e+00
2.628147603035541735e+00
2.627152640943714701e+00
2.626157735643518176e+00
2.625162886947028262e+00
2.624168094666637252e+00
2.623173358615049189e+00
2.622178678605282531e+00
2.621184054450671930e+00
2.620189485964864673e+00
2.619194972961822465e+00
2.618200515255821426e+00
2.617206112661451645e+00
2.616211764993618072e+00
2.615217472067539628e+00
2.614223233698748761e+00
2.613229049703093221e+00
2.612234919896734286e+00
2.611240844096147207e+00
2.610246822118122534e+00
2.609252853779764347e+00
2.608258938898490698e+00
2.607265077292034938e+00
2.606271268778442618e+00
2.605277513176075921e+00
2.604283810303609226e+00
2.603290159980033103e+00
2.602296562024650761e+00
2.601303016257079825e+00
2.600309522497252779e+00
2.599316080565416076e+00
2.598322690282131031e+00
2.597329351468271597e+00
2.596336063945026584e+00
2.595342827533900554e+00
2.594349642056710259e+00
2.593356507335587313e+00
2.592363423192978633e+00
2.591370389451643774e+00
2.590377405934657595e+00
2.589384472465407594e+00
2.588391588867598347e+00
2.587398754965246628e+00
2.586405970582683178e+00
2.585413235544554045e+00
2.584420549675818801e+00
2.583427912801751880e+00
2.582435324747941241e+00
2.581442785340289703e+00
2.580450294405013612e+00
2.579457851768645060e+00
2.578465457258027449e+00
2.577473110700321701e+00
2.576480811923000491e+00
2.575488560753853129e+00
2.574496357020979787e+00
2.573504200552798160e+00
2.572512091178038585e+00
2.571520028725745810e+00
2.570528013025278558e+00
2.569536043906310407e+00
2.568544121198828911e+00
2.567552244733135147e+00
2.566560414339845941e+00
2.565568629849891202e+00
2.564576891094514366e+00
2.563585197905275948e+00
2.562593550114046881e+00
2.561601947553015179e+00
2.560610390054682384e+00
2.559618877451864005e+00
2.558627409577688638e+00
2.557635986265601513e+00
2.556644607349360498e+00
2.555653272663038322e+00
2.554661982041021240e+00
2.553670735318009921e+00
2.552679532329019896e+00
2.551688372909380220e+00
2.550697256894735254e+00
2.549706184121041996e+00
2.548715154424572749e+00
2.547724167641913340e+00
2.546733223609964902e+00
2.545742322165942095e+00
2.544751463147374437e+00
2.543760646392103197e+00
2.542769871738287613e+00
2.541779139024398670e+00
2.540788448089221774e+00
2.539797798771857629e+00
2.538807190911720912e+00
2.537816624348538941e+00
2.536826098922355222e+00
2.535835614473527677e+00
2.534845170842725537e+00
2.533854767870935110e+00
2.532864405399457119e+00
2.531874083269904485e+00
2.530883801324204985e+00
2.529893559404601699e+00
2.528903357353650794e+00
2.527913195014223291e+00
2.526923072229504186e+00
2.525932988842993332e+00
2.524942944698503222e+00
2.523952939640162096e+00
2.522962973512412166e+00
2.521973046160009169e+00
2.520983157428023702e+00
2.519993307161840335e+00
2.519003495207157606e+00
2.518013721409988914e+00
2.517023985616662074e+00
2.516034287673818426e+00
2.515044627428412838e+00
2.514055004727716369e+00
2.513065419419312718e+00
2.512075871351100886e+00
2.511086360371292958e+00
2.510096886328415877e+00
2.509107449071311446e+00
2.508118048449134552e+00
2.507128684311354938e+00
2.506139356507755878e+00
2.505150064888435946e+00
2.504160809303807689e+00
2.503171589604596736e+00
2.502182405641845353e+00
2.501193257266906667e+00
2.500204144331450884e+00
2.499215066687461295e+00
2.498226024187235605e+00
2.497237016683385491e+00
2.496248044028837487e+00
2.495259106076831657e+00
2.494270202680922033e+00
2.493281333694978397e+00
2.492292498973183168e+00
2.491303698370033626e+00
2.490314931740341020e+00
2.489326198939231460e+00
2.488337499822144583e+00
2.487348834244835327e+00
2.486360202063370828e+00
2.485371603134134411e+00
2.484383037313822928e+00
2.483394504459447649e+00
2.482406004428333368e+00
2.481417537078119295e+00
2.480429102266760388e+00
2.479440699852523355e+00
2.478452329693991096e+00
2.477463991650060038e+00
2.476475685579940134e+00
2.475487411343157529e+00
2.474499168799550564e+00
2.473510957809272437e+00
2.472522778232790763e+00
2.471534629930888016e+00
2.470546512764659308e+00
2.469558426595515499e+00
2.468570371285180087e+00
2.467582346695693651e+00
2.466594352689407188e+00
2.465606389128989662e+00
2.464618455877420899e+00
2.463630552797996920e+00
2.462642679754328157e+00
2.461654836610338126e+00
2.460667023230265649e+00
2.459679239478662183e+00
2.458691485220395823e+00
2.457703760320646413e+00
2.456716064644909991e+00
2.455728398058996120e+00
2.454740760429027002e+00
2.453753151621442363e+00
2.452765571502993680e+00
2.451778019940746400e+00
2.450790496802082608e+00
2.449803001954696136e+00
2.448815535266596122e+00
2.447828096606106119e+00
2.446840685841863205e+00
2.445853302842819321e+00
2.444865947478240376e+00
2.443878619617707137e+00
2.442891319131112571e+00
2.441904045888666275e+00
2.440916799760891820e+00
2.439929580618624971e+00
2.438942388333017686e+00
2.437955222775535447e+00
2.436968083817957709e+00
2.435980971332378786e+00
2.434993885191206964e+00
2.434006825267164054e+00
2.433019791433287615e+00
2.432032783562928291e+00
2.431045801529750694e+00
2.430058845207734741e+00
2.429071914471173876e+00
2.428085009194675958e+00
2.427098129253162817e+00
2.426111274521870698e+00
2.425124444876350260e+00
2.424137640192466581e+00
2.423150860346398261e+00
2.422164105214637875e+00
2.421177374673993743e+00
2.420190668601587269e+00
2.419203986874854273e+00
2.418217329371544988e+00
2.417230695969722731e+00
2.416244086547767900e+00
2.415257500984371308e+00
2.414270939158541740e+00
2.413284400949598840e+00
2.412297886237179334e+00
2.411311394901232141e+00
2.410324926822021485e+00
2.409338481880125116e+00
2.408352059956436086e+00
2.407365660932160534e+00
2.406379284688819453e+00
2.405392931108247367e+00
2.404406600072594546e+00
2.403420291464323455e+00
2.402434005166212749e+00
2.401447741061353724e+00
2.400461499033152979e+00
2.399475278965330638e+00
2.398489080741921242e+00
2.397502904247274191e+00
2.396516749366051968e+00
2.395530615983232359e+00
2.394544503984106676e+00
2.393558413254281092e+00
2.392572343679674862e+00
2.391586295146522989e+00
2.390600267541373558e+00
2.389614260751089070e+00
2.388628274662846884e+00
2.387642309164138332e+00
2.386656364142768272e+00
2.385670439486856420e+00
2.384684535084836465e+00
2.383698650825456511e+00
2.382712786597779520e+00
2.381726942291181093e+00
2.380741117795353023e+00
2.379755313000298855e+00
2.378769527796338767e+00
2.377783762074106466e+00
2.376798015724548740e+00
2.375812288638927683e+00
2.374826580708819357e+00
2.373840891826114685e+00
2.372855221883018118e+00
2.371869570772047187e+00
2.370883938386036505e+00
2.369898324618133323e+00
2.368912729361797531e+00
2.367927152510806543e+00
2.366941593959249079e+00
2.365956053601530051e+00
2.364970531332367454e+00
2.363985027046793697e+00
2.362999540640156493e+00
2.362014072008116194e+00
2.361028621046648013e+00
2.360043187652042018e+00
2.359057771720901364e+00
2.358072373150144507e+00
2.357086991837003875e+00
2.356101627679024979e+00
2.355116280574068632e+00
2.354130950420310953e+00
2.353145637116239808e+00
2.352160340560658813e+00
2.351175060652686000e+00
2.350189797291752480e+00
2.349204550377605116e+00
2.348219319810303407e+00
2.347234105490222156e+00
2.346248907318049248e+00
2.345263725194789206e+00
2.344278559021758745e+00
2.343293408700588110e+00
2.342308274133224177e+00
2.341323155221926910e+00
2.340338051869268465e+00
2.339352963978139410e+00
2.338367891451741620e+00
2.337382834193590941e+00
2.336397792107519411e+00
2.335412765097671706e+00
2.334427753068507361e+00
2.333442755924800327e+00
2.332457773571637638e+00
2.331472805914422963e+00
2.330487852858871278e+00
2.329502914311014194e+00
2.328517990177195074e+00
2.327533080364074358e+00
2.326548184778624684e+00
2.325563303328133991e+00
2.324578435920203301e+00
2.323593582462749385e+00
2.322608742864001652e+00
2.321623917032504814e+00
2.320639104877117553e+00
2.319654306307012970e+00
2.318669521231677244e+00
2.317684749560913193e+00
2.316699991204834941e+00
2.315715246073872802e+00
2.314730514078771062e+00
2.313745795130587091e+00
2.312761089140694004e+00
2.311776396020778890e+00
2.310791715682841918e+00
2.309807048039198119e+00
2.308822393002477824e+00
2.307837750485623562e+00
2.306853120401893165e+00
2.305868502664860209e+00
2.304883897188409136e+00
2.303899303886741468e+00
2.302914722674371362e+00
2.301930153466128282e+00
2.300945596177154329e+00
2.299961050722909128e+00
2.298976517019161836e+00
2.297991994982000019e+00
2.297007484527822996e+00
2.296022985573345387e+00
2.295038498035595342e+00
2.294054021831916312e+00
2.293069556879965276e+00
2.292085103097712295e+00
2.291100660403444067e+00
2.290116228715759483e+00
2.289131807953573627e+00
2.288147398036113334e+00
2.287162998882921183e+00
2.286178610413855061e+00
2.285194232549083715e+00
2.284209865209094303e+00
2.283225508314684404e+00
2.282241161786968675e+00
2.281256825547374412e+00
2.280272499517643325e+00
2.279288183619831543e+00
2.278303877776310937e+00
2.277319581909764246e+00
2.276335295943191284e+00
2.275351019799904950e+00
2.274366753403532559e+00
2.273382496678015841e+00
2.272398249547610938e+00
2.271414011936887078e+00
2.270429783770728349e+00
2.269445564974334140e+00
2.268461355473216479e+00
2.267477155193202698e+00
2.266492964060434101e+00
2.265508782001365518e+00
2.264524608942766637e+00
2.263540444811722008e+00
2.262556289535628373e+00
2.261572143042199112e+00
2.260588005259460687e+00
2.259603876115753529e+00
2.258619755539732044e+00
2.257635643460366826e+00
2.256651539806940221e+00
2.255667444509049879e+00
2.254683357496608309e+00
2.253699278699841546e+00
2.252715208049289153e+00
2.251731145475806439e+00
2.250747090910562243e+00
2.249763044285038927e+00
2.248779005531034603e+00
2.247794974580660465e+00
2.246810951366341680e+00
2.245826935820818715e+00
2.244842927877145566e+00
2.243858927468690645e+00
2.242874934529136333e+00
2.241890948992479871e+00
2.240906970793032471e+00
2.239922999865418873e+00
2.238939036144579120e+00
2.237955079565766781e+00
2.236971130064549840e+00
2.235987187576809809e+00
2.235003252038743504e+00
2.234019323386862599e+00
2.233035401557991406e+00
2.232051486489268211e+00
2.231067578118147487e+00
2.230083676382396796e+00
2.229099781220096332e+00
2.228115892569643819e+00
2.227132010369749615e+00
2.226148134559437608e+00
2.225164265078045656e+00
2.224180401865227807e+00
2.223196544860951196e+00
2.222212694005496481e+00
2.221228849239460068e+00
2.220245010503751892e+00
2.219261177739595414e+00
2.218277350888529398e+00
2.217293529892406134e+00
2.216309714693392330e+00
2.215325905233968662e+00
2.214342101456931555e+00
2.213358303305389185e+00
2.212374510722766363e+00
2.211390723652800094e+00
2.210406942039542244e+00
2.209423165827360425e+00
2.208439394960934443e+00
2.207455629385258522e+00
2.206471869045642187e+00
2.205488113887709822e+00
2.204504363857397564e+00
2.203520618900957295e+00
2.202536878964955758e+00
2.201553143996272333e+00
2.200569413942101704e+00
2.199585688749952084e+00
2.198601968367647430e+00
2.197618252743324341e+00
2.196634541825433384e+00
2.195650835562740433e+00
2.194667133904325773e+00
2.193683436799583220e+00
2.192699744198220557e+00
2.191716056050260875e+00
2.190732372306040787e+00
2.189748692916210882e+00
2.188765017831736159e+00
2.187781347003896482e+00
2.186797680384284792e+00
2.185814017924809782e+00
2.184830359577692782e+00
2.183846705295470425e+00
2.182863055030993316e+00
2.181879408737425585e+00
2.180895766368247113e+00
2.179912127877249972e+00
2.178928493218542872e+00
2.177944862346546273e+00
2.176961235215996826e+00
2.175977611781943821e+00
2.174993991999752740e+00
2.174010375825101260e+00
2.173026763213982360e+00
2.172043154122703434e+00
2.171059548507884962e+00
2.170075946326462280e+00
2.169092347535686471e+00
2.168108752093120373e+00
2.167125159956642566e+00
2.166141571084445161e+00
2.165157985435034682e+00
2.164174402967232513e+00
2.163190823640173122e+00
2.162207247413305833e+00
2.161223674246394388e+00
2.160240104099516500e+00
2.159256536933063853e+00
2.158272972707743875e+00
2.157289411384574862e+00
2.156305852924893074e+00
2.155322297290346967e+00
2.154338744442899412e+00
2.153355194344828583e+00
2.152371646958724405e+00
2.151388102247494327e+00
2.150404560174357549e+00
2.149421020702848573e+00
2.148437483796815872e+00
2.147453949420421893e+00
2.146470417538143494e+00
2.145486888114772839e+00
2.144503361115413398e+00
2.143519836505487053e+00
2.142536314250726104e+00
2.141552794317178599e+00
2.140569276671207888e+00
2.139585761279489518e+00
2.138602248109014781e+00
2.137618737127088941e+00
2.136635228301329903e+00
2.135651721599672204e+00
2.134668216990363465e+00
2.133684714441965280e+00
2.132701213923353656e+00
2.131717715403719016e+00
2.130734218852566642e+00
2.129750724239714010e+00
2.128767231535295235e+00
2.127783740709757065e+00
2.126800251733861558e+00
2.125816764578683848e+00
2.124833279215613491e+00
2.123849795616355784e+00
2.122866313752928225e+00
2.121882833597663609e+00
2.120899355123209151e+00
2.119915878302525591e+00
2.118932403108888085e+00
2.117948929515886647e+00
2.116965457497424818e+00
2.115981987027720557e+00
2.114998518081306234e+00
2.114015050633027748e+00
2.113031584658045858e+00
2.112048120131836626e+00
2.111064657030187863e+00
2.110081195329203130e+00
2.109097735005300844e+00
2.108114276035212065e+00
2.107130818395982708e+00
2.106147362064973994e+00
2.105163907019858893e+00
2.104180453238627457e+00
2.103197000699581931e+00
2.102213549381339419e+00
2.101230099262832329e+00
2.100246650323305708e+00
2.099263202542318574e+00
2.098279755899746135e+00
2.097296310375775796e+00
2.096312865950911153e+00
2.095329422605967995e+00
2.094345980322077860e+00
2.093362539080686258e+00
2.092379098863551334e+00
2.091395659652748762e+00
2.090412221430664630e+00
2.089428784180001664e+00
2.088445347883777004e+00
2.087461912525320429e+00
2.086478478088276578e+00
2.085495044556604949e+00
2.084511611914579010e+00
2.083528180146785758e+00
2.082544749238127491e+00
2.081561319173819147e+00
2.080577889939391856e+00
2.079594461520689830e+00
2.078611033903871697e+00
2.077627607075410054e+00
2.076644181022092361e+00
2.075660755731019158e+00
2.074677331189607177e+00
2.073693907385585788e+00
2.072710484306998779e+00
2.071727061942203907e+00
2.070743640279874676e+00
2.069760219308996341e+00
2.068776799018871682e+00
2.067793379399114784e+00
2.066809960439655036e+00
2.065826542130736243e+00
2.064843124462916180e+00
2.063859707427066148e+00
2.062876291014373642e+00
2.061892875216338794e+00
2.060909460024776152e+00
2.059926045431814234e+00
2.058942631429897752e+00
2.057959218011781832e+00
2.056975805170540017e+00
2.055992392899558041e+00
2.055008981192535167e+00
2.054025570043485516e+00
2.053042159446738513e+00
2.052058749396937110e+00
2.051075339889037341e+00
2.050091930918311434e+00
2.049108522480343808e+00
2.048125114571035077e+00
2.047141707186598936e+00
2.046158300323563495e+00
2.045174893978770392e+00
2.044191488149377900e+00
2.043208082832855599e+00
2.042224678026988371e+00
2.041241273729876404e+00
2.040257869939932966e+00
2.039274466655884854e+00
2.038291063876775056e+00
2.037307661601959641e+00
2.036324259831109096e+00
2.035340858564207434e+00
2.034357457801554414e+00
2.033374057543762881e+00
2.032390657791759647e+00
2.031407258546786831e+00
2.030423859810400522e+00
2.029440461584469446e+00
2.028457063871178967e+00
2.027473666673027530e+00
2.026490269992827109e+00
2.025506873833705868e+00
2.024523478199103721e+00
2.023540083092776332e+00
2.022556688518793777e+00
2.021573294481540550e+00
2.020589900985712895e+00
2.019606508036324133e+00
2.018623115638700671e+00
2.017639723798483331e+00
2.016656332521627792e+00
2.015672941814401931e+00
2.014689551683389812e+00
2.013706162135489031e+00
2.012722773177912039e+00
2.011739384818183929e+00
2.010755997064145983e+00
2.009772609923952125e+00
2.008789223406071578e+00
2.007805837519287095e+00
2.006822452272696289e+00
2.005839067675710297e+00
2.004855683738054672e+00
2.003872300469769829e+00
2.002888917881209707e+00
2.001905535983042661e+00
2.000922154786251905e+00
1.999938774302133293e+00
1.998955394542298425e+00
1.997972015518672873e+00
1.996988637243495512e+00
1.996005259729320969e+00
1.995021882989016504e+00
1.994038507035764463e+00
1.993055131883061382e+00
1.992071757544718213e+00
1.991088384034859216e+00
1.990105011367924615e+00
1.989121639558666388e+00
1.988138268622153149e+00
1.987154898573766371e+00
1.986171529429201721e+00
1.985188161204470614e+00
1.984204793915895770e+00
1.983221427580117435e+00
1.982238062214088270e+00
1.981254697835074685e+00
1.980271334460658839e+00
1.979287972108736415e+00
1.978304610797516627e+00
1.977321250545524212e+00
1.976337891371597433e+00
1.975354533294887638e+00
1.974371176334863254e+00
1.973387820511304902e+00
1.972404465844307397e+00
1.971421112354280192e+00
1.970437760061947152e+00
1.969454408988345673e+00
1.968471059154829117e+00
1.967487710583062377e+00
1.966504363295027202e+00
1.965521017313017982e+00
1.964537672659643963e+00
1.963554329357827699e+00
1.962570987430807490e+00
1.961587646902135162e+00
1.960604307795675183e+00
1.959620970135610207e+00
1.958637633946432421e+00
1.957654299252951535e+00
1.956670966080290341e+00
1.955687634453886048e+00
1.954704304399489612e+00
1.953720975943166627e+00
1.952737649111297102e+00
1.951754323930575019e+00
1.950771000428008328e+00
1.949787678630920063e+00
1.948804358566946338e+00
1.947821040264038128e+00
1.946837723750461047e+00
1.945854409054793788e+00
1.944871096205931016e+00
1.943887785233079146e+00
1.942904476165761007e+00
1.941921169033813621e+00
1.940937863867386426e+00
1.939954560696944164e+00
1.938971259553265991e+00
1.937987960467445703e+00
1.937004663470889954e+00
1.936021368595320924e+00
1.935038075872774099e+00
1.934054785335599824e+00
1.933071497016461970e+00
1.932088210948339935e+00
1.931104927164526419e+00
1.930121645698626986e+00
1.929138366584564945e+00
1.928155089856574467e+00
1.927171815549205469e+00
1.926188543697322064e+00
1.925205274336102335e+00
1.924222007501038778e+00
1.923238743227938086e+00
1.922255481552920475e+00
1.921272222512421912e+00
1.920288966143191001e+00
1.919305712482291648e+00
1.918322461567101289e+00
1.917339213435312217e+00
1.916355968124930698e+00
1.915372725674276078e+00
1.914389486121984785e+00
1.913406249507004775e+00
1.912423015868598863e+00
1.911439785246344947e+00
1.910456557680134004e+00
1.909473333210172541e+00
1.908490111876980144e+00
1.907506893721391705e+00
1.906523678784554754e+00
1.905540467107932567e+00
1.904557258733301506e+00
1.903574053702753677e+00
1.902590852058694493e+00
1.901607653843842005e+00
1.900624459101231789e+00
1.899641267874210948e+00
1.898658080206442333e+00
1.897674896141902101e+00
1.896691715724881044e+00
1.895708538999984594e+00
1.894725366012131484e+00
1.893742196806555089e+00
1.892759031428803640e+00
1.891775869924738229e+00
1.890792712340535697e+00
1.889809558722686411e+00
1.888826409117994487e+00
1.887843263573578900e+00
1.886860122136872375e+00
1.885876984855623384e+00
1.884893851777891705e+00
1.883910722952053973e+00
1.882927598426800353e+00
1.881944478251134090e+00
1.880961362474375065e+00
1.879978251146154911e+00
1.878995144316420340e+00
1.878012042035433149e+00
1.877028944353767992e+00
1.876045851322314828e+00
1.875062762992277143e+00
1.874079679415173061e+00
1.873096600642834453e+00
1.872113526727408495e+00
1.871130457721355667e+00
1.870147393677449976e+00
1.869164334648781844e+00
1.868181280688754331e+00
1.867198231851083801e+00
1.866215188189803698e+00
1.865232149759259661e+00
1.864249116614110857e+00
1.863266088809333310e+00
1.862283066400215015e+00
1.861300049442359050e+00
1.860317037991682243e+00
1.859334032104416057e+00
1.858351031837106815e+00
1.857368037246613701e+00
1.856385048390110981e+00
1.855402065325087113e+00
1.854419088109344749e+00
1.853436116801000511e+00
1.852453151458485436e+00
1.851470192140544313e+00
1.850487238906237009e+00
1.849504291814937362e+00
1.848521350926333406e+00
1.847538416300426700e+00
1.846555487997533662e+00
1.845572566078285348e+00
1.844589650603627007e+00
1.843606741634816082e+00
1.842623839233427319e+00
1.841640943461347879e+00
1.840658054380779340e+00
1.839675172054237251e+00
1.838692296544552907e+00
1.837709427914869575e+00
1.836726566228646051e+00
1.835743711549656432e+00
1.834760863941986564e+00
1.833778023470037599e+00
1.832795190198526658e+00
1.831812364192481946e+00
1.830829545517248302e+00
1.829846734238483208e+00
1.828863930422159889e+00
1.827881134134565322e+00
1.826898345442299565e+00
1.825915564412277980e+00
1.824932791111729902e+00
1.823950025608199521e+00
1.822967267969544114e+00
1.821984518263936037e+00
1.821001776559861396e+00
1.820019042926120711e+00
1.819036317431828476e+00
1.818053600146414484e+00
1.817070891139620947e+00
1.816088190481506048e+00
1.815105498242440829e+00
1.814122814493112301e+00
1.813140139304518561e+00
1.812157472747976117e+00
1.811174814895112561e+00
1.810192165817869903e+00
1.809209525588506562e+00
1.808226894279593822e+00
1.807244271964015603e+00
1.806261658714973128e+00
1.805279054605979150e+00
1.804296459710862832e+00
1.803313874103765979e+00
1.802331297859145254e+00
1.801348731051771956e+00
1.800366173756730692e+00
1.799383626049421370e+00
1.798401088005556536e+00
1.797418559701164487e+00
1.796436041212587043e+00
1.795453532616480885e+00
1.794471033989815778e+00
1.793488545409877233e+00
1.792506066954263622e+00
1.791523598700887510e+00
1.790541140727977432e+00
1.789558693114073895e+00
1.788576255938033377e+00
1.787593829279025215e+00
1.786611413216534938e+00
1.785629007830360049e+00
1.784646613200612908e+00
1.783664229407721402e+00
1.782681856532426501e+00
1.781699494655782923e+00
1.780717143859161133e+00
1.779734804224244682e+00
1.778752475833031310e+00
1.777770158767834063e+00
1.776787853111278181e+00
1.775805558946305984e+00
1.774823276356171764e+00
1.773841005424444228e+00
1.772858746235007610e+00
1.771876498872059225e+00
1.770894263420111248e+00
1.769912039963989603e+00
1.768929828588834630e+00
1.767947629380100416e+00
1.766965442423556798e+00
1.765983267805286250e+00
1.765001105611686105e+00
1.764018955929467891e+00
1.763036818845657105e+00
1.762054694447594105e+00
1.761072582822932331e+00
1.760090484059641636e+00
1.759108398246002736e+00
1.758126325470614315e+00
1.757144265822386808e+00
1.756162219390544177e+00
1.755180186264627906e+00
1.754198166534491454e+00
1.753216160290301362e+00
1.752234167622541472e+00
1.751252188622007822e+00
1.750270223379810641e+00
1.749288271987375021e+00
1.748306334536440243e+00
1.747324411119060006e+00
1.746342501827601090e+00
1.745360606754745580e+00
1.744378725993490198e+00
1.743396859637144303e+00
1.742415007779333225e+00
1.741433170513995377e+00
1.740451347935382920e+00
1.739469540138064207e+00
1.738487747216920232e+00
1.737505969267146178e+00
1.736524206384253199e+00
1.735542458664064203e+00
1.734560726202717174e+00
1.733579009096666290e+00
1.732597307442677037e+00
1.731615621337830202e+00
1.730633950879522320e+00
1.729652296165461900e+00
1.728670657293672530e+00
1.727689034362493103e+00
1.726707427470574929e+00
1.725725836716883954e+00
1.724744262200702094e+00
1.723762704021623682e+00
1.722781162279556799e+00
1.721799637074725942e+00
1.720818128507668243e+00
1.719836636679235031e+00
1.718855161690593158e+00
1.717873703643222116e+00
1.716892262638916478e+00
1.715910838779785008e+00
1.714929432168250667e+00
1.713948042907049718e+00
1.712966671099234839e+00
1.711985316848170902e+00
1.711003980257537638e+00
1.710022661431329194e+00
1.709041360473853910e+00
1.708060077489733652e+00
1.707078812583905814e+00
1.706097565861621757e+00
1.705116337428445039e+00
1.704135127390256521e+00
1.703153935853249035e+00
1.702172762923930938e+00
1.701191608709124337e+00
1.700210473315964643e+00
1.699229356851903461e+00
1.698248259424704587e+00
1.697267181142447789e+00
1.696286122113525918e+00
1.695305082446646239e+00
1.694324062250830876e+00
1.693343061635415037e+00
1.692362080710049232e+00
1.691381119584698611e+00
1.690400178369640516e+00
1.689419257175467814e+00
1.688438356113088012e+00
1.687457475293722808e+00
1.686476614828906317e+00
1.685495774830489957e+00
1.684514955410636450e+00
1.683534156681823823e+00
1.682553378756845186e+00
1.681572621748807173e+00
1.680591885771129945e+00
1.679611170937549414e+00
1.678630477362114570e+00
1.677649805159187935e+00
1.676669154443449106e+00
1.675688525329888989e+00
1.674707917933813572e+00
1.673727332370844145e+00
1.672746768756914859e+00
1.671766227208273836e+00
1.670785707841486056e+00
1.669805210773427584e+00
1.668824736121289787e+00
1.667844284002579336e+00
1.666863854535115985e+00
1.665883447837033238e+00
1.664903064026781010e+00
1.663922703223120969e+00
1.662942365545130530e+00
1.661962051112199967e+00
1.660981760044036193e+00
1.660001492460657646e+00
1.659021248482398736e+00
1.658041028229907399e+00
1.657060831824145319e+00
1.656080659386390375e+00
1.655100511038233080e+00
1.654120386901576811e+00
1.653140287098642469e+00
1.652160211751962926e+00
1.651180160984386136e+00
1.650200134919073358e+00
1.649220133679501377e+00
1.648240157389460281e+00
1.647260206173054797e+00
1.646280280154703624e+00
1.645300379459139872e+00
1.644320504211410405e+00
1.643340654536877388e+00
1.642360830561216289e+00
1.641381032410416774e+00
1.640401260210783363e+00
1.639421514088934773e+00
1.638441794171802801e+00
1.637462100586634772e+00
1.636482433460992203e+00
1.635502792922749471e+00
1.634523179100096923e+00
1.633543592121537991e+00
1.632564032115890740e+00
1.631584499212287431e+00
1.630604993540174963e+00
1.629625515229312649e+00
1.628646064409776661e+00
1.627666641211955811e+00
1.626687245766553325e+00
1.625707878204587509e+00
1.624728538657389310e+00
1.623749227256604533e+00
1.622769944134194731e+00
1.621790689422433651e+00
1.620811463253909457e+00
1.619832265761526502e+00
1.618853097078500891e+00
1.617873957338364033e+00
1.616894846674962194e+00
1.615915765222454947e+00
1.614936713115316058e+00
1.613957690488334817e+00
1.612978697476612711e+00
1.611999734215566749e+00
1.611020800840928580e+00
1.610041897488742935e+00
1.609063024295369182e+00
1.608084181397481549e+00
1.607105368932067568e+00
1.606126587036429409e+00
1.605147835848183213e+00
1.604169115505260645e+00
1.603190426145905123e+00
1.602211767908676254e+00
1.601233140932447840e+00
1.600254545356406988e+00
1.599275981320054774e+00
1.598297448963208689e+00
1.597318948425997531e+00
1.596340479848866289e+00
1.595362043372573924e+00
1.594383639138192921e+00
1.593405267287110405e+00
1.592426927961027694e+00
1.591448621301960742e+00
1.590470347452238586e+00
1.589492106554506012e+00
1.588513898751721332e+00
1.587535724187155939e+00
1.586557583004397642e+00
1.585579475347347334e+00
1.584601401360219208e+00
1.583623361187543210e+00
1.582645354974163698e+00
1.581667382865237226e+00
1.580689445006236760e+00
1.579711541542948128e+00
1.578733672621472017e+00
1.577755838388223752e+00
1.576778038989931741e+00
1.575800274573638804e+00
1.574822545286702846e+00
1.573844851276795520e+00
1.572867192691902449e+00
1.571889569680324783e+00
1.570911982390675421e+00
1.569934430971883899e+00
1.568956915573192612e+00
1.567979436344158595e+00
1.567001993434653295e+00
1.566024586994861911e+00
1.565047217175284500e+00
1.564069884126735310e+00
1.563092588000341454e+00
1.562115328947546233e+00
1.561138107120105589e+00
1.560160922670091432e+00
1.559183775749887868e+00
1.558206666512194527e+00
1.557229595110024789e+00
1.556252561696706449e+00
1.555275566425882383e+00
1.554298609451506774e+00
1.553321690927852661e+00
1.552344811009502390e+00
1.551367969851356277e+00
1.550391167608627052e+00
1.549414404436841863e+00
1.548437680491842716e+00
1.547460995929784922e+00
1.546484350907139316e+00
1.545507745580689152e+00
1.544531180107533430e+00
1.543554654645084900e+00
1.542578169351070283e+00
1.541601724383531380e+00
1.540625319900823076e+00
1.539648956061614893e+00
1.538672633024890768e+00
1.537696350949949498e+00
1.536720109996402295e+00
1.535743910324176564e+00
1.534767752093512572e+00
1.533791635464965442e+00
1.532815560599404270e+00
1.531839527658013234e+00
1.530863536802288927e+00
1.529887588194043913e+00
1.528911681995404503e+00
1.527935818368810317e+00
1.526959997477016717e+00
1.525984219483091930e+00
1.525008484550419485e+00
1.524032792842696882e+00
1.523057144523934481e+00
1.522081539758459279e+00
1.521105978710910467e+00
1.520130461546242540e+00
1.519154988429723518e+00
1.518179559526936950e+00
1.517204175003778355e+00
1.516228835026460553e+00
1.515253539761507007e+00
1.514278289375758701e+00
1.513303084036368595e+00
1.512327923910805394e+00
1.511352809166850886e+00
1.510377739972601052e+00
1.509402716496467622e+00
1.508427738907174742e+00
1.507452807373762083e+00
1.506477922065582398e+00
1.505503083152303967e+00
1.504528290803908153e+00
1.503553545190690954e+00
1.502578846483263453e+00
1.501604194852548924e+00
1.500629590469787056e+00
1.499655033506530621e+00
1.498680524134646586e+00
1.497706062526316551e+00
1.496731648854035868e+00
1.495757283290614970e+00
1.494782966009177594e+00
1.493808697183162115e+00
1.492834476986321546e+00
1.491860305592721758e+00
1.490886183176744373e+00
1.489912109913084537e+00
1.488938085976751369e+00
1.487964111543069290e+00
1.486990186787676249e+00
1.486016311886523278e+00
1.485042487015878043e+00
1.484068712352320851e+00
1.483094988072745313e+00
1.482121314354362118e+00
1.481147691374693931e+00
1.480174119311578051e+00
1.479200598343166417e+00
1.478227128647925381e+00
1.477253710404634379e+00
1.476280343792388372e+00
1.475307028990596070e+00
1.474333766178979932e+00
1.473360555537577499e+00
1.472387397246740282e+00
1.471414291487132875e+00
1.470441238439736065e+00
1.469468238285843498e+00
1.468495291207063236e+00
1.467522397385318644e+00
1.466549557002845283e+00
1.465576770242194460e+00
1.464604037286232119e+00
1.463631358318136844e+00
1.462658733521402077e+00
1.461686163079835676e+00
1.460713647177560581e+00
1.459741185999012814e+00
1.458768779728942144e+00
1.457796428552414092e+00
1.456824132654807036e+00
1.455851892221814881e+00
1.454879707439445058e+00
1.453907578494018304e+00
1.452935505572171326e+00
1.451963488860854135e+00
1.450991528547330933e+00
1.450019624819180342e+00
1.449047777864295172e+00
1.448075987870882653e+00
1.447104255027463537e+00
1.446132579522873884e+00
1.445160961546263056e+00
1.444189401287095054e+00
1.443217898935148513e+00
1.442246454680515155e+00
1.441275068713601559e+00
1.440303741225129608e+00
1.439332472406133379e+00
1.438361262447962474e+00
1.437390111542280469e+00
1.436419019881065129e+00
1.435447987656608193e+00
1.434477015061516481e+00
1.433506102288710116e+00
1.432535249531423416e+00
1.431564456983206002e+00
1.430593724837920355e+00
1.429623053289743817e+00
1.428652442533169253e+00
1.427681892763000615e+00
1.426711404174359155e+00
1.425740976962678763e+00
1.424770611323708192e+00
1.423800307453509717e+00
1.422830065548460698e+00
1.421859885805252244e+00
1.420889768420889432e+00
1.419919713592692201e+00
1.418949721518294682e+00
1.417979792395644312e+00
1.417009926423004273e+00
1.416040123798949946e+00
1.415070384722373120e+00
1.414100709392478228e+00
1.413131098008785225e+00
1.412161550771126706e+00
1.411192067879650347e+00
1.410222649534818906e+00
1.409253295937408001e+00
1.408284007288508111e+00
1.407314783789523682e+00
1.406345625642173802e+00
1.405376533048490639e+00
1.404407506210822776e+00
1.403438545331831211e+00
1.402469650614491359e+00
1.401500822262093715e+00
1.400532060478242080e+00
1.399563365466854670e+00
1.398594737432164559e+00
1.397626176578718793e+00
1.396657683111377724e+00
1.395689257235317449e+00
1.394720899156027372e+00
1.393752609079310867e+00
1.392784387211286390e+00
1.391816233758385923e+00
1.390848148927355865e+00
1.389880132925257028e+00
1.388912185959464418e+00
1.387944308237667013e+00
1.386976499967868648e+00
1.386008761358386243e+00
1.385041092617852021e+00
1.384073493955212175e+00
1.383105965579727092e+00
1.382138507700970242e+00
1.381171120528831731e+00
1.380203804273514079e+00
1.379236559145533558e+00
1.378269385355723298e+00
1.377302283115227954e+00
1.376335252635506823e+00
1.375368294128335167e+00
1.374401407805801112e+00
1.373434593880306753e+00
1.372467852564568602e+00
1.371501184071618473e+00
1.370534588614801264e+00
1.369568066407777174e+00
1.368601617664518599e+00
1.367635242599314571e+00
1.366668941426766537e+00
1.365702714361790804e+00
1.364736561619618760e+00
1.363770483415794654e+00
1.362804479966178262e+00
1.361838551486941551e+00
1.360872698194572905e+00
1.359906920305874456e+00
1.358941218037961640e+00
1.357975591608264088e+00
1.357010041234527620e+00
1.356044567134809808e+00
1.355079169527484417e+00
1.354113848631238071e+00
1.353148604665071808e+00
1.352183437848301084e+00
1.351218348400556657e+00
1.350253336541782145e+00
1.349288402492235583e+00
1.348323546472489642e+00
1.347358768703430965e+00
1.346394069406260385e+00
1.345429448802492933e+00
1.344464907113959162e+00
1.343500444562800489e+00
1.342536061371476741e+00
1.341571757762759942e+00
1.340607533959734754e+00
1.339643390185803140e+00
1.338679326664679925e+00
1.337715343620392794e+00
1.336751441277286290e+00
1.335787619860017816e+00
1.334823879593557416e+00
1.333860220703193544e+00
1.332896643414523963e+00
1.331933147953464402e+00
1.330969734546243011e+00
1.330006403419402572e+00
1.329043154799800508e+00
1.328079988914607545e+00
1.327116905991309936e+00
1.326153906257706350e+00
1.325190989941911646e+00
1.324228157272353323e+00
1.323265408477774185e+00
1.322302743787230783e+00
1.321340163430094083e+00
1.320377667636049246e+00
1.319415256635094957e+00
1.318452930657545874e+00
1.317490689934028625e+00
1.316528534695485364e+00
1.315566465173173105e+00
1.314604481598661945e+00
1.313642584203836172e+00
1.312680773220894936e+00
1.311719048882351801e+00
1.310757411421034080e+00
1.309795861070082168e+00
1.308834398062953763e+00
1.307873022633416982e+00
1.306911735015557685e+00
1.305950535443773708e+00
1.304989424152777078e+00
1.304028401377596014e+00
1.303067467353571374e+00
1.302106622316358209e+00
1.301145866501925985e+00
1.300185200146559250e+00
1.299224623486855634e+00
1.298264136759727849e+00
1.297303740202401912e+00
1.296343434052418697e+00
1.295383218547633719e+00
1.294423093926216017e+00
1.293463060426648381e+00
1.292503118287729569e+00
1.291543267748570534e+00
1.290583509048598199e+00
1.289623842427552569e+00
1.288664268125488288e+00
1.287704786382773969e+00
1.286745397440093308e+00
1.285786101538442860e+00
1.284826898919134486e+00
1.283867789823794014e+00
1.282908774494360804e+00
1.281949853173089959e+00
1.280991026102549446e+00
1.280032293525621867e+00
1.279073655685504241e+00
1.278115112825707556e+00
1.277156665190057661e+00
1.276198313022692377e+00
1.275240056568067937e+00
1.274281896070951214e+00
1.273323831776423942e+00
1.272365863929883156e+00
1.271407992777039420e+00
1.270450218563917932e+00
1.269492541536857422e+00
1.268534961942511696e+00
1.267577480027848091e+00
1.266620096040148358e+00
1.265662810227009327e+00
1.264705622836340471e+00
1.263748534116365674e+00
1.262791544315625236e+00
1.261834653682971430e+00
1.260877862467571608e+00
1.259921170918906652e+00
1.258964579286772967e+00
1.258008087821279819e+00
1.257051696772851779e+00
1.256095406392227165e+00
1.255139216930458046e+00
1.254183128638911793e+00
1.253227141769269304e+00
1.252271256573525449e+00
1.251315473303990400e+00
1.250359792213287413e+00
1.249404213554353937e+00
1.248448737580443391e+00
1.247493364545121164e+00
1.246538094702267951e+00
1.245582928306078863e+00
1.244627865611063422e+00
1.243672906872043793e+00
1.242718052344158997e+00
1.241763302282859138e+00
1.240808656943911403e+00
1.239854116583395172e+00
1.238899681457706237e+00
1.237945351823551476e+00
1.236991127937955071e+00
1.236037010058253394e+00
1.235082998442098567e+00
1.234129093347455797e+00
1.233175295032604479e+00
1.232221603756139094e+00
1.231268019776967870e+00
1.230314543354313672e+00
1.229361174747712004e+00
1.228407914217015229e+00
1.227454762022387680e+00
1.226501718424309217e+00
1.225548783683572562e+00
1.224595958061287071e+00
1.223643241818873406e+00
1.222690635218068422e+00
1.221738138520923389e+00
1.220785751989801993e+00
1.219833475887383001e+00
1.218881310476660929e+00
1.217929256020942708e+00
1.216977312783849019e+00
1.216025481029317623e+00
1.215073761021597587e+00
1.214122153025252393e+00
1.213170657305161937e+00
1.212219274126518975e+00
1.211268003754830458e+00
1.210316846455916640e+00
1.209365802495914410e+00
1.208414872141272411e+00
1.207464055658755475e+00
1.206513353315441517e+00
1.205562765378722201e+00
1.204612292116305605e+00
1.203661933796211336e+00
1.202711690686774748e+00
1.201761563056645832e+00
1.200811551174787439e+00
1.199861655310477282e+00
1.198911875733308152e+00
1.197962212713185481e+00
1.197012666520329782e+00
1.196063237425276204e+00
1.195113925698873425e+00
1.194164731612284758e+00
1.193215655436987266e+00
1.192266697444772872e+00
1.191317857907746580e+00
1.190369137098329366e+00
1.189420535289255509e+00
1.188472052753573038e+00
1.187523689764645063e+00
1.186575446596147998e+00
1.185627323522073340e+00
1.184679320816727000e+00
1.183731438754728416e+00
1.182783677611010775e+00
1.181836037660822569e+00
1.180888519179726259e+00
1.179941122443598722e+00
1.178993847728629696e+00
1.178046695311325553e+00
1.177099665468504641e+00
1.176152758477300164e+00
1.175205974615160853e+00
1.174259314159848078e+00
1.173312777389437400e+00
1.172366364582319909e+00
1.171420076017200884e+00
1.170473911973097358e+00
1.169527872729344331e+00
1.168581958565587220e+00
1.167636169761788745e+00
1.166690506598224486e+00
1.165744969355484439e+00
1.164799558314472350e+00
1.163854273756406821e+00
1.162909115962821316e+00
1.161964085215561049e+00
1.161019181796789423e+00
1.160074405988980040e+00
1.159129758074922023e+00
1.158185238337721357e+00
1.157240847060794220e+00
1.156296584527872762e+00
1.155352451023004434e+00
1.154408446830549995e+00
1.153464572235183949e+00
1.152520827521895219e+00
1.151577212975987807e+00
1.150633728883078799e+00
1.149690375529100139e+00
1.148747153200297966e+00
1.147804062183232610e+00
1.146861102764778595e+00
1.145918275232125083e+00
1.144975579872774096e+00
1.144033016974543848e+00
1.143090586825565191e+00
1.142148289714283171e+00
1.141206125929459247e+00
1.140264095760166851e+00
1.139322199495792942e+00
1.138380437426042668e+00
1.137438809840931375e+00
1.136497317030789933e+00
1.135555959286263850e+00
1.134614736898312382e+00
1.133673650158209867e+00
1.132732699357543726e+00
1.131791884788216684e+00
1.130851206742444548e+00
1.129910665512757761e+00
1.128970261392001628e+00
1.128029994673335645e+00
1.127089865650232170e+00
1.126149874616479529e+00
1.125210021866179133e+00
1.124270307693746584e+00
1.123330732393913012e+00
1.122391296261722404e+00
1.121451999592532500e+00
1.120512842682017896e+00
1.119573825826165159e+00
1.118634949321274608e+00
1.117696213463962751e+00
1.116757618551159625e+00
1.115819164880108350e+00
1.114880852748368678e+00
1.113942682453811672e+00
1.113004654294623919e+00
1.112066768569307973e+00
1.111129025576677920e+00
1.110191425615862704e+00
1.109253968986307015e+00
1.108316655987768184e+00
1.107379486920318179e+00
1.106442462084344047e+00
1.105505581780545477e+00
1.104568846309937014e+00
1.103632255973848952e+00
1.102695811073923560e+00
1.101759511912117961e+00
1.100823358790705253e+00
1.099887352012269393e+00
1.098951491879712306e+00
1.098015778696247446e+00
1.097080212765403573e+00
1.096144794391023414e+00
1.095209523877264335e+00
1.094274401528597673e+00
1.093339427649808293e+00
1.092404602545996584e+00
1.091469926522576239e+00
1.090535399885274925e+00
1.089601022940135611e+00
1.088666795993515013e+00
1.087732719352084043e+00
1.086798793322827139e+00
1.085865018213044930e+00
1.084931394330349796e+00
1.083997921982669865e+00
1.083064601478247013e+00
1.082131433125637310e+00
1.081198417233711684e+00
1.080265554111654813e+00
1.079332844068966013e+00
1.078400287415457015e+00
1.077467884461256409e+00
1.076535635516805645e+00
1.075603540892859478e+00
1.074671600900490409e+00
1.073739815851080026e+00
1.072808186056327662e+00
1.071876711828247730e+00
1.070945393479164842e+00
1.070014231321721132e+00
1.069083225668872705e+00
1.068152376833887862e+00
1.067221685130351316e+00
1.066291150872161975e+00
1.065360774373530273e+00
1.064430555948983947e+00
1.063500495913363819e+00
1.062570594581824457e+00
1.061640852269835289e+00
1.060711269293179937e+00
1.059781845967956215e+00
1.058852582610575244e+00
1.057923479537764777e+00
1.056994537066563433e+00
1.056065755514326465e+00
1.055137135198723319e+00
1.054208676437736303e+00
1.053280379549662360e+00
1.052352244853114627e+00
1.051424272667017545e+00
1.050496463310610862e+00
1.049568817103450069e+00
1.048641334365402411e+00
1.047714015416651101e+00
1.046786860577692657e+00
1.045859870169338457e+00
1.044933044512714515e+00
1.044006383929258597e+00
1.043079888740726435e+00
1.042153559269185736e+00
1.041227395837016623e+00
1.040301398766918517e+00
1.039375568381900594e+00
1.038449905005287555e+00
1.037524408960719624e+00
1.036599080572149223e+00
1.035673920163844075e+00
1.034748928060386541e+00
1.033824104586672288e+00
1.032899450067911840e+00
1.031974964829630137e+00
1.031050649197665425e+00
1.030126503498169921e+00
1.029202528057612254e+00
1.028278723202773248e+00
1.027355089260747922e+00
1.026431626558947485e+00
1.025508335425095563e+00
1.024585216187229975e+00
1.023662269173703621e+00
1.022739494713183594e+00
1.021816893134650739e+00
1.020894464767399867e+00
1.019972209941041319e+00
1.019050128985497849e+00
1.018128222231008406e+00
1.017206490008124575e+00
1.016284932647712802e+00
1.015363550480953725e+00
1.014442343839342398e+00
1.013521313054687401e+00
1.012600458459112396e+00
1.011679780385055683e+00
1.010759279165267310e+00
1.009838955132814409e+00
1.008918808621077634e+00
1.007998839963750060e+00
1.007079049494841838e+00
1.006159437548674651e+00
1.005240004459886372e+00
1.004320750563428177e+00
1.003401676194565884e+00
1.002482781688877944e+00
1.001564067382260781e+00
1.000645533610920790e+00
9.997271807113812248e-01
9.988090090204779781e-01
9.978910188753631338e-01
9.969732106135023031e-01
9.960555845726724034e-01
9.951381410909694303e-01
9.942208805068006860e-01
9.933038031588876660e-01
9.923869093862671686e-01
9.914701995282899638e-01
9.905536739246203481e-01
9.896373329152374776e-01
9.887211768404344792e-01
9.878052060408191171e-01
9.868894208573129045e-01
9.859738216311519921e-01
9.850584087038851688e-01
9.841431824173789700e-01
9.832281431138110150e-01
9.823132911356733388e-01
9.813986268257741674e-01
9.804841505272343660e-01
9.795698625834889928e-01
9.786557633382884092e-01
9.777418531356969478e-01
9.768281323200911359e-01
9.759146012361650246e-01
9.750012602289246377e-01
9.740881096436908582e-01
9.731751498260987621e-01
9.722623811220982848e-01
9.713498038779517785e-01
9.704374184402377868e-01
9.695252251558488243e-01
9.686132243719900448e-01
9.677014164361823489e-01
9.667898016962608310e-01
9.658783805003736678e-01
9.649671531969845617e-01
9.640561201348711862e-01
9.631452816631240754e-01
9.622346381311499552e-01
9.613241898886686343e-01
9.604139372857141144e-01
9.595038806726354785e-01
9.585940204000953369e-01
9.576843568190700484e-01
9.567748902808519418e-01
9.558656211370453182e-01
9.549565497395704483e-01
9.540476764406609078e-01
9.531390015928653536e-01
9.522305255490453035e-01
9.513222486623773566e-01
9.504141712863534153e-01
9.495062937747775766e-01
9.485986164817692412e-01
9.476911397617620025e-01
9.467838639695034253e-01
9.458767894600557113e-01
9.449699165887948116e-01
9.440632457114108700e-01
9.431567771839086678e-01
9.422505113626069573e-01
9.413444486041397941e-01
9.404385892654525403e-01
9.395329337038087480e-01
9.386274822767834980e-01
9.377222353422656198e-01
9.368171932584612449e-01
9.359123563838871451e-01
9.350077250773767279e-01
9.341032996980769276e-01
9.331990806054486498e-01
9.322950681592672151e-01
9.313912627196225813e-01
9.304876646469182333e-01
9.295842743018718490e-01
9.286810920455164098e-01
9.277781182391986459e-01
9.268753532445779264e-01
9.259727974236302561e-01
9.250704511386442785e-01
9.241683147522234965e-01
9.232663886272860498e-01
9.223646731270636057e-01
9.214631686151018020e-01
9.205618754552609140e-01
9.196607940117165203e-01
9.187599246489557281e-01
9.178592677317829462e-01
9.169588236253147784e-01
9.160585926949820212e-01
9.151585753065321072e-01
9.142587718260233309e-01
9.133591826198304009e-01
9.124598080546419965e-01
9.115606484974605461e-01
9.106617043156024494e-01
9.097629758766982988e-01
9.088644635486948786e-01
9.079661676998507236e-01
9.070680886987390057e-01
9.061702269142490884e-01
9.052725827155823080e-01
9.043751564722544156e-01
9.034779485540977984e-01
9.025809593312559276e-01
9.016841891741882442e-01
9.007876384536681602e-01
8.998913075407832807e-01
8.989951968069345156e-01
8.980993066238394107e-01
8.972036373635274842e-01
8.963081893983422255e-01
8.954129631009439816e-01
8.945179588443044061e-01
8.936231770017111220e-01
8.927286179467657234e-01
8.918342820533833315e-01
8.909401696957939265e-01
8.900462812485419040e-01
8.891526170864849643e-01
8.882591775847958893e-01
8.873659631189614316e-01
8.864729740647825373e-01
8.855802107983741234e-01
8.846876736961661880e-01
8.837953631349020345e-01
8.829032794916393811e-01
8.820114231437505836e-01
8.811197944689217465e-01
8.802283938451533896e-01
8.793372216507606698e-01
8.784462782643729373e-01
8.775555640649319589e-01
8.766650794316965811e-01
8.757748247442376233e-01
8.748848003824414299e-01
8.739950067265083167e-01
8.731054441569525704e-01
8.722161130546022267e-01
8.713270138006010690e-01
8.704381467764050750e-01
8.695495123637866364e-01
8.686611109448305612e-01
8.677729429019365170e-01
8.668850086178190306e-01
8.659973084755052675e-01
8.651098428583394728e-01
8.642226121499765323e-01
8.633356167343877452e-01
8.624488569958588258e-01
8.615623333189887934e-01
8.606760460886904163e-01
8.597899956901930985e-01
8.589041825090377724e-01
8.580186069310804520e-01
8.571332693424922322e-01
8.562481701297575132e-01
8.553633096796757762e-01
8.544786883793593635e-01
8.535943066162361426e-01
8.527101647780470639e-01
8.518262632528490474e-01
8.509426024290114299e-01
8.500591826952186292e-01
8.491760044404694785e-01
8.482930680540763380e-01
8.474103739256655388e-01
8.465279224451800477e-01
