wavelength
2.833684552766687847e+00
2.832672900372152913e+00
2.831661351481920885e+00
2.830649905842623770e+00
2.829638563201208434e+00
2.828627323304934382e+00
2.827616185901373314e+00
2.826605150738413119e+00
2.825594217564252109e+00
2.824583386127403450e+00
2.823572656176692952e+00
2.822562027461261280e+00
2.821551499730560408e+00
2.820541072734357613e+00
2.819530746222731921e+00
2.818520519946076774e+00
2.817510393655098255e+00
2.816500367100816415e+00
2.815490440034564834e+00
2.814480612207989729e+00
2.813470883373051290e+00
2.812461253282021900e+00
2.811451721687489247e+00
2.810442288342352768e+00
2.809432952999825428e+00
2.808423715413435051e+00
2.807414575337021212e+00
2.806405532524737456e+00
2.805396586731050856e+00
2.804387737710740680e+00
2.803378985218901498e+00
2.802370329010939631e+00
2.801361768842576261e+00
2.800353304469843874e+00
2.799344935649089816e+00
2.798336662136975406e+00
2.797328483690473266e+00
2.796320400066871326e+00
2.795312411023769705e+00
2.794304516319082055e+00
2.793296715711035993e+00
2.792289008958171781e+00
2.791281395819343647e+00
2.790273876053718904e+00
2.789266449420777949e+00
2.788259115680315148e+00
2.787251874592437950e+00
2.786244725917566889e+00
2.785237669416436024e+00
2.784230704850092941e+00
2.783223831979898755e+00
2.782217050567527217e+00
2.781210360374966939e+00
2.780203761164517839e+00
2.779197252698794252e+00
2.778190834740724924e+00
2.777184507053549911e+00
2.776178269400824128e+00
2.775172121546415127e+00
2.774166063254503989e+00
2.773160094289585764e+00
2.772154214416467699e+00
2.771148423400271898e+00
2.770142721006432218e+00
2.769137107000696485e+00
2.768131581149126497e+00
2.767126143218097134e+00
2.766120792974296361e+00
2.765115530184725667e+00
2.764110354616699183e+00
2.763105266037845897e+00
2.762100264216106993e+00
2.761095348919737624e+00
2.760090519917306029e+00
2.759085776977693083e+00
2.758081119870094966e+00
2.757076548364019608e+00
2.756072062229288466e+00
2.755067661236036969e+00
2.754063345154713183e+00
2.753059113756079590e+00
2.752054966811210424e+00
2.751050904091494775e+00
2.750046925368635264e+00
2.749043030414646260e+00
2.748039219001856992e+00
2.747035490902908883e+00
2.746031845890757328e+00
2.745028283738671693e+00
2.744024804220233982e+00
2.743021407109338838e+00
2.742018092180195765e+00
2.741014859207327792e+00
2.740011707965569254e+00
2.739008638230069348e+00
2.738005649776290351e+00
2.737002742380008513e+00
2.735999915817312722e+00
2.734997169864604505e+00
2.733994504298600692e+00
2.732991918896329864e+00
2.731989413435134573e+00
2.730986987692671342e+00
2.729984641446907556e+00
2.728982374476128570e+00
2.727980186558927933e+00
2.726978077474216278e+00
2.725976047001215541e+00
2.724974094919462519e+00
2.723972221008806205e+00
2.722970425049409116e+00
2.721968706821748185e+00
2.720967066106612542e+00
2.719965502685104841e+00
2.718964016338641265e+00
2.717962606848951967e+00
2.716961273998079740e+00
2.715960017568380458e+00
2.714958837342524411e+00
2.713957733103494530e+00
2.712956704634587268e+00
2.711955751719411722e+00
2.710954874141891846e+00
2.709954071686264676e+00
2.708953344137079000e+00
2.707952691279198465e+00
2.706952112897799800e+00
2.705951608778373263e+00
2.704951178706721748e+00
2.703950822468961679e+00
2.702950539851524336e+00
2.701950330641151865e+00
2.700950194624902601e+00
2.699950131590144409e+00
2.698950141324563567e+00
2.697950223616154997e+00
2.696950378253230252e+00
2.695950605024411750e+00
2.694950903718637214e+00
2.693951274125157003e+00
2.692951716033535003e+00
2.691952229233648186e+00
2.690952813515687048e+00
2.689953468670155168e+00
2.688954194487869653e+00
2.687954990759962026e+00
2.686955857277875115e+00
2.685956793833366163e+00
2.684957800218507273e+00
2.683958876225680967e+00
2.682960021647585513e+00
2.681961236277231375e+00
2.680962519907942543e+00
2.679963872333356978e+00
2.678965293347424836e+00
2.677966782744410690e+00
2.676968340318892636e+00
2.675969965865760081e+00
2.674971659180219508e+00
2.673973420057786932e+00
2.672975248294294115e+00
2.671977143685885459e+00
2.670979106029018446e+00
2.669981135120464089e+00
2.668983230757307812e+00
2.667985392736946348e+00
2.666987620857091734e+00
2.665989914915768200e+00
2.664992274711313947e+00
2.663994700042379815e+00
2.662997190707931061e+00
2.661999746507245579e+00
2.661002367239914790e+00
2.660005052705843198e+00
2.659007802705250167e+00
2.658010617038665035e+00
2.657013495506934664e+00
2.656016437911216777e+00
2.655019444052982625e+00
2.654022513734017430e+00
2.653025646756419498e+00
2.652028842922600660e+00
2.651032102035285387e+00
2.650035423897513009e+00
2.649038808312635052e+00
2.648042255084316565e+00
2.647045764016536129e+00
2.646049334913585405e+00
2.645052967580070025e+00
2.644056661820909149e+00
2.643060417441333687e+00
2.642064234246889409e+00
2.641068112043435612e+00
2.640072050637143342e+00
2.639076049834498949e+00
2.638080109442300980e+00
2.637084229267661506e+00
2.636088409118006126e+00
2.635092648801073967e+00
2.634096948124916793e+00
2.633101306897901228e+00
2.632105724928705648e+00
2.631110202026321954e+00
2.630114738000056906e+00
2.629119332659529462e+00
2.628123985814671659e+00
2.627128697275729063e+00
2.626133466853262100e+00
2.625138294358141611e+00
2.624143179601555520e+00
2.623148122395001280e+00
2.622153122550292981e+00
2.621158179879556016e+00
2.620163294195229753e+00
2.619168465310067084e+00
2.618173693037133987e+00
2.617178977189810407e+00
2.616184317581788932e+00
2.615189714027075674e+00
2.614195166339990273e+00
2.613200674335165896e+00
2.612206237827548794e+00
2.611211856632398298e+00
2.610217530565288158e+00
2.609223259442103870e+00
2.608229043079046239e+00
2.607234881292627815e+00
2.606240773899675123e+00
2.605246720717328213e+00
2.604252721563040218e+00
2.603258776254578244e+00
2.602264884610021589e+00
2.601271046447763524e+00
2.600277261586511290e+00
2.599283529845284768e+00
2.598289851043417809e+00
2.597296225000556458e+00
2.596302651536660733e+00
2.595309130472005510e+00
2.594315661627176084e+00
2.593322244823074385e+00
2.592328879880912318e+00
2.591335566622217979e+00
2.590342304868831658e+00
2.589349094442906729e+00
2.588355935166910538e+00
2.587362826863623511e+00
2.586369769356138715e+00
2.585376762467864964e+00
2.584383806022521490e+00
2.583390899844142385e+00
2.582398043757075268e+00
2.581405237585980839e+00
2.580412481155832882e+00
2.579419774291918710e+00
2.578427116819839160e+00
2.577434508565508597e+00
2.576441949355154026e+00
2.575449439015316422e+00
2.574456977372850286e+00
2.573464564254923204e+00
2.572472199489015843e+00
2.571479882902921954e+00
2.570487614324750592e+00
2.569495393582921672e+00
2.568503220506170415e+00
2.567511094923543347e+00
2.566519016664402741e+00
2.565526985558422624e+00
2.564535001435590988e+00
2.563543064126208915e+00
2.562551173460891452e+00
2.561559329270565399e+00
2.560567531386473306e+00
2.559575779640169468e+00
2.558584073863522157e+00
2.557592413888712279e+00
2.556600799548234271e+00
2.555609230674897425e+00
2.554617707101822344e+00
2.553626228662444930e+00
2.552634795190511952e+00
2.551643406520085922e+00
2.550652062485541993e+00
2.549660762921567958e+00
2.548669507663165579e+00
2.547678296545650145e+00
2.546687129404650474e+00
2.545696006076107576e+00
2.544704926396277322e+00
2.543713890201726890e+00
2.542722897329340093e+00
2.541731947616311160e+00
2.540741040900148295e+00
2.539750177018674560e+00
2.538759355810024321e+00
2.537768577112646806e+00
2.536777840765304326e+00
2.535787146607071829e+00
2.534796494477338236e+00
2.533805884215805992e+00
2.532815315662490185e+00
2.531824788657719871e+00
2.530834303042138078e+00
2.529843858656699584e+00
2.528853455342673584e+00
2.527863092941642353e+00
2.526872771295501696e+00
2.525882490246461387e+00
2.524892249637042507e+00
2.523902049310081885e+00
2.522911889108728545e+00
2.521921768876445480e+00
2.520931688457007436e+00
2.519941647694504905e+00
2.518951646433340130e+00
2.517961684518228882e+00
2.516971761794200457e+00
2.515981878106598568e+00
2.514992033301078234e+00
2.514002227223609331e+00
2.513012459720474823e+00
2.512022730638270751e+00
2.511033039823907131e+00
2.510043387124606173e+00
2.509053772387904502e+00
2.508064195461651824e+00
2.507074656194011819e+00
2.506085154433459472e+00
2.505095690028785960e+00
2.504106262829093765e+00
2.503116872683799343e+00
2.502127519442632675e+00
2.501138202955637269e+00
2.500148923073168827e+00
2.499159679645898358e+00
2.498170472524808616e+00
2.497181301561196776e+00
2.496192166606672203e+00
2.495203067513159123e+00
2.494214004132893070e+00
2.493224976318425767e+00
2.492235983922619358e+00
2.491247026798651731e+00
2.490258104800012973e+00
2.489269217780506249e+00
2.488280365594248700e+00
2.487291548095670546e+00
2.486302765139515980e+00
2.485314016580841834e+00
2.484325302275018021e+00
2.483336622077729317e+00
2.482347975844971799e+00
2.481359363433057297e+00
2.480370784698608944e+00
2.479382239498563845e+00
2.478393727690173076e+00
2.477405249131000353e+00
2.476416803678922474e+00
2.475428391192131539e+00
2.474440011529130956e+00
2.473451664548737661e+00
2.472463350110083002e+00
2.471475068072611414e+00
2.470486818296080411e+00
2.469498600640560149e+00
2.468510414966435640e+00
2.467522261134404093e+00
2.466534139005476689e+00
2.465546048440978133e+00
2.464557989302545771e+00
2.463569961452130919e+00
2.462581964751997976e+00
2.461593999064724869e+00
2.460606064253202607e+00
2.459618160180635726e+00
2.458630286710542734e+00
2.457642443706753888e+00
2.456654631033415193e+00
2.455666848554983517e+00
2.454679096136231031e+00
2.453691373642241658e+00
2.452703680938414177e+00
2.451716017890460009e+00
2.450728384364404100e+00
2.449740780226584036e+00
2.448753205343652262e+00
2.447765659582573416e+00
2.446778142810625667e+00
2.445790654895400706e+00
2.444803195704803755e+00
2.443815765107053117e+00
2.442828362970680622e+00
2.441840989164531184e+00
2.440853643557764130e+00
2.439866326019850096e+00
2.438879036420575463e+00
2.437891774630037922e+00
2.436904540518649576e+00
2.435917333957136499e+00
2.434930154816536962e+00
2.433943002968202762e+00
2.432955878283799667e+00
2.431968780635306526e+00
2.430981709895015275e+00
2.429994665935530929e+00
2.429007648629773808e+00
2.428020657850974651e+00
2.427033693472680387e+00
2.426046755368748808e+00
2.425059843413353011e+00
2.424072957480978729e+00
2.423086097446424780e+00
2.422099263184803952e+00
2.421112454571541228e+00
2.420125671482376895e+00
2.419138913793362544e+00
2.418152181380865073e+00
2.417165474121562241e+00
2.416178791892448441e+00
2.415192134570828930e+00
2.414205502034322937e+00
2.413218894160862771e+00
2.412232310828695159e+00
2.411245751916379465e+00
2.410259217302789025e+00
2.409272706867109370e+00
2.408286220488840002e+00
2.407299758047794391e+00
2.406313319424098207e+00
2.405326904498191087e+00
2.404340513150827086e+00
2.403354145263071562e+00
2.402367800716304735e+00
2.401381479392219020e+00
2.400395181172822134e+00
2.399408905940432657e+00
2.398422653577684915e+00
2.397436423967524988e+00
2.396450216993212479e+00
2.395464032538320964e+00
2.394477870486737547e+00
2.393491730722661526e+00
2.392505613130607056e+00
2.391519517595400490e+00
2.390533444002181707e+00
2.389547392236404555e+00
2.388561362183835968e+00
2.387575353730556404e+00
2.386589366762958520e+00
2.385603401167750270e+00
2.384617456831951365e+00
2.383631533642895928e+00
2.382645631488231164e+00
2.381659750255916919e+00
2.380673889834226564e+00
2.379688050111748332e+00
2.378702230977382648e+00
2.377716432320342577e+00
2.376730654030156487e+00
2.375744895996663608e+00
2.374759158110019364e+00
2.373773440260689593e+00
2.372787742339456774e+00
2.371802064237413354e+00
2.370816405845967534e+00
2.369830767056840148e+00
2.368845147762065562e+00
2.367859547853990776e+00
2.366873967225276765e+00
2.365888405768898028e+00
2.364902863378142150e+00
2.363917339946610241e+00
2.362931835368216493e+00
2.361946349537188627e+00
2.360960882348067447e+00
2.359975433695708169e+00
2.358990003475278208e+00
2.358004591582258058e+00
2.357019197912443520e+00
2.356033822361942143e+00
2.355048464827175003e+00
2.354063125204876705e+00
2.353077803392094935e+00
2.352092499286191352e+00
2.351107212784841582e+00
2.350121943786032119e+00
2.349136692188066089e+00
2.348151457889556593e+00
2.347166240789433367e+00
2.346181040786937899e+00
2.345195857781623427e+00
2.344210691673360270e+00
2.343225542362329161e+00
2.342240409749024810e+00
2.341255293734256338e+00
2.340270194219145061e+00
2.339285111105126269e+00
2.338300044293949220e+00
2.337314993687674036e+00
2.336329959188677030e+00
2.335344940699647154e+00
2.334359938123585554e+00
2.333374951363807792e+00
2.332389980323942513e+00
2.331405024907932333e+00
2.330420085020032062e+00
2.329435160564810481e+00
2.328450251447149899e+00
2.327465357572245708e+00
2.326480478845607269e+00
2.325495615173055697e+00
2.324510766460727851e+00
2.323525932615072342e+00
2.322541113542851754e+00
2.321556309151140418e+00
2.320571519347328859e+00
2.319586744039118908e+00
2.318601983134526812e+00
2.317617236541881454e+00
2.316632504169824802e+00
2.315647785927313684e+00
2.314663081723616678e+00
2.313678391468316775e+00
2.312693715071309608e+00
2.311709052442805223e+00
2.310724403493325418e+00
2.309739768133707294e+00
2.308755146275099701e+00
2.307770537828965463e+00
2.306785942707080483e+00
2.305801360821535084e+00
2.304816792084731336e+00
2.303832236409386169e+00
2.302847693708528709e+00
2.301863163895502495e+00
2.300878646883963707e+00
2.299894142587882051e+00
2.298909650921539871e+00
2.297925171799534816e+00
2.296940705136776284e+00
2.295956250848487645e+00
2.294971808850204908e+00
2.293987379057778497e+00
2.293002961387371919e+00
2.292018555755460874e+00
2.291034162078836367e+00
2.290049780274600710e+00
2.289065410260171518e+00
2.288081051953279488e+00
2.287096705271966623e+00
2.286112370134591121e+00
2.285128046459822038e+00
2.284143734166644180e+00
2.283159433174353214e+00
2.282175143402560114e+00
2.281190864771188931e+00
2.280206597200475915e+00
2.279222340610971287e+00
2.278238094923540125e+00
2.277253860059358814e+00
2.276269635939917713e+00
2.275285422487020259e+00
2.274301219622785197e+00
2.273317027269641688e+00
2.272332845350334196e+00
2.271348673787919825e+00
2.270364512505769650e+00
2.269380361427567827e+00
2.268396220477311154e+00
2.267412089579310397e+00
2.266427968658190739e+00
2.265443857638889114e+00
2.264459756446655980e+00
2.263475665007056215e+00
2.262491583245966886e+00
2.261507511089579481e+00
2.260523448464397678e+00
2.259539395297240461e+00
2.258555351515237675e+00
2.257571317045833581e+00
2.256587291816787300e+00
2.255603275756169257e+00
2.254619268792363407e+00
2.253635270854069006e+00
2.252651281870296174e+00
2.251667301770369889e+00
2.250683330483928213e+00
2.249699367940922734e+00
2.248715414071617680e+00
2.247731468806591693e+00
2.246747532076735610e+00
2.245763603813254683e+00
2.244779683947667248e+00
2.243795772411804279e+00
2.242811869137811165e+00
2.241827974058146378e+00
2.240844087105580584e+00
2.239860208213199755e+00
2.238876337314402054e+00
2.237892474342899174e+00
2.236908619232716333e+00
2.235924771918191833e+00
2.234940932333977059e+00
2.233957100415038255e+00
2.232973276096653859e+00
2.231989459314414503e+00
2.231005650004226570e+00
2.230021848102309079e+00
2.229038053545193243e+00
2.228054266269724693e+00
2.227070486213062139e+00
2.226086713312677823e+00
2.225102947506357953e+00
2.224119188732200048e+00
2.223135436928616926e+00
2.222151692034334935e+00
2.221167953988391286e+00
2.220184222730139822e+00
2.219200498199245697e+00
2.218216780335688032e+00
2.217233069079759034e+00
2.216249364372064434e+00
2.215265666153523938e+00
2.214281974365369887e+00
2.213298288949147707e+00
2.212314609846717239e+00
2.211330937000250518e+00
2.210347270352233551e+00
2.209363609845465870e+00
2.208379955423060537e+00
2.207396307028443250e+00
2.206412664605353235e+00
2.205429028097844135e+00
2.204445397450280897e+00
2.203461772607344216e+00
2.202478153514025649e+00
2.201494540115632503e+00
2.200510932357784277e+00
2.199527330186413998e+00
2.198543733547767776e+00
2.197560142388404802e+00
2.196576556655199575e+00
2.195592976295337451e+00
2.194609401256317760e+00
2.193625831485955580e+00
2.192642266932375961e+00
2.191658707544018814e+00
2.190675153269638464e+00
2.189691604058300545e+00
2.188708059859385102e+00
2.187724520622586155e+00
2.186740986297909473e+00
2.185757456835676571e+00
2.184773932186519829e+00
2.183790412301386041e+00
2.182806897131535528e+00
2.181823386628543027e+00
2.180839880744293691e+00
2.179856379430988422e+00
2.178872882641142095e+00
2.177889390327579555e+00
2.176905902443443175e+00
2.175922418942185743e+00
2.174938939777574021e+00
2.173955464903690071e+00
2.172971994274925489e+00
2.171988527845988948e+00
2.171005065571901316e+00
2.170021607407995212e+00
2.169038153309919448e+00
2.168054703233633251e+00
2.167071257135411599e+00
2.166087814971842107e+00
2.165104376699824140e+00
2.164120942276573256e+00
2.163137511659616763e+00
2.162154084806795495e+00
2.161170661676262927e+00
2.160187242226487392e+00
2.159203826416249861e+00
2.158220414204644388e+00
2.157237005551078113e+00
2.156253600415273475e+00
2.155270198757263778e+00
2.154286800537397184e+00
2.153303405716335384e+00
2.152320014255051817e+00
2.151336626114834782e+00
2.150353241257285664e+00
2.149369859644319369e+00
2.148386481238163448e+00
2.147403106001359419e+00
2.146419733896761883e+00
2.145436364887538971e+00
2.144452998937172339e+00
2.143469636009456281e+00
2.142486276068499063e+00
2.141502919078722922e+00
2.140519565004861846e+00
2.139536213811965126e+00
2.138552865465393360e+00
2.137569519930822448e+00
2.136586177174239598e+00
2.135602837161947765e+00
2.134619499860561653e+00
2.133636165237009497e+00
2.132652833258532610e+00
2.131669503892687167e+00
2.130686177107341983e+00
2.129702852870677177e+00
2.128719531151189948e+00
2.127736211917687914e+00
2.126752895139293553e+00
2.125769580785441981e+00
2.124786268825881841e+00
2.123802959230675746e+00
2.122819651970198507e+00
2.121836347015139790e+00
2.120853044336500570e+00
2.119869743905597570e+00
2.118886445694059706e+00
2.117903149673828533e+00
2.116919855817160023e+00
2.115936564096623673e+00
2.114953274485101176e+00
2.113969986955788638e+00
2.112986701482195251e+00
2.112003418038142843e+00
2.111020136597768548e+00
2.110036857135520805e+00
2.109053579626161579e+00
2.108070304044768584e+00
2.107087030366729952e+00
2.106103758567747342e+00
2.105120488623839048e+00
2.104137220511333339e+00
2.103153954206872900e+00
2.102170689687413940e+00
2.101187426930226199e+00
2.100204165912892496e+00
2.099220906613308735e+00
2.098237649009684791e+00
2.097254393080544066e+00
2.096271138804721712e+00
2.095287886161369073e+00
2.094304635129947911e+00
2.093321385690235292e+00
2.092338137822320476e+00
2.091354891506607139e+00
2.090371646723811594e+00
2.089388403454963683e+00
2.088405161681406774e+00
2.087421921384797763e+00
2.086438682547105739e+00
2.085455445150615539e+00
2.084472209177922419e+00
2.083488974611936939e+00
2.082505741435882740e+00
2.081522509633296991e+00
2.080539279188029056e+00
2.079556050084243157e+00
2.078572822306415269e+00
2.077589595839337111e+00
2.076606370668110824e+00
2.075623146778154293e+00
2.074639924155198489e+00
2.073656702785285688e+00
2.072673482654773913e+00
2.071690263750333383e+00
2.070707046058947842e+00
2.069723829567914564e+00
2.068740614264844346e+00
2.067757400137661072e+00
2.066774187174601263e+00
2.065790975364216742e+00
2.064807764695371084e+00
2.063824555157241392e+00
2.062841346739318737e+00
2.061858139431406833e+00
2.060874933223623362e+00
2.059891728106399533e+00
2.058908524070479196e+00
2.057925321106920169e+00
2.056942119207093356e+00
2.055958918362682741e+00
2.054975718565686726e+00
2.053992519808414574e+00
2.053009322083493515e+00
2.052026125383858535e+00
2.051042929702762585e+00
2.050059735033769925e+00
2.049076541370757898e+00
2.048093348707918260e+00
2.047110157039754519e+00
2.046126966361085930e+00
2.045143776667043056e+00
2.044160587953070873e+00
2.043177400214927886e+00
2.042194213448684792e+00
2.041211027650726262e+00
2.040227842817750936e+00
2.039244658946770539e+00
2.038261476035109876e+00
2.037278294080405949e+00
2.036295113080612396e+00
2.035311933033992826e+00
2.034328753939126155e+00
2.033345575794903493e+00
2.032362398600529918e+00
2.031379222355524927e+00
2.030396047059719766e+00
2.029412872713259652e+00
2.028429699316602441e+00
2.027446526870520849e+00
2.026463355376099784e+00
2.025480184834738129e+00
2.024497015248147846e+00
2.023513846618353540e+00
2.022530678947695115e+00
2.021547512238823785e+00
2.020564346494705621e+00
2.019581181718619334e+00
2.018598017914156717e+00
2.017614855085223535e+00
2.016631693236038636e+00
2.015648532371134394e+00
2.014665372495356710e+00
2.013682213613864569e+00
2.012699055732130038e+00
2.011715898855938711e+00
2.010732742991390154e+00
2.009749588144896570e+00
2.008766434323184136e+00
2.007783281533291220e+00
2.006800129782571496e+00
2.005816979078690387e+00
2.004833829429627290e+00
2.003850680843674237e+00
2.002867533329437677e+00
2.001884386895837586e+00
2.000901241552106580e+00
1.999918097307790354e+00
1.998934954172748579e+00
1.997951812157153562e+00
1.996968671271492468e+00
1.995985531526564660e+00
1.995002392933482360e+00
1.994019255503672650e+00
1.993036119248874805e+00
1.992052984181142294e+00
1.991069850312841449e+00
1.990086717656651905e+00
1.989103586225566600e+00
1.988120456032892003e+00
1.987137327092248551e+00
1.986154199417569322e+00
1.985171073023100696e+00
1.984187947923402584e+00
1.983204824133348421e+00
1.982221701668125169e+00
1.981238580543232874e+00
1.980255460774484444e+00
1.979272342378006755e+00
1.978289225370240434e+00
1.977306109767939191e+00
1.976322995588169373e+00
1.975339882848311301e+00
1.974356771566058821e+00
1.973373661759418418e+00
1.972390553446710992e+00
1.971407446646570527e+00
1.970424341377943644e+00
1.969441237660090493e+00
1.968458135512585194e+00
1.967475034955315172e+00
1.966491936008480934e+00
1.965508838692595406e+00
1.964525743028487925e+00
1.963542649037297139e+00
1.962559556740477884e+00
1.961576466159797860e+00
1.960593377317336738e+00
1.959610290235489716e+00
1.958627204936963739e+00
1.957644121444779728e+00
1.956661039782272127e+00
1.955677959973088242e+00
1.954694882041188686e+00
1.953711806010848484e+00
1.952728731906654858e+00
1.951745659753508555e+00
1.950762589576624517e+00
1.949779521401530324e+00
1.948796455254067528e+00
1.947813391160389429e+00
1.946830329146964855e+00
1.945847269240574828e+00
1.944864211468313675e+00
1.943881155857589249e+00
1.942898102436123597e+00
1.941915051231950962e+00
1.940932002273419332e+00
1.939948955589190227e+00
1.938965911208237802e+00
1.937982869159851296e+00
1.936999829473631696e+00
1.936016792179493073e+00
1.935033757307665025e+00
1.934050724888688455e+00
1.933067694953418458e+00
1.932084667533023215e+00
1.931101642658984652e+00
1.930118620363097781e+00
1.929135600677470697e+00
1.928152583634525685e+00
1.927169569266997451e+00
1.926186557607934891e+00
1.925203548690699540e+00
1.924220542548966684e+00
1.923237539216725356e+00
1.922254538728277451e+00
1.921271541118237502e+00
1.920288546421535791e+00
1.919305554673412573e+00
1.918322565909424737e+00
1.917339580165440038e+00
1.916356597477641532e+00
1.915373617882524471e+00
1.914390641416897409e+00
1.913407668117883098e+00
1.912424698022916481e+00
1.911441731169747582e+00
1.910458767596437735e+00
1.909475807341363129e+00
1.908492850443213040e+00
1.907509896940990046e+00
1.906526946874008921e+00
1.905544000281900185e+00
1.904561057204605667e+00
1.903578117682381610e+00
1.902595181755796894e+00
1.901612249465734372e+00
1.900629320853390425e+00
1.899646395960273404e+00
1.898663474828207187e+00
1.897680557499327847e+00
1.896697644016084094e+00
1.895714734421239500e+00
1.894731828757869385e+00
1.893748927069364152e+00
1.892766029399425953e+00
1.891783135792072246e+00
1.890800246291631792e+00
1.889817360942747992e+00
1.888834479790376886e+00
1.887851602879788704e+00
1.886868730256566096e+00
1.885885861966606125e+00
1.884902998056118051e+00
1.883920138571625547e+00
1.882937283559964703e+00
1.881954433068286470e+00
1.880971587144053103e+00
1.879988745835041719e+00
1.879005909189342294e+00
1.878023077255358331e+00
1.877040250081806416e+00
1.876057427717716886e+00
1.875074610212433823e+00
1.874091797615613064e+00
1.873108989977225303e+00
1.872126187347554094e+00
1.871143389777196742e+00
1.870160597317062745e+00
1.869177810018376684e+00
1.868195027932675778e+00
1.867212251111809218e+00
1.866229479607941943e+00
1.865246713473550866e+00
1.864263952761426424e+00
1.863281197524671917e+00
1.862298447816705949e+00
1.861315703691257983e+00
1.860332965202372124e+00
1.859350232404406444e+00
1.858367505352030991e+00
1.857384784100230668e+00
1.856402068704301467e+00
1.855419359219855124e+00
1.854436655702816239e+00
1.853453958209422270e+00
1.852471266796223093e+00
1.851488581520083887e+00
1.850505902438182249e+00
1.849523229608008856e+00
1.848540563087367694e+00
1.847557902934377827e+00
1.846575249207469405e+00
1.845592601965386548e+00
1.844609961267188014e+00
1.843627327172244534e+00
1.842644699740240810e+00
1.841662079031174626e+00
1.840679465105356849e+00
1.839696858023413428e+00
1.838714257846281175e+00
1.837731664635211981e+00
1.836749078451770600e+00
1.835766499357835313e+00
1.834783927415596594e+00
1.833801362687560665e+00
1.832818805236544835e+00
1.831836255125681046e+00
1.830853712418414547e+00
1.829871177178503228e+00
1.828888649470018724e+00
1.827906129357346199e+00
1.826923616905183900e+00
1.825941112178543380e+00
1.824958615242750826e+00
1.823976126163443734e+00
1.822993645006574681e+00
1.822011171838408217e+00
1.821028706725523083e+00
1.820046249734811772e+00
1.819063800933478747e+00
1.818081360389043999e+00
1.817098928169338157e+00
1.816116504342507598e+00
1.815134088977010673e+00
1.814151682141619482e+00
1.813169283905420315e+00
1.812186894337811216e+00
1.811204513508504199e+00
1.810222141487525915e+00
1.809239778345214988e+00
1.808257424152223125e+00
1.807275078979516669e+00
1.806292742898374826e+00
1.805310415980389216e+00
1.804328098297466543e+00
1.803345789921825260e+00
1.802363490925998679e+00
1.801381201382832309e+00
1.800398921365484739e+00
1.799416650947430085e+00
1.798434390202453104e+00
1.797452139204653632e+00
1.796469898028444145e+00
1.795487666748550870e+00
1.794505445440014224e+00
1.793523234178185266e+00
1.792541033038731246e+00
1.791558842097632054e+00
1.790576661431179772e+00
1.789594491115980457e+00
1.788612331228954577e+00
1.787630181847335242e+00
1.786648043048668422e+00
1.785665914910813612e+00
1.784683797511944947e+00
1.783701690930547645e+00
1.782719595245422006e+00
1.781737510535681634e+00
1.780755436880752329e+00
1.779773374360375193e+00
1.778791323054602191e+00
1.777809283043801036e+00
1.776827254408651635e+00
1.775845237230146312e+00
1.774863231589593360e+00
1.773881237568611713e+00
1.772899255249135386e+00
1.771917284713411700e+00
1.770935326043999503e+00
1.769953379323774501e+00
1.768971444635921486e+00
1.767989522063941887e+00
1.767007611691648661e+00
1.766025713603170066e+00
1.765043827882945671e+00
1.764061954615729899e+00
1.763080093886589150e+00
1.762098245780904016e+00
1.761116410384368836e+00
1.760134587782990367e+00
1.759152778063089784e+00
1.758170981311300451e+00
1.757189197614569931e+00
1.756207427060159310e+00
1.755225669735642313e+00
1.754243925728906417e+00
1.753262195128152401e+00
1.752280478021893906e+00
1.751298774498959432e+00
1.750317084648489452e+00
1.749335408559937965e+00
1.748353746323072944e+00
1.747372098027975662e+00
1.746390463765039813e+00
1.745408843624973061e+00
1.744427237698797040e+00
1.743445646077845801e+00
1.742464068853768033e+00
1.741482506118523510e+00
1.740500957964387752e+00
1.739519424483948917e+00
1.738537905770107139e+00
1.737556401916077631e+00
1.736574913015388910e+00
1.735593439161881690e+00
1.734611980449711099e+00
1.733630536973345349e+00
1.732649108827565065e+00
1.731667696107465959e+00
1.730686298908455711e+00
1.729704917326255975e+00
1.728723551456902152e+00
1.727742201396742505e+00
1.726760867242437714e+00
1.725779549090964426e+00
1.724798247039609267e+00
1.723816961185975050e+00
1.722835691627976118e+00
1.721854438463842119e+00
1.720873201792114227e+00
1.719891981711647810e+00
1.718910778321611321e+00
1.717929591721486737e+00
1.716948422011069342e+00
1.715967269290467501e+00
1.714986133660103773e+00
1.714005015220713579e+00
1.713023914073345644e+00
1.712042830319361775e+00
1.711061764060438195e+00
1.710080715398562434e+00
1.709099684436037991e+00
1.708118671275479672e+00
1.707137676019817141e+00
1.706156698772292479e+00
1.705175739636461296e+00
1.704194798716192505e+00
1.703213876115668546e+00
1.702232971939385830e+00
1.701252086292152077e+00
1.700271219279091195e+00
1.699290371005638844e+00
1.698309541577543991e+00
1.697328731100869348e+00
1.696347939681990935e+00
1.695367167427597854e+00
1.694386414444693401e+00
1.693405680840592398e+00
1.692424966722925861e+00
1.691444272199635668e+00
1.690463597378978333e+00
1.689482942369523233e+00
1.688502307280152825e+00
1.687521692220064651e+00
1.686541097298766889e+00
1.685560522626083912e+00
1.684579968312151177e+00
1.683599434467418110e+00
1.682618921202648776e+00
1.681638428628918991e+00
1.680657956857618762e+00
1.679677506000451404e+00
1.678697076169432867e+00
1.677716667476894408e+00
1.676736280035477922e+00
1.675755913958140830e+00
1.674775569358152527e+00
1.673795246349097487e+00
1.672814945044871271e+00
1.671834665559684741e+00
1.670854408008060732e+00
1.669874172504836718e+00
1.668893959165162588e+00
1.667913768104502203e+00
1.666933599438632285e+00
1.665953453283642860e+00
1.664973329755937925e+00
1.663993228972234784e+00
1.663013151049563154e+00
1.662033096105267393e+00
1.661053064257004719e+00
1.660073055622745208e+00
1.659093070320772245e+00
1.658113108469684294e+00
1.657133170188390681e+00
1.656153255596116258e+00
1.655173364812398296e+00
1.654193497957086922e+00
1.653213655150347128e+00
1.652233836512655207e+00
1.651254042164802316e+00
1.650274272227893135e+00
1.649294526823344764e+00
1.648314806072887828e+00
1.647335110098566924e+00
1.646355439022739953e+00
1.645375792968077233e+00
1.644396172057563499e+00
1.643416576414496122e+00
1.642437006162486668e+00
1.641457461425459119e+00
1.640477942327651428e+00
1.639498448993614854e+00
1.638518981548213960e+00
1.637539540116626835e+00
1.636560124824343765e+00
1.635580735797170560e+00
1.634601373161224336e+00
1.633622037042937070e+00
1.632642727569053376e+00
1.631663444866630952e+00
1.630684189063041911e+00
1.629704960285970117e+00
1.628725758663414735e+00
1.627746584323686463e+00
1.626767437395411298e+00
1.625788318007526101e+00
1.624809226289284148e+00
1.623830162370248686e+00
1.622851126380299380e+00
1.621872118449627642e+00
1.620893138708738634e+00
1.619914187288450158e+00
1.618935264319894429e+00
1.617956369934517413e+00
1.616977504264077270e+00
1.615998667440645242e+00
1.615019859596607210e+00
1.614041080864661915e+00
1.613062331377820957e+00
1.612083611269409689e+00
1.611104920673067431e+00
1.610126259722746367e+00
1.609147628552711540e+00
1.608169027297541520e+00
1.607190456092128850e+00
1.606211915071679597e+00
1.605233404371712025e+00
1.604254924128058812e+00
1.603276474476865499e+00
1.602298055554591150e+00
1.601319667498008137e+00
1.600341310444202358e+00
1.599362984530573017e+00
1.598384689894832178e+00
1.597406426675005875e+00
1.596428195009433892e+00
1.595449995036768209e+00
1.594471826895975219e+00
1.593493690726333956e+00
1.592515586667437200e+00
1.591537514859190816e+00
1.590559475441814197e+00
1.589581468555840926e+00
1.588603494342116562e+00
1.587625552941800189e+00
1.586647644496365528e+00
1.585669769147598496e+00
1.584691927037598758e+00
1.583714118308778618e+00
1.582736343103865240e+00
1.581758601565898648e+00
1.580780893838230838e+00
1.579803220064529556e+00
1.578825580388773409e+00
1.577847974955255639e+00
1.576870403908583684e+00
1.575892867393676289e+00
1.574915365555768387e+00
1.573937898540404889e+00
1.572960466493446452e+00
1.571983069561067037e+00
1.571005707889752578e+00
1.570028381626303648e+00
1.569051090917833013e+00
1.568073835911768077e+00
1.567096616755849103e+00
1.566119433598129218e+00
1.565142286586975739e+00
1.564165175871069069e+00
1.563188101599402691e+00
1.562211063921283394e+00
1.561234062986331272e+00
1.560257098944480836e+00
1.559280171945978788e+00
1.558303282141386248e+00
1.557326429681575641e+00
1.556349614717736030e+00
1.555372837401366004e+00
1.554396097884280570e+00
1.553419396318607371e+00
1.552442732856786689e+00
1.551466107651572335e+00
1.550489520856032533e+00
1.549512972623546814e+00
1.548536463107810013e+00
1.547559992462829825e+00
1.546583560842926364e+00
1.545607168402734599e+00
1.544630815297201698e+00
1.543654501681588798e+00
1.542678227711470340e+00
1.541701993542733851e+00
1.540725799331579937e+00
1.539749645234523623e+00
1.538773531408393014e+00
1.537797458010327967e+00
1.536821425197784752e+00
1.535845433128529836e+00
1.534869481960644988e+00
1.533893571852524618e+00
1.532917702962877105e+00
1.531941875450723245e+00
1.530966089475398251e+00
1.529990345196549972e+00
1.529014642774139565e+00
1.528038982368442600e+00
1.527063364140046398e+00
1.526087788249852917e+00
1.525112254859076533e+00
1.524136764129246480e+00
1.523161316222204187e+00
1.522185911300103500e+00
1.521210549525414013e+00
1.520235231060916847e+00
1.519259956069707318e+00
1.518284724715194267e+00
1.517309537161098287e+00
1.516334393571455941e+00
1.515359294110615096e+00
1.514384238943237593e+00
1.513409228234299242e+00
1.512434262149088049e+00
1.511459340853205768e+00
1.510484464512568792e+00
1.509509633293405706e+00
1.508534847362257736e+00
1.507560106885980966e+00
1.506585412031744786e+00
1.505610762967030336e+00
1.504636159859633171e+00
1.503661602877663483e+00
1.502687092189542106e+00
1.501712627964005620e+00
1.500738210370102355e+00
1.499763839577195945e+00
1.498789515754960666e+00
1.497815239073386984e+00
1.496841009702776004e+00
1.495866827813744360e+00
1.494892693577221099e+00
1.493918607164449686e+00
1.492944568746984446e+00
1.491970578496696342e+00
1.490996636585766533e+00
1.490022743186692145e+00
1.489048898472281834e+00
1.488075102615659118e+00
1.487101355790259261e+00
1.486127658169832833e+00
1.485154009928441932e+00
1.484180411240463293e+00
1.483206862280586069e+00
1.482233363223813383e+00
1.481259914245460774e+00
1.480286515521159973e+00
1.479313167226852022e+00
1.478339869538794371e+00
1.477366622633556892e+00
1.476393426688022092e+00
1.475420281879386897e+00
1.474447188385161533e+00
1.473474146383167982e+00
1.472501156051543969e+00
1.471528217568739638e+00
1.470555331113517994e+00
1.469582496864955345e+00
1.468609715002442195e+00
1.467636985705682351e+00
1.466664309154691592e+00
1.465691685529800781e+00
1.464719115011653638e+00
1.463746597781206527e+00
1.462774134019729777e+00
1.461801723908807693e+00
1.460829367630336550e+00
1.459857065366527262e+00
1.458884817299902714e+00
1.457912623613300651e+00
1.456940484489872123e+00
1.455968400113079930e+00
1.454996370666701511e+00
1.454024396334827607e+00
1.453052477301862266e+00
1.452080613752521954e+00
1.451108805871838214e+00
1.450137053845154789e+00
1.449165357858129388e+00
1.448193718096732363e+00
1.447222134747247813e+00
1.446250607996273141e+00
1.445279138030719501e+00
1.444307725037810686e+00
1.443336369205084679e+00
1.442365070720392550e+00
1.441393829771898005e+00
1.440422646548079388e+00
1.439451521237727238e+00
1.438480454029945843e+00
1.437509445114153239e+00
1.436538494680081435e+00
1.435567602917773078e+00
1.434596770017587453e+00
1.433625996170195593e+00
1.432655281566581396e+00
1.431684626398043392e+00
1.430714030856192531e+00
1.429743495132953734e+00
1.428773019420565449e+00
1.427802603911578538e+00
1.426832248798857616e+00
1.425861954275581933e+00
1.424891720535241602e+00
1.423921547771642260e+00
1.422951436178901963e+00
1.421981385951452292e+00
1.421011397284038802e+00
1.420041470371719017e+00
1.419071605409865100e+00
1.418101802594161853e+00
1.417132062120607827e+00
1.416162384185515100e+00
1.415192768985508387e+00
1.414223216717526155e+00
1.413253727578821062e+00
1.412284301766957517e+00
1.411314939479815234e+00
1.410345640915584786e+00
1.409376406272772053e+00
1.408407235750195996e+00
1.407438129546989103e+00
1.406469087862596057e+00
1.405500110896776400e+00
1.404531198849601425e+00
1.403562351921457063e+00
1.402593570313042548e+00
1.401624854225369976e+00
1.400656203859764970e+00
1.399687619417866014e+00
1.398719101101626450e+00
1.397750649113311372e+00
1.396782263655500511e+00
1.395813944931085571e+00
1.394845693143272447e+00
1.393877508495580564e+00
1.392909391191842872e+00
1.391941341436204960e+00
1.390973359433125944e+00
1.390005445387378691e+00
1.389037599504049370e+00
1.388069821988537011e+00
1.387102113046554619e+00
1.386134472884128055e+00
1.385166901707597154e+00
1.384199399723614832e+00
1.383231967139147089e+00
1.382264604161473454e+00
1.381297310998186756e+00
1.380330087857193577e+00
1.379362934946713359e+00
1.378395852475279293e+00
1.377428840651738540e+00
1.376461899685249568e+00
1.375495029785285928e+00
1.374528231161634473e+00
1.373561504024394919e+00
1.372594848583980509e+00
1.371628265051117568e+00
1.370661753636846392e+00
1.369695314552520582e+00
1.368728948009805935e+00
1.367762654220683327e+00
1.366796433397446053e+00
1.365830285752700712e+00
1.364864211499366986e+00
1.363898210850679193e+00
1.362932284020183848e+00
1.361966431221741436e+00
1.361000652669525968e+00
1.360034948578023650e+00
1.359069319162034661e+00
1.358103764636673372e+00
1.357138285217366347e+00
1.356172881119854789e+00
1.355207552560191653e+00
1.354242299754744527e+00
1.353277122920194531e+00
1.352312022273534531e+00
1.351346998032072033e+00
1.350382050413427848e+00
1.349417179635536090e+00
1.348452385916644403e+00
1.347487669475312844e+00
1.346523030530415665e+00
1.345558469301140869e+00
1.344593986006988651e+00
1.343629580867773843e+00
1.342665254103622807e+00
1.341701005934977653e+00
1.340736836582592462e+00
1.339772746267534398e+00
1.338808735211185041e+00
1.337844803635238389e+00
1.336880951761702629e+00
1.335917179812897482e+00
1.334953488011459299e+00
1.333989876580335521e+00
1.333026345742786667e+00
1.332062895722387230e+00
1.331099526743026118e+00
1.330136239028903766e+00
1.329173032804535692e+00
1.328209908294748498e+00
1.327246865724684532e+00
1.326283905319799006e+00
1.325321027305859767e+00
1.324358231908947081e+00
1.323395519355457850e+00
1.322432889872098727e+00
1.321470343685891446e+00
1.320507881024171937e+00
1.319545502114588098e+00
1.318583207185101136e+00
1.317620996463986671e+00
1.316658870179833185e+00
1.315696828561541354e+00
1.314734871838328045e+00
1.313773000239719435e+00
1.312811213995560111e+00
1.311849513336003525e+00
1.310887898491519321e+00
1.309926369692888670e+00
1.308964927171207160e+00
1.308003571157883238e+00
1.307042301884639546e+00
1.306081119583511363e+00
1.305120024486847496e+00
1.304159016827309836e+00
1.303198096837874020e+00
1.302237264751828993e+00
1.301276520802777004e+00
1.300315865224633605e+00
1.299355298251627655e+00
1.298394820118301984e+00
1.297434431059512283e+00
1.296474131310427325e+00
1.295513921106529853e+00
1.294553800683615474e+00
1.293593770277793098e+00
1.292633830125485828e+00
1.291673980463428961e+00
1.290714221528672434e+00
1.289754553558578376e+00
1.288794976790823332e+00
1.287835491463396265e+00
1.286876097814600106e+00
1.285916796083050873e+00
1.284957586507677219e+00
1.283998469327723768e+00
1.283039444782745120e+00
1.282080513112611841e+00
1.281121674557506918e+00
1.280162929357925750e+00
1.279204277754678376e+00
1.278245719988887696e+00
1.277287256301990803e+00
1.276328886935736762e+00
1.275370612132188830e+00
1.274412432133724238e+00
1.273454347183031299e+00
1.272496357523114741e+00
1.271538463397290375e+00
1.270580665049187985e+00
1.269622962722751547e+00
1.268665356662237231e+00
1.267707847112215180e+00
1.266750434317569063e+00
1.265793118523495409e+00
1.264835899975504052e+00
1.263878778919418799e+00
1.262921755601376983e+00
1.261964830267828575e+00
1.261008003165536850e+00
1.260051274541579280e+00
1.259094644643345307e+00
1.258138113718539675e+00
1.257181682015178881e+00
1.256225349781593170e+00
1.255269117266426537e+00
1.254312984718636059e+00
1.253356952387493450e+00
1.252401020522580843e+00
1.251445189373795897e+00
1.250489459191350239e+00
1.249533830225766362e+00
1.248578302727882949e+00
1.247622876948849990e+00
1.246667553140132112e+00
1.245712331553505914e+00
1.244757212441063299e+00
1.243802196055207254e+00
1.242847282648655849e+00
1.241892472474440234e+00
1.240937765785904867e+00
1.239983162836706398e+00
1.239028663880816783e+00
1.238074269172520170e+00
1.237119978966413791e+00
1.236165793517409961e+00
1.235211713080730744e+00
1.234257737911916397e+00
1.233303868266817593e+00
1.232350104401598312e+00
1.231396446572736503e+00
1.230442895037023865e+00
1.229489450051564958e+00
1.228536111873777426e+00
1.227582880761392436e+00
1.226629756972455798e+00
1.225676740765325068e+00
1.224723832398671775e+00
1.223771032131480530e+00
1.222818340223049693e+00
1.221865756932990932e+00
1.220913282521228549e+00
1.219960917248001930e+00
1.219008661373861990e+00
1.218056515159674280e+00
1.217104478866616990e+00
1.216152552756181615e+00
1.215200737090173622e+00
1.214249032130710892e+00
1.213297438140226170e+00
1.212345955381464169e+00
1.211394584117483797e+00
1.210443324611656823e+00
1.209492177127668100e+00
1.208541141929517337e+00
1.207590219281515775e+00
1.206639409448288847e+00
1.205688712694775733e+00
1.204738129286228476e+00
1.203787659488212869e+00
1.202837303566607341e+00
1.201887061787604294e+00
1.200936934417708990e+00
1.199986921723740219e+00
1.199037023972831628e+00
1.198087241432427952e+00
1.197137574370288560e+00
1.196188023054485683e+00
1.195238587753405302e+00
1.194289268735746257e+00
1.193340066270521138e+00
1.192390980627056285e+00
1.191442012074990897e+00
1.190493160884276813e+00
1.189544427325180953e+00
1.188595811668282431e+00
1.187647314184473890e+00
1.186698935144961053e+00
1.185750674821263617e+00
1.184802533485215026e+00
1.183854511408960475e+00
1.182906608864960463e+00
1.181958826125987239e+00
1.181011163465126801e+00
1.180063621155779785e+00
1.179116199471658355e+00
1.178168898686789312e+00
1.177221719075512318e+00
1.176274660912480563e+00
1.175327724472660540e+00
1.174380910031331382e+00
1.173434217864087303e+00
1.172487648246834269e+00
1.171541201455792436e+00
1.170594877767494824e+00
1.169648677458788644e+00
1.168702600806833303e+00
1.167756648089102622e+00
1.166810819583383285e+00
1.165865115567775279e+00
1.164919536320692561e+00
1.163974082120860398e+00
1.163028753247321356e+00
1.162083549979427088e+00
1.161138472596846105e+00
1.160193521379557557e+00
1.159248696607855456e+00
1.158303998562347115e+00
1.157359427523952267e+00
1.156414983773905503e+00
1.155470667593753387e+00
1.154526479265357120e+00
1.153582419070889653e+00
1.152638487292838576e+00
1.151694684214005004e+00
1.150751010117502027e+00
1.149807465286757369e+00
1.148864050005512283e+00
1.147920764557820439e+00
1.146977609228048367e+00
1.146034584300878567e+00
1.145091690061303957e+00
1.144148926794632093e+00
1.143206294786484056e+00
1.142263794322794679e+00
1.141321425689810987e+00
1.140379189174094199e+00
1.139437085062518618e+00
1.138495113642271406e+00
1.137553275200854808e+00
1.136611570026082152e+00
1.135669998406081183e+00
1.134728560629294059e+00
1.133787256984475578e+00
1.132846087760691844e+00
1.131905053247326043e+00
1.130964153734071331e+00
1.130023389510936616e+00
1.129082760868242774e+00
1.128142268096625322e+00
1.127201911487031305e+00
1.126261691330722847e+00
1.125321607919274713e+00
1.124381661544574751e+00
1.123441852498825222e+00
1.122502181074540140e+00
1.121562647564547710e+00
1.120623252261990999e+00
1.119683995460323933e+00
1.118744877453315079e+00
1.117805898535046305e+00
1.116867058999912787e+00
1.115928359142622561e+00
1.114989799258197412e+00
1.114051379641973538e+00
1.113113100589598892e+00
1.112174962397034950e+00
1.111236965360557827e+00
1.110299109776756055e+00
1.109361395942531026e+00
1.108423824155098325e+00
1.107486394711987510e+00
1.106549107911039886e+00
1.105611964050411622e+00
1.104674963428571077e+00
1.103738106344300363e+00
1.102801393096695115e+00
1.101864823985164943e+00
1.100928399309431649e+00
1.099992119369530341e+00
1.099055984465811653e+00
1.098119994898937080e+00
1.097184150969881866e+00
1.096248452979935673e+00
1.095312901230701907e+00
1.094377496024094620e+00
1.093442237662343830e+00
1.092507126447992860e+00
1.091572162683897229e+00
1.090637346673226205e+00
1.089702678719462359e+00
1.088768159126402235e+00
1.087833788198155016e+00
1.086899566239142301e+00
1.085965493554102546e+00
1.085031570448083516e+00
1.084097797226448723e+00
1.083164174194874985e+00
1.082230701659351091e+00
1.081297379926180247e+00
1.080364209301978962e+00
1.079431190093676163e+00
1.078498322608516524e+00
1.077565607154055582e+00
1.076633044038162845e+00
1.075700633569022235e+00
1.074768376055129648e+00
1.073836271805295395e+00
1.072904321128642424e+00
1.071972524334607657e+00
1.071040881732941319e+00
1.070109393633706274e+00
1.069178060347279358e+00
1.068246882184351154e+00
1.067315859455924665e+00
1.066384992473316640e+00
1.065454281548157578e+00
1.064523726992390840e+00
1.063593329118273756e+00
1.062663088238376741e+00
1.061733004665582625e+00
1.060803078713089320e+00
1.059873310694406046e+00
1.058943700923357545e+00
1.058014249714080535e+00
1.057084957381026147e+00
1.056155824238957708e+00
1.055226850602952293e+00
1.054298036788400728e+00
1.053369383111007362e+00
1.052440889886788522e+00
1.051512557432074946e+00
1.050584386063511788e+00
1.049656376098055954e+00
1.048728527852978099e+00
1.047800841645861958e+00
1.046873317794605462e+00
1.045945956617420070e+00
1.045018758432828543e+00
1.044091723559669838e+00
1.043164852317094882e+00
1.042238145024566798e+00
1.041311602001864456e+00
1.040385223569078477e+00
1.039459010046613452e+00
1.038532961755187056e+00
1.037607079015830047e+00
1.036681362149887597e+00
1.035755811479017519e+00
1.034830427325190483e+00
1.033905210010691578e+00
1.032980159858119418e+00
1.032055277190384368e+00
1.031130562330710987e+00
1.030206015602637803e+00
1.029281637330016652e+00
1.028357427837011784e+00
1.027433387448102087e+00
1.026509516488077756e+00
1.025585815282044955e+00
1.024662284155421377e+00
1.023738923433938686e+00
1.022815733443642294e+00
1.021892714510890254e+00
1.020969866962353922e+00
1.020047191125019070e+00
1.019124687326184109e+00
1.018202355893460531e+00
1.017280197154772914e+00
1.016358211438360915e+00
1.015436399072776386e+00
1.014514760386884706e+00
1.013593295709863673e+00
1.012672005371205719e+00
1.011750889700716138e+00
1.010829949028514196e+00
1.009909183685031353e+00
1.008988594001013706e+00
1.008068180307519324e+00
1.007147942935920915e+00
1.006227882217904268e+00
1.005307998485468257e+00
1.004388292070925059e+00
1.003468763306899270e+00
1.002549412526331452e+00
1.001630240062473476e+00
1.000711246248891850e+00
9.997924314194643891e-01
9.988737959083842100e-01
9.979553400501570692e-01
9.970370641796020283e-01
9.961189686318521197e-01
9.952010537423530145e-01
9.942833198468650213e-01
9.933657672814590889e-01
9.924483963825225796e-01
9.915312074867543846e-01
9.906142009311669216e-01
9.896973770530870240e-01
9.887807361901539416e-01
9.878642786803206732e-01
9.869480048618530788e-01
9.860319150733314331e-01
9.851160096536484279e-01
9.842002889420102818e-01
9.832847532779367405e-01
9.823694030012601885e-01
9.814542384521285356e-01
9.805392599710005541e-01
9.796244678986498755e-01
9.787098625761627702e-01
9.777954443449390354e-01
9.768812135466922175e-01
9.759671705234482797e-01
9.750533156175484883e-01
9.741396491716451944e-01
9.732261715287051640e-01
9.723128830320091343e-01
9.713997840251495930e-01
9.704868748520341093e-01
9.695741558568828911e-01
9.686616273842290070e-01
9.677492897789194970e-01
9.668371433861153719e-01
9.659251885512891711e-01
9.650134256202287375e-01
9.641018549390338865e-01
9.631904768541188488e-01
9.622792917122098277e-01
9.613682998603485519e-01
9.604575016458882786e-01
9.595468974164960141e-01
9.586364875201527358e-01
9.577262723051520599e-01
9.568162521201013515e-01
9.559064273139208368e-01
9.549967982358453789e-01
9.540873652354220358e-01
9.531781286625113925e-01
9.522690888672875609e-01
9.513602462002384019e-01
9.504516010121648595e-01
9.495431536541802942e-01
9.486349044777124817e-01
9.477268538345038351e-01
9.468190020766069637e-01
9.459113495563900020e-01
9.450038966265346119e-01
9.440966436400344275e-01
9.431895909501974984e-01
9.422827389106447349e-01
9.413760878753110184e-01
9.404696381984440912e-01
9.395633902346058886e-01
9.386573443386696525e-01
9.377515008658243723e-01
9.368458601715707879e-01
9.359404226117240544e-01
9.350351885424115217e-01
9.341301583200758429e-01
9.332253323014709778e-01
9.323207108436650792e-01
9.314162943040398268e-01
9.305120830402899834e-01
9.296080774104238387e-01
9.287042777727632092e-01
9.278006844859425506e-01
9.268972979089109554e-01
9.259941184009299331e-01
9.250911463215745201e-01
9.241883820307328357e-01
9.232858258886069702e-01
9.223834782557123191e-01
9.214813394928762502e-01
9.205794099612423231e-01
9.196776900222649598e-01
9.187761800377127752e-01
9.178748803696681335e-01
9.169737913805260376e-01
9.160729134329959056e-01
9.151722468900986840e-01
9.142717921151701788e-01
9.133715494718599448e-01
9.124715193241295097e-01
9.115717020362545941e-01
9.106720979728244458e-01
9.097727074987409512e-01
9.088735309792199679e-01
9.079745687797899922e-01
9.070758212662943798e-01
9.061772888048884589e-01
9.052789717620408627e-01
9.043808705045341956e-01
9.034829853994654769e-01
9.025853168142423666e-01
9.016878651165880498e-01
9.007906306745381286e-01
8.998936138564428422e-01
8.989968150309644024e-01
8.981002345670783260e-01
8.972038728340745450e-01
8.963077302015562964e-01
8.954118070394383455e-01
8.945161037179509833e-01
8.936206206076378056e-01
8.927253580793539367e-01
8.918303165042691383e-01
8.909354962538669209e-01
8.900408976999432120e-01
8.891465212146072439e-01
8.882523671702831081e-01
8.873584359397059806e-01
8.864647278959270071e-01
8.855712434123086396e-01
8.846779828625273012e-01
8.837849466205729421e-01
8.828921350607494833e-01
8.819995485576723748e-01
8.811071874862717035e-01
8.802150522217921935e-01
8.793231431397894315e-01
8.784314606161334194e-01
8.775400050270076857e-01
8.766487767489099525e-01
8.757577761586488041e-01
8.748670036333494604e-01
8.739764595504468936e-01
8.730861442876931555e-01
8.721960582231509385e-01
8.713062017351975719e-01
8.704165752025232461e-01
8.695271790041319004e-01
8.686380135193405572e-01
8.677490791277790994e-01
8.668603762093918252e-01
8.659719051444363380e-01
8.650836663134826576e-01
8.641956600974149971e-01
8.633078868774304304e-01
8.624203470350397804e-01
8.615330409520662869e-01
8.606459690106482707e-01
8.597591315932360256e-01
8.588725290825940384e-01
8.579861618617998786e-01
8.571000303142437549e-01
8.562141348236300686e-01
8.553284757739760824e-01
8.544430535496130297e-01
8.535578685351861150e-01
8.526729211156520716e-01
8.517882116762816036e-01
8.509037406026600525e-01
8.500195082806842883e-01
8.491355150965658183e-01
8.482517614368294545e-01
8.473682476883119818e-01
8.464849742381661546e-01
