wavelength
1.410939239000861711e+00
1.410473399841770448e+00
1.410007560682679184e+00
1.409541721523587920e+00
1.409075882364496657e+00
1.408610043205405393e+00
1.408144204046314130e+00
1.407678364887222866e+00
1.407212525728131602e+00
1.406746686569040339e+00
1.406280847409949075e+00
1.405815008250858034e+00
1.405349169091766770e+00
1.404883329932675506e+00
1.404417490773584243e+00
1.403951651614492979e+00
1.403485812455401716e+00
1.403019973296310452e+00
1.402554134137219188e+00
1.402088294978127925e+00
1.401622455819036661e+00
1.401156616659945398e+00
1.400690777500854134e+00
1.400224938341762870e+00
1.399759099182671607e+00
1.399293260023580343e+00
1.398827420864489079e+00
1.398361581705397816e+00
1.397895742546306552e+00
1.397429903387215289e+00
1.396964064228124025e+00
1.396498225069032761e+00
1.396032385909941720e+00
1.395566546750850456e+00
1.395100707591759193e+00
1.394634868432667929e+00
1.394169029273576665e+00
1.393703190114485402e+00
1.393237350955394138e+00
1.392771511796302875e+00
1.392305672637211611e+00
1.391839833478120347e+00
1.391373994319029084e+00
1.390908155159937820e+00
1.390442316000846557e+00
1.389976476841755293e+00
1.389510637682664029e+00
1.389044798523572766e+00
1.388578959364481502e+00
1.388113120205390238e+00
1.387647281046298975e+00
1.387181441887207711e+00
1.386715602728116448e+00
1.386249763569025406e+00
1.385783924409934142e+00
1.385318085250842879e+00
1.384852246091751615e+00
1.384386406932660352e+00
1.383920567773569088e+00
1.383454728614477824e+00
1.382988889455386561e+00
1.382523050296295297e+00
1.382057211137204034e+00
1.381591371978112770e+00
1.381125532819021506e+00
1.380659693659930243e+00
1.380193854500838979e+00
1.379728015341747716e+00
1.379262176182656452e+00
1.378796337023565188e+00
1.378330497864473925e+00
1.377864658705382661e+00
1.377398819546291397e+00
1.376932980387200356e+00
1.376467141228109092e+00
1.376001302069017829e+00
1.375535462909926565e+00
1.375069623750835301e+00
1.374603784591744038e+00
1.374137945432652774e+00
1.373672106273561511e+00
1.373206267114470247e+00
1.372740427955378983e+00
1.372274588796287720e+00
1.371808749637196456e+00
1.371342910478105193e+00
1.370877071319013929e+00
1.370411232159922665e+00
1.369945393000831402e+00
1.369479553841740138e+00
1.369013714682648875e+00
1.368547875523557611e+00
1.368082036364466347e+00
1.367616197205375084e+00
1.367150358046284042e+00
1.366684518887192779e+00
1.366218679728101515e+00
1.365752840569010251e+00
1.365287001409918988e+00
1.364821162250827724e+00
1.364355323091736460e+00
1.363889483932645197e+00
1.363423644773553933e+00
1.362957805614462670e+00
1.362491966455371406e+00
1.362026127296280142e+00
1.361560288137188879e+00
1.361094448978097615e+00
1.360628609819006352e+00
1.360162770659915088e+00
1.359696931500823824e+00
1.359231092341732561e+00
1.358765253182641297e+00
1.358299414023550034e+00
1.357833574864458770e+00
1.357367735705367728e+00
1.356901896546276465e+00
1.356436057387185201e+00
1.355970218228093938e+00
1.355504379069002674e+00
1.355038539909911410e+00
1.354572700750820147e+00
1.354106861591728883e+00
1.353641022432637619e+00
1.353175183273546356e+00
1.352709344114455092e+00
1.352243504955363829e+00
1.351777665796272565e+00
1.351311826637181301e+00
1.350845987478090038e+00
1.350380148318998774e+00
1.349914309159907511e+00
1.349448470000816247e+00
1.348982630841724983e+00
1.348516791682633720e+00
1.348050952523542456e+00
1.347585113364451415e+00
1.347119274205360151e+00
1.346653435046268887e+00
1.346187595887177624e+00
1.345721756728086360e+00
1.345255917568995097e+00
1.344790078409903833e+00
1.344324239250812569e+00
1.343858400091721306e+00
1.343392560932630042e+00
1.342926721773538778e+00
1.342460882614447515e+00
1.341995043455356251e+00
1.341529204296264988e+00
1.341063365137173724e+00
1.340597525978082460e+00
1.340131686818991197e+00
1.339665847659899933e+00
1.339200008500808670e+00
1.338734169341717406e+00
1.338268330182626364e+00
1.337802491023535101e+00
1.337336651864443837e+00
1.336870812705352574e+00
1.336404973546261310e+00
1.335939134387170046e+00
1.335473295228078783e+00
1.335007456068987519e+00
1.334541616909896256e+00
1.334075777750804992e+00
1.333609938591713728e+00
1.333144099432622465e+00
1.332678260273531201e+00
1.332212421114439937e+00
1.331746581955348674e+00
1.331280742796257410e+00
1.330814903637166147e+00
1.330349064478074883e+00
1.329883225318983619e+00
1.329417386159892356e+00
1.328951547000801092e+00
1.328485707841709829e+00
1.328019868682618787e+00
1.327554029523527523e+00
1.327088190364436260e+00
1.326622351205344996e+00
1.326156512046253733e+00
1.325690672887162469e+00
1.325224833728071205e+00
1.324758994568979942e+00
1.324293155409888678e+00
1.323827316250797415e+00
1.323361477091706151e+00
1.322895637932614887e+00
1.322429798773523624e+00
1.321963959614432360e+00
1.321498120455341097e+00
1.321032281296249833e+00
1.320566442137158569e+00
1.320100602978067306e+00
1.319634763818976042e+00
1.319168924659885000e+00
1.318703085500793737e+00
1.318237246341702473e+00
1.317771407182611210e+00
1.317305568023519946e+00
1.316839728864428682e+00
1.316373889705337419e+00
1.315908050546246155e+00
1.315442211387154892e+00
1.314976372228063628e+00
1.314510533068972364e+00
1.314044693909881101e+00
1.313578854750789837e+00
1.313113015591698574e+00
1.312647176432607310e+00
1.312181337273516046e+00
1.311715498114424783e+00
1.311249658955333519e+00
1.310783819796242256e+00
1.310317980637150992e+00
1.309852141478059728e+00
1.309386302318968465e+00
1.308920463159877423e+00
1.308454624000786159e+00
1.307988784841694896e+00
1.307522945682603632e+00
1.307057106523512369e+00
1.306591267364421105e+00
1.306125428205329841e+00
1.305659589046238578e+00
1.305193749887147314e+00
1.304727910728056051e+00
1.304262071568964787e+00
1.303796232409873523e+00
1.303330393250782260e+00
1.302864554091690996e+00
1.302398714932599733e+00
1.301932875773508469e+00
1.301467036614417205e+00
1.301001197455325942e+00
1.300535358296234678e+00
1.300069519137143415e+00
1.299603679978052373e+00
1.299137840818961109e+00
1.298672001659869846e+00
1.298206162500778582e+00
1.297740323341687319e+00
1.297274484182596055e+00
1.296808645023504791e+00
1.296342805864413528e+00
1.295876966705322264e+00
1.295411127546231000e+00
1.294945288387139737e+00
1.294479449228048473e+00
1.294013610068957210e+00
1.293547770909865946e+00
1.293081931750774682e+00
1.292616092591683419e+00
1.292150253432592155e+00
1.291684414273500892e+00
1.291218575114409628e+00
1.290752735955318364e+00
1.290286896796227101e+00
1.289821057637135837e+00
1.289355218478044796e+00
1.288889379318953532e+00
1.288423540159862268e+00
1.287957701000771005e+00
1.287491861841679741e+00
1.287026022682588478e+00
1.286560183523497214e+00
1.286094344364405950e+00
1.285628505205314687e+00
1.285162666046223423e+00
1.284696826887132159e+00
1.284230987728040896e+00
1.283765148568949632e+00
1.283299309409858369e+00
1.282833470250767105e+00
1.282367631091675841e+00
1.281901791932584578e+00
1.281435952773493314e+00
1.280970113614402051e+00
1.280504274455311009e+00
1.280038435296219745e+00
1.279572596137128482e+00
1.279106756978037218e+00
1.278640917818945955e+00
1.278175078659854691e+00
1.277709239500763427e+00
1.277243400341672164e+00
1.276777561182580900e+00
1.276311722023489637e+00
1.275845882864398373e+00
1.275380043705307109e+00
1.274914204546215846e+00
1.274448365387124582e+00
1.273982526228033318e+00
1.273516687068942055e+00
1.273050847909850791e+00
1.272585008750759528e+00
1.272119169591668264e+00
1.271653330432577000e+00
1.271187491273485737e+00
1.270721652114394473e+00
1.270255812955303210e+00
1.269789973796212168e+00
1.269324134637120904e+00
1.268858295478029641e+00
1.268392456318938377e+00
1.267926617159847114e+00
1.267460778000755850e+00
1.266994938841664586e+00
1.266529099682573323e+00
1.266063260523482059e+00
1.265597421364390796e+00
1.265131582205299532e+00
1.264665743046208268e+00
1.264199903887117005e+00
1.263734064728025741e+00
1.263268225568934477e+00
1.262802386409843214e+00
1.262336547250751950e+00
1.261870708091660687e+00
1.261404868932569645e+00
1.260939029773478381e+00
1.260473190614387118e+00
1.260007351455295854e+00
1.259541512296204591e+00
1.259075673137113327e+00
1.258609833978022063e+00
1.258143994818930800e+00
1.257678155659839536e+00
1.257212316500748273e+00
1.256746477341657009e+00
1.256280638182565745e+00
1.255814799023474482e+00
1.255348959864383218e+00
1.254883120705291955e+00
1.254417281546200691e+00
1.253951442387109427e+00
1.253485603228018164e+00
1.253019764068926900e+00
1.252553924909835636e+00
1.252088085750744373e+00
1.251622246591653109e+00
1.251156407432561846e+00
1.250690568273470582e+00
1.250224729114379540e+00
1.249758889955288277e+00
1.249293050796197013e+00
1.248827211637105750e+00
1.248361372478014486e+00
1.247895533318923222e+00
1.247429694159831959e+00
1.246963855000740695e+00
1.246498015841649432e+00
1.246032176682558168e+00
1.245566337523466904e+00
1.245100498364375641e+00
1.244634659205284377e+00
1.244168820046193114e+00
1.243702980887101850e+00
1.243237141728010586e+00
1.242771302568919323e+00
1.242305463409828059e+00
1.241839624250737018e+00
1.241373785091645754e+00
1.240907945932554490e+00
1.240442106773463227e+00
1.239976267614371963e+00
1.239510428455280699e+00
1.239044589296189436e+00
1.238578750137098172e+00
1.238112910978006909e+00
1.237647071818915645e+00
1.237181232659824381e+00
1.236715393500733118e+00
1.236249554341641854e+00
1.235783715182550591e+00
1.235317876023459327e+00
1.234852036864368063e+00
1.234386197705276800e+00
1.233920358546185536e+00
1.233454519387094273e+00
1.232988680228003009e+00
1.232522841068911745e+00
1.232057001909820482e+00
1.231591162750729218e+00
1.231125323591638177e+00
1.230659484432546913e+00
1.230193645273455649e+00
1.229727806114364386e+00
1.229261966955273122e+00
1.228796127796181858e+00
1.228330288637090595e+00
1.227864449477999331e+00
1.227398610318908068e+00
1.226932771159816804e+00
1.226466932000725540e+00
1.226001092841634277e+00
1.225535253682543013e+00
1.225069414523451750e+00
1.224603575364360486e+00
1.224137736205269222e+00
1.223671897046177959e+00
1.223206057887086695e+00
1.222740218727995432e+00
1.222274379568904390e+00
1.221808540409813126e+00
1.221342701250721863e+00
1.220876862091630599e+00
1.220411022932539336e+00
1.219945183773448072e+00
1.219479344614356808e+00
1.219013505455265545e+00
1.218547666296174281e+00
1.218081827137083017e+00
1.217615987977991754e+00
1.217150148818900490e+00
1.216684309659809227e+00
1.216218470500717963e+00
1.215752631341626699e+00
1.215286792182535436e+00
1.214820953023444172e+00
1.214355113864352909e+00
1.213889274705261645e+00
1.213423435546170381e+00
1.212957596387079118e+00
1.212491757227987854e+00
1.212025918068896591e+00
1.211560078909805549e+00
1.211094239750714285e+00
1.210628400591623022e+00
1.210162561432531758e+00
1.209696722273440495e+00
1.209230883114349231e+00
1.208765043955257967e+00
1.208299204796166704e+00
1.207833365637075440e+00
1.207367526477984176e+00
1.206901687318892913e+00
1.206435848159801649e+00
1.205970009000710386e+00
1.205504169841619122e+00
1.205038330682527858e+00
1.204572491523436595e+00
1.204106652364345331e+00
1.203640813205254068e+00
1.203174974046163026e+00
1.202709134887071762e+00
1.202243295727980499e+00
1.201777456568889235e+00
1.201311617409797972e+00
1.200845778250706708e+00
1.200379939091615444e+00
1.199914099932524181e+00
1.199448260773432917e+00
1.198982421614341654e+00
1.198516582455250390e+00
1.198050743296159126e+00
1.197584904137067863e+00
1.197119064977976599e+00
1.196653225818885335e+00
1.196187386659794072e+00
1.195721547500702808e+00
1.195255708341611545e+00
1.194789869182520281e+00
1.194324030023429017e+00
1.193858190864337754e+00
1.193392351705246490e+00
1.192926512546155227e+00
1.192460673387063963e+00
1.191994834227972921e+00
1.191528995068881658e+00
1.191063155909790394e+00
1.190597316750699131e+00
1.190131477591607867e+00
1.189665638432516603e+00
1.189199799273425340e+00
1.188733960114334076e+00
1.188268120955242813e+00
1.187802281796151549e+00
1.187336442637060285e+00
1.186870603477969022e+00
1.186404764318877758e+00
1.185938925159786494e+00
1.185473086000695231e+00
1.185007246841603967e+00
1.184541407682512704e+00
1.184075568523421440e+00
1.183609729364330398e+00
1.183143890205239135e+00
1.182678051046147871e+00
1.182212211887056608e+00
1.181746372727965344e+00
1.181280533568874080e+00
1.180814694409782817e+00
1.180348855250691553e+00
1.179883016091600290e+00
1.179417176932509026e+00
1.178951337773417762e+00
1.178485498614326499e+00
1.178019659455235235e+00
1.177553820296143972e+00
1.177087981137052708e+00
1.176622141977961444e+00
1.176156302818870181e+00
1.175690463659778917e+00
1.175224624500687653e+00
1.174758785341596390e+00
1.174292946182505126e+00
1.173827107023413863e+00
1.173361267864322599e+00
1.172895428705231557e+00
1.172429589546140294e+00
1.171963750387049030e+00
1.171497911227957767e+00
1.171032072068866503e+00
1.170566232909775239e+00
1.170100393750683976e+00
1.169634554591592712e+00
1.169168715432501449e+00
1.168702876273410185e+00
1.168237037114318921e+00
1.167771197955227658e+00
1.167305358796136394e+00
1.166839519637045131e+00
1.166373680477953867e+00
1.165907841318862603e+00
1.165442002159771340e+00
1.164976163000680076e+00
1.164510323841589035e+00
1.164044484682497771e+00
1.163578645523406507e+00
1.163112806364315244e+00
1.162646967205223980e+00
1.162181128046132716e+00
1.161715288887041453e+00
1.161249449727950189e+00
1.160783610568858926e+00
1.160317771409767662e+00
1.159851932250676398e+00
1.159386093091585135e+00
1.158920253932493871e+00
1.158454414773402608e+00
1.157988575614311344e+00
1.157522736455220080e+00
1.157056897296128817e+00
1.156591058137037553e+00
1.156125218977946290e+00
1.155659379818855026e+00
1.155193540659763762e+00
1.154727701500672499e+00
1.154261862341581235e+00
1.153796023182489972e+00
1.153330184023398708e+00
1.152864344864307666e+00
1.152398505705216403e+00
1.151932666546125139e+00
1.151466827387033875e+00
1.151000988227942612e+00
1.150535149068851348e+00
1.150069309909760085e+00
1.149603470750668821e+00
1.149137631591577557e+00
1.148671792432486294e+00
1.148205953273395030e+00
1.147740114114303767e+00
1.147274274955212503e+00
1.146808435796121239e+00
1.146342596637029976e+00
1.145876757477938712e+00
1.145410918318847671e+00
1.144945079159756407e+00
1.144479240000665143e+00
1.144013400841573880e+00
1.143547561682482616e+00
1.143081722523391353e+00
1.142615883364300089e+00
1.142150044205208825e+00
1.141684205046117562e+00
1.141218365887026298e+00
1.140752526727935035e+00
1.140286687568843771e+00
1.139820848409752507e+00
1.139355009250661244e+00
1.138889170091569980e+00
1.138423330932478716e+00
1.137957491773387453e+00
1.137491652614296189e+00
1.137025813455204926e+00
1.136559974296113662e+00
1.136094135137022398e+00
1.135628295977931135e+00
1.135162456818839871e+00
1.134696617659748608e+00
1.134230778500657344e+00
1.133764939341566080e+00
1.133299100182475039e+00
1.132833261023383775e+00
1.132367421864292512e+00
1.131901582705201248e+00
1.131435743546109984e+00
1.130969904387018721e+00
1.130504065227927457e+00
1.130038226068836194e+00
1.129572386909744930e+00
1.129106547750653666e+00
1.128640708591562403e+00
1.128174869432471139e+00
1.127709030273379875e+00
1.127243191114288612e+00
1.126777351955197348e+00
1.126311512796106307e+00
1.125845673637015043e+00
1.125379834477923779e+00
1.124913995318832516e+00
1.124448156159741252e+00
1.123982317000649989e+00
1.123516477841558725e+00
1.123050638682467461e+00
1.122584799523376198e+00
1.122118960364284934e+00
1.121653121205193671e+00
1.121187282046102407e+00
1.120721442887011143e+00
1.120255603727919880e+00
1.119789764568828616e+00
1.119323925409737353e+00
1.118858086250646089e+00
1.118392247091554825e+00
1.117926407932463562e+00
1.117460568773372298e+00
1.116994729614281034e+00
1.116528890455189771e+00
1.116063051296098507e+00
1.115597212137007244e+00
1.115131372977915980e+00
1.114665533818824716e+00
1.114199694659733675e+00
1.113733855500642411e+00
1.113268016341551148e+00
1.112802177182459884e+00
1.112336338023368620e+00
1.111870498864277357e+00
1.111404659705186093e+00
1.110938820546094830e+00
1.110472981387003566e+00
1.110007142227912302e+00
1.109541303068821039e+00
1.109075463909729775e+00
1.108609624750638512e+00
1.108143785591547248e+00
1.107677946432455984e+00
1.107212107273364721e+00
1.106746268114273679e+00
1.106280428955182416e+00
1.105814589796091152e+00
1.105348750636999888e+00
1.104882911477908625e+00
1.104417072318817361e+00
1.103951233159726097e+00
1.103485394000634834e+00
1.103019554841543570e+00
1.102553715682452307e+00
1.102087876523361043e+00
1.101622037364269779e+00
1.101156198205178516e+00
1.100690359046087252e+00
1.100224519886995989e+00
1.099758680727904725e+00
1.099292841568813461e+00
1.098827002409722198e+00
1.098361163250630934e+00
1.097895324091539671e+00
1.097429484932448407e+00
1.096963645773357143e+00
1.096497806614265880e+00
1.096031967455174616e+00
1.095566128296083352e+00
1.095100289136992089e+00
1.094634449977901047e+00
1.094168610818809784e+00
1.093702771659718520e+00
1.093236932500627256e+00
1.092771093341535993e+00
1.092305254182444729e+00
1.091839415023353466e+00
1.091373575864262202e+00
1.090907736705170938e+00
1.090441897546079675e+00
1.089976058386988411e+00
1.089510219227897148e+00
1.089044380068805884e+00
1.088578540909714620e+00
1.088112701750623357e+00
1.087646862591532315e+00
1.087181023432441052e+00
1.086715184273349788e+00
1.086249345114258524e+00
1.085783505955167261e+00
1.085317666796075997e+00
1.084851827636984734e+00
1.084385988477893470e+00
1.083920149318802206e+00
1.083454310159710943e+00
1.082988471000619679e+00
1.082522631841528415e+00
1.082056792682437152e+00
1.081590953523345888e+00
1.081125114364254625e+00
1.080659275205163361e+00
1.080193436046072097e+00
1.079727596886980834e+00
1.079261757727889570e+00
1.078795918568798307e+00
1.078330079409707043e+00
1.077864240250615779e+00
1.077398401091524516e+00
1.076932561932433252e+00
1.076466722773341989e+00
1.076000883614250725e+00
1.075535044455159683e+00
1.075069205296068420e+00
1.074603366136977156e+00
1.074137526977885893e+00
1.073671687818794629e+00
1.073205848659703365e+00
1.072740009500612102e+00
1.072274170341520838e+00
1.071808331182429574e+00
1.071342492023338311e+00
1.070876652864247047e+00
1.070410813705155784e+00
1.069944974546064520e+00
1.069479135386973256e+00
1.069013296227881993e+00
1.068547457068790729e+00
1.068081617909699688e+00
1.067615778750608424e+00
1.067149939591517160e+00
1.066684100432425897e+00
1.066218261273334633e+00
1.065752422114243370e+00
1.065286582955152106e+00
1.064820743796060842e+00
1.064354904636969579e+00
1.063889065477878315e+00
1.063423226318787052e+00
1.062957387159695788e+00
1.062491548000604524e+00
1.062025708841513261e+00
1.061559869682421997e+00
1.061094030523330733e+00
1.060628191364239470e+00
1.060162352205148206e+00
1.059696513046056943e+00
1.059230673886965679e+00
1.058764834727874415e+00
1.058298995568783152e+00
1.057833156409691888e+00
1.057367317250600625e+00
1.056901478091509361e+00
1.056435638932418097e+00
1.055969799773327056e+00
1.055503960614235792e+00
1.055038121455144529e+00
1.054572282296053265e+00
1.054106443136962001e+00
1.053640603977870738e+00
1.053174764818779474e+00
1.052708925659688211e+00
1.052243086500596947e+00
1.051777247341505683e+00
1.051311408182414420e+00
1.050845569023323156e+00
1.050379729864231892e+00
1.049913890705140629e+00
1.049448051546049365e+00
1.048982212386958102e+00
1.048516373227867060e+00
1.048050534068775796e+00
1.047584694909684533e+00
1.047118855750593269e+00
1.046653016591502006e+00
1.046187177432410742e+00
1.045721338273319478e+00
1.045255499114228215e+00
1.044789659955136951e+00
1.044323820796045688e+00
1.043857981636954424e+00
1.043392142477863160e+00
1.042926303318771897e+00
1.042460464159680633e+00
1.041994625000589370e+00
1.041528785841498106e+00
1.041062946682406842e+00
1.040597107523315579e+00
1.040131268364224315e+00
1.039665429205133051e+00
1.039199590046041788e+00
1.038733750886950524e+00
1.038267911727859261e+00
1.037802072568767997e+00
1.037336233409676733e+00
1.036870394250585470e+00
1.036404555091494428e+00
1.035938715932403165e+00
1.035472876773311901e+00
1.035007037614220637e+00
1.034541198455129374e+00
1.034075359296038110e+00
1.033609520136946847e+00
1.033143680977855583e+00
1.032677841818764319e+00
1.032212002659673056e+00
1.031746163500581792e+00
1.031280324341490529e+00
1.030814485182399265e+00
1.030348646023308001e+00
1.029882806864216738e+00
1.029416967705125696e+00
1.028951128546034433e+00
1.028485289386943169e+00
1.028019450227851905e+00
1.027553611068760642e+00
1.027087771909669378e+00
1.026621932750578114e+00
1.026156093591486851e+00
1.025690254432395587e+00
1.025224415273304324e+00
1.024758576114213060e+00
1.024292736955121796e+00
1.023826897796030533e+00
1.023361058636939269e+00
1.022895219477848006e+00
1.022429380318756742e+00
1.021963541159665478e+00
1.021497702000574215e+00
1.021031862841482951e+00
1.020566023682391688e+00
1.020100184523300424e+00
1.019634345364209160e+00
1.019168506205117897e+00
1.018702667046026633e+00
1.018236827886935369e+00
1.017770988727844106e+00
1.017305149568753064e+00
1.016839310409661801e+00
1.016373471250570537e+00
1.015907632091479273e+00
1.015441792932388010e+00
1.014975953773296746e+00
1.014510114614205483e+00
1.014044275455114219e+00
1.013578436296022955e+00
1.013112597136931692e+00
1.012646757977840428e+00
1.012180918818749165e+00
1.011715079659657901e+00
1.011249240500566637e+00
1.010783401341475374e+00
1.010317562182384110e+00
1.009851723023293069e+00
1.009385883864201805e+00
1.008920044705110541e+00
1.008454205546019278e+00
1.007988366386928014e+00
1.007522527227836751e+00
1.007056688068745487e+00
1.006590848909654223e+00
1.006125009750562960e+00
1.005659170591471696e+00
1.005193331432380432e+00
1.004727492273289169e+00
1.004261653114197905e+00
1.003795813955106642e+00
1.003329974796015378e+00
1.002864135636924114e+00
1.002398296477832851e+00
1.001932457318741587e+00
1.001466618159650324e+00
1.001000779000559060e+00
1.000534939841467796e+00
1.000069100682376533e+00
9.996032615232853802e-01
9.991374223641941166e-01
9.986715832051028530e-01
9.982057440460115894e-01
9.977399048869204368e-01
9.972740657278291732e-01
9.968082265687379095e-01
9.963423874096466459e-01
9.958765482505553823e-01
9.954107090914641187e-01
9.949448699323728551e-01
9.944790307732815915e-01
9.940131916141903279e-01
9.935473524550990643e-01
9.930815132960078007e-01
9.926156741369165371e-01
9.921498349778252734e-01
9.916839958187340098e-01
9.912181566596427462e-01
9.907523175005515936e-01
9.902864783414603300e-01
9.898206391823690664e-01
9.893548000232778028e-01
9.888889608641865392e-01
9.884231217050952756e-01
9.879572825460041230e-01
9.874914433869128594e-01
9.870256042278215958e-01
9.865597650687303322e-01
9.860939259096390685e-01
9.856280867505478049e-01
9.851622475914565413e-01
9.846964084323652777e-01
9.842305692732740141e-01
9.837647301141827505e-01
9.832988909550914869e-01
9.828330517960002233e-01
9.823672126369089597e-01
9.819013734778176961e-01
9.814355343187264324e-01
9.809696951596352799e-01
9.805038560005440162e-01
9.800380168414527526e-01
9.795721776823614890e-01
9.791063385232702254e-01
9.786404993641790728e-01
9.781746602050878092e-01
9.777088210459965456e-01
9.772429818869052820e-01
9.767771427278140184e-01
9.763113035687227548e-01
9.758454644096314912e-01
9.753796252505402276e-01
9.749137860914489639e-01
9.744479469323577003e-01
9.739821077732664367e-01
9.735162686141751731e-01
9.730504294550839095e-01
9.725845902959926459e-01
9.721187511369013823e-01
9.716529119778101187e-01
9.711870728187189661e-01
9.707212336596277025e-01
9.702553945005364389e-01
9.697895553414451753e-01
9.693237161823539116e-01
9.688578770232627591e-01
9.683920378641714954e-01
9.679261987050802318e-01
9.674603595459889682e-01
9.669945203868977046e-01
9.665286812278064410e-01
9.660628420687151774e-01
9.655970029096239138e-01
9.651311637505326502e-01
9.646653245914413866e-01
9.641994854323501229e-01
9.637336462732588593e-01
9.632678071141675957e-01
9.628019679550763321e-01
9.623361287959850685e-01
9.618702896368938049e-01
9.614044504778026523e-01
9.609386113187113887e-01
9.604727721596201251e-01
9.600069330005288615e-01
9.595410938414375979e-01
9.590752546823464453e-01
9.586094155232551817e-01
9.581435763641639181e-01
9.576777372050726544e-01
9.572118980459813908e-01
9.567460588868901272e-01
9.562802197277988636e-01
9.558143805687076000e-01
9.553485414096163364e-01
9.548827022505250728e-01
9.544168630914338092e-01
9.539510239323425456e-01
9.534851847732512820e-01
9.530193456141600183e-01
9.525535064550687547e-01
9.520876672959774911e-01
9.516218281368863385e-01
9.511559889777950749e-01
9.506901498187038113e-01
9.502243106596125477e-01
9.497584715005212841e-01
9.492926323414301315e-01
9.488267931823388679e-01
9.483609540232476043e-01
9.478951148641563407e-01
9.474292757050650771e-01
9.469634365459738135e-01
9.464975973868825498e-01
9.460317582277912862e-01
9.455659190687000226e-01
9.451000799096087590e-01
9.446342407505174954e-01
9.441684015914262318e-01
9.437025624323349682e-01
9.432367232732437046e-01
9.427708841141524410e-01
9.423050449550612884e-01
9.418392057959700248e-01
9.413733666368787611e-01
9.409075274777874975e-01
9.404416883186962339e-01
9.399758491596049703e-01
9.395100100005138177e-01
9.390441708414225541e-01
9.385783316823312905e-01
9.381124925232400269e-01
9.376466533641487633e-01
9.371808142050574997e-01
9.367149750459662361e-01
9.362491358868749725e-01
9.357832967277837088e-01
9.353174575686924452e-01
9.348516184096011816e-01
9.343857792505099180e-01
9.339199400914186544e-01
9.334541009323273908e-01
9.329882617732361272e-01
9.325224226141449746e-01
9.320565834550537110e-01
9.315907442959624474e-01
9.311249051368711838e-01
9.306590659777799202e-01
9.301932268186887676e-01
9.297273876595975040e-01
9.292615485005062403e-01
9.287957093414149767e-01
9.283298701823237131e-01
9.278640310232324495e-01
9.273981918641411859e-01
9.269323527050499223e-01
9.264665135459586587e-01
9.260006743868673951e-01
9.255348352277761315e-01
9.250689960686848679e-01
9.246031569095936042e-01
9.241373177505023406e-01
9.236714785914110770e-01
9.232056394323198134e-01
9.227398002732286608e-01
9.222739611141373972e-01
9.218081219550461336e-01
9.213422827959548700e-01
9.208764436368636064e-01
9.204106044777724538e-01
9.199447653186811902e-01
9.194789261595899266e-01
9.190130870004986630e-01
9.185472478414073993e-01
9.180814086823161357e-01
9.176155695232248721e-01
9.171497303641336085e-01
9.166838912050423449e-01
9.162180520459510813e-01
9.157522128868598177e-01
9.152863737277685541e-01
9.148205345686772905e-01
9.143546954095860269e-01
9.138888562504947632e-01
9.134230170914034996e-01
9.129571779323123470e-01
9.124913387732210834e-01
9.120254996141298198e-01
9.115596604550385562e-01
9.110938212959472926e-01
9.106279821368560290e-01
9.101621429777647654e-01
9.096963038186736128e-01
9.092304646595823492e-01
9.087646255004910856e-01
9.082987863413998220e-01
9.078329471823085584e-01
9.073671080232172947e-01
9.069012688641260311e-01
9.064354297050347675e-01
9.059695905459435039e-01
9.055037513868522403e-01
9.050379122277609767e-01
9.045720730686698241e-01
9.041062339095785605e-01
9.036403947504872969e-01
9.031745555913960333e-01
9.027087164323047697e-01
9.022428772732135061e-01
9.017770381141222424e-01
9.013111989550309788e-01
9.008453597959397152e-01
9.003795206368484516e-01
8.999136814777572990e-01
8.994478423186660354e-01
8.989820031595747718e-01
8.985161640004835082e-01
8.980503248413922446e-01
8.975844856823009810e-01
8.971186465232097174e-01
8.966528073641184537e-01
8.961869682050271901e-01
8.957211290459359265e-01
8.952552898868446629e-01
8.947894507277535103e-01
8.943236115686622467e-01
8.938577724095709831e-01
8.933919332504797195e-01
8.929260940913884559e-01
8.924602549322971923e-01
8.919944157732059287e-01
8.915285766141146651e-01
8.910627374550234014e-01
8.905968982959321378e-01
8.901310591368409852e-01
8.896652199777497216e-01
8.891993808186584580e-01
8.887335416595671944e-01
8.882677025004759308e-01
8.878018633413846672e-01
8.873360241822934036e-01
8.868701850232021400e-01
8.864043458641108764e-01
8.859385067050196128e-01
8.854726675459284602e-01
8.850068283868371966e-01
8.845409892277459329e-01
8.840751500686546693e-01
8.836093109095634057e-01
8.831434717504721421e-01
8.826776325913808785e-01
8.822117934322896149e-01
8.817459542731983513e-01
8.812801151141070877e-01
8.808142759550158241e-01
8.803484367959246715e-01
8.798825976368334079e-01
8.794167584777421443e-01
8.789509193186508806e-01
8.784850801595596170e-01
8.780192410004683534e-01
8.775534018413770898e-01
8.770875626822858262e-01
8.766217235231945626e-01
8.761558843641032990e-01
8.756900452050121464e-01
8.752242060459208828e-01
8.747583668868296192e-01
8.742925277277383556e-01
8.738266885686470919e-01
8.733608494095558283e-01
8.728950102504645647e-01
8.724291710913733011e-01
8.719633319322820375e-01
8.714974927731907739e-01
8.710316536140995103e-01
8.705658144550083577e-01
8.700999752959170941e-01
8.696341361368258305e-01
8.691682969777345669e-01
8.687024578186433033e-01
8.682366186595520396e-01
8.677707795004607760e-01
8.673049403413695124e-01
8.668391011822782488e-01
8.663732620231869852e-01
8.659074228640958326e-01
8.654415837050045690e-01
8.649757445459133054e-01
8.645099053868220418e-01
8.640440662277307782e-01
8.635782270686395146e-01
8.631123879095482510e-01
8.626465487504569873e-01
8.621807095913657237e-01
8.617148704322744601e-01
8.612490312731833075e-01
8.607831921140920439e-01
8.603173529550007803e-01
8.598515137959095167e-01
8.593856746368182531e-01
8.589198354777269895e-01
8.584539963186357259e-01
8.579881571595444623e-01
8.575223180004531986e-01
8.570564788413619350e-01
8.565906396822706714e-01
8.561248005231795188e-01
8.556589613640882552e-01
8.551931222049969916e-01
8.547272830459057280e-01
8.542614438868144644e-01
8.537956047277232008e-01
8.533297655686319372e-01
8.528639264095406736e-01
8.523980872504494100e-01
8.519322480913581463e-01
8.514664089322669938e-01
8.510005697731757301e-01
8.505347306140844665e-01
8.500688914549932029e-01
8.496030522959019393e-01
8.491372131368106757e-01
8.486713739777194121e-01
8.482055348186281485e-01
8.477396956595368849e-01
8.472738565004456213e-01
8.468080173413543577e-01
8.463421781822632051e-01
8.458763390231719415e-01
8.454104998640806778e-01
8.449446607049894142e-01
8.444788215458981506e-01
8.440129823868068870e-01
8.435471432277156234e-01
8.430813040686243598e-01
8.426154649095330962e-01
8.421496257504418326e-01
8.416837865913506800e-01
8.412179474322594164e-01
8.407521082731681528e-01
8.402862691140768892e-01
8.398204299549856255e-01
8.393545907958943619e-01
8.388887516368030983e-01
8.384229124777118347e-01
8.379570733186205711e-01
8.374912341595293075e-01
8.370253950004381549e-01
8.365595558413468913e-01
8.360937166822556277e-01
8.356278775231643641e-01
8.351620383640731005e-01
8.346961992049818368e-01
8.342303600458905732e-01
8.337645208867993096e-01
8.332986817277080460e-01
8.328328425686167824e-01
8.323670034095255188e-01
8.319011642504343662e-01
8.314353250913431026e-01
8.309694859322518390e-01
8.305036467731605754e-01
8.300378076140693118e-01
8.295719684549780482e-01
8.291061292958867845e-01
8.286402901367955209e-01
8.281744509777042573e-01
8.277086118186129937e-01
8.272427726595218411e-01
8.267769335004305775e-01
8.263110943413393139e-01
8.258452551822480503e-01
8.253794160231567867e-01
8.249135768640655231e-01
8.244477377049742595e-01
8.239818985458829959e-01
8.235160593867917322e-01
8.230502202277004686e-01
8.225843810686092050e-01
8.221185419095180524e-01
8.216527027504267888e-01
8.211868635913355252e-01
8.207210244322442616e-01
8.202551852731529980e-01
8.197893461140617344e-01
8.193235069549704708e-01
8.188576677958792072e-01
8.183918286367879436e-01
8.179259894776966799e-01
8.174601503186055274e-01
8.169943111595142637e-01
8.165284720004230001e-01
8.160626328413317365e-01
8.155967936822404729e-01
8.151309545231492093e-01
8.146651153640579457e-01
8.141992762049666821e-01
8.137334370458754185e-01
8.132675978867841549e-01
8.128017587276930023e-01
8.123359195686017387e-01
8.118700804095104751e-01
8.114042412504192114e-01
8.109384020913279478e-01
8.104725629322366842e-01
8.100067237731454206e-01
8.095408846140541570e-01
8.090750454549628934e-01
8.086092062958716298e-01
8.081433671367803662e-01
8.076775279776892136e-01
8.072116888185979500e-01
8.067458496595066864e-01
8.062800105004154227e-01
8.058141713413241591e-01
8.053483321822328955e-01
8.048824930231416319e-01
8.044166538640503683e-01
8.039508147049591047e-01
8.034849755458678411e-01
8.030191363867766885e-01
8.025532972276854249e-01
8.020874580685941613e-01
8.016216189095028977e-01
8.011557797504116341e-01
8.006899405913203704e-01
8.002241014322291068e-01
7.997582622731378432e-01
7.992924231140465796e-01
7.988265839549553160e-01
7.983607447958640524e-01
7.978949056367728998e-01
7.974290664776816362e-01
7.969632273185903726e-01
7.964973881594991090e-01
7.960315490004078454e-01
7.955657098413165818e-01
7.950998706822253181e-01
7.946340315231340545e-01
7.941681923640427909e-01
7.937023532049515273e-01
7.932365140458603747e-01
7.927706748867691111e-01
7.923048357276778475e-01
7.918389965685865839e-01
7.913731574094953203e-01
7.909073182504040567e-01
7.904414790913127931e-01
7.899756399322215294e-01
7.895098007731302658e-01
7.890439616140390022e-01
7.885781224549478496e-01
7.881122832958565860e-01
7.876464441367653224e-01
7.871806049776740588e-01
7.867147658185827952e-01
7.862489266594915316e-01
7.857830875004002680e-01
7.853172483413090044e-01
7.848514091822177408e-01
7.843855700231264771e-01
7.839197308640352135e-01
7.834538917049440609e-01
7.829880525458527973e-01
7.825222133867615337e-01
7.820563742276702701e-01
7.815905350685790065e-01
7.811246959094877429e-01
7.806588567503964793e-01
7.801930175913052157e-01
7.797271784322139521e-01
7.792613392731226885e-01
7.787955001140315359e-01
7.783296609549402723e-01
7.778638217958490086e-01
7.773979826367577450e-01
7.769321434776664814e-01
7.764663043185752178e-01
7.760004651594839542e-01
7.755346260003926906e-01
7.750687868413014270e-01
7.746029476822101634e-01
7.741371085231188998e-01
7.736712693640277472e-01
7.732054302049364836e-01
7.727395910458452200e-01
7.722737518867539563e-01
7.718079127276626927e-01
7.713420735685714291e-01
7.708762344094801655e-01
7.704103952503889019e-01
7.699445560912976383e-01
7.694787169322063747e-01
7.690128777731152221e-01
7.685470386140239585e-01
7.680811994549326949e-01
7.676153602958414313e-01
7.671495211367501676e-01
7.666836819776589040e-01
7.662178428185676404e-01
7.657520036594763768e-01
7.652861645003851132e-01
7.648203253412938496e-01
7.643544861822026970e-01
7.638886470231114334e-01
7.634228078640201698e-01
7.629569687049289062e-01
7.624911295458376426e-01
7.620252903867463790e-01
7.615594512276551153e-01
7.610936120685638517e-01
7.606277729094725881e-01
7.601619337503813245e-01
7.596960945912900609e-01
7.592302554321989083e-01
7.587644162731076447e-01
7.582985771140163811e-01
7.578327379549251175e-01
7.573668987958338539e-01
7.569010596367425903e-01
7.564352204776513267e-01
7.559693813185600630e-01
7.555035421594687994e-01
7.550377030003775358e-01
7.545718638412863832e-01
7.541060246821951196e-01
7.536401855231038560e-01
7.531743463640125924e-01
7.527085072049213288e-01
7.522426680458300652e-01
7.517768288867388016e-01
7.513109897276475380e-01
7.508451505685562744e-01
7.503793114094650107e-01
7.499134722503737471e-01
7.494476330912825945e-01
7.489817939321913309e-01
7.485159547731000673e-01
7.480501156140088037e-01
7.475842764549175401e-01
7.471184372958262765e-01
7.466525981367350129e-01
7.461867589776437493e-01
7.457209198185524857e-01
7.452550806594612220e-01
7.447892415003700695e-01
7.443234023412788058e-01
7.438575631821875422e-01
7.433917240230962786e-01
7.429258848640050150e-01
7.424600457049137514e-01
7.419942065458224878e-01
7.415283673867312242e-01
7.410625282276399606e-01
7.405966890685486970e-01
7.401308499094575444e-01
7.396650107503662808e-01
7.391991715912750172e-01
7.387333324321837535e-01
7.382674932730924899e-01
7.378016541140012263e-01
7.373358149549099627e-01
7.368699757958186991e-01
7.364041366367274355e-01
7.359382974776361719e-01
7.354724583185449083e-01
7.350066191594537557e-01
7.345407800003624921e-01
7.340749408412712285e-01
7.336091016821799649e-01
7.331432625230887012e-01
7.326774233639974376e-01
7.322115842049061740e-01
7.317457450458149104e-01
7.312799058867236468e-01
7.308140667276323832e-01
7.303482275685412306e-01
7.298823884094499670e-01
7.294165492503587034e-01
7.289507100912674398e-01
7.284848709321761762e-01
7.280190317730849126e-01
7.275531926139936489e-01
7.270873534549023853e-01
7.266215142958111217e-01
7.261556751367198581e-01
7.256898359776285945e-01
7.252239968185374419e-01
7.247581576594461783e-01
7.242923185003549147e-01
7.238264793412636511e-01
7.233606401821723875e-01
7.228948010230811239e-01
7.224289618639898602e-01
7.219631227048985966e-01
7.214972835458073330e-01
7.210314443867160694e-01
7.205656052276249168e-01
7.200997660685336532e-01
7.196339269094423896e-01
7.191680877503511260e-01
7.187022485912598624e-01
7.182364094321685988e-01
7.177705702730773352e-01
7.173047311139860716e-01
7.168388919548948079e-01
7.163730527958035443e-01
7.159072136367123917e-01
7.154413744776211281e-01
7.149755353185298645e-01
7.145096961594386009e-01
7.140438570003473373e-01
7.135780178412560737e-01
7.131121786821648101e-01
7.126463395230735465e-01
7.121805003639822829e-01
7.117146612048910193e-01
7.112488220457997556e-01
7.107829828867086031e-01
7.103171437276173394e-01
7.098513045685260758e-01
7.093854654094348122e-01
7.089196262503435486e-01
7.084537870912522850e-01
7.079879479321610214e-01
7.075221087730697578e-01
7.070562696139784942e-01
7.065904304548872306e-01
7.061245912957960780e-01
7.056587521367048144e-01
7.051929129776135508e-01
7.047270738185222871e-01
7.042612346594310235e-01
7.037953955003397599e-01
7.033295563412484963e-01
7.028637171821572327e-01
7.023978780230659691e-01
7.019320388639747055e-01
7.014661997048834419e-01
7.010003605457922893e-01
7.005345213867010257e-01
7.000686822276097621e-01
6.996028430685184984e-01
6.991370039094272348e-01
6.986711647503359712e-01
6.982053255912447076e-01
6.977394864321534440e-01
6.972736472730621804e-01
6.968078081139709168e-01
6.963419689548797642e-01
6.958761297957885006e-01
6.954102906366972370e-01
6.949444514776059734e-01
6.944786123185147098e-01
6.940127731594234461e-01
6.935469340003321825e-01
6.930810948412409189e-01
6.926152556821496553e-01
6.921494165230583917e-01
6.916835773639672391e-01
6.912177382048759755e-01
6.907518990457847119e-01
6.902860598866934483e-01
6.898202207276021847e-01
6.893543815685109211e-01
6.888885424094196575e-01
6.884227032503283938e-01
6.879568640912371302e-01
6.874910249321458666e-01
6.870251857730546030e-01
6.865593466139634504e-01
6.860935074548721868e-01
6.856276682957809232e-01
6.851618291366896596e-01
6.846959899775983960e-01
6.842301508185071324e-01
6.837643116594158688e-01
6.832984725003246052e-01
6.828326333412333415e-01
6.823667941821420779e-01
6.819009550230509253e-01
6.814351158639596617e-01
6.809692767048683981e-01
6.805034375457771345e-01
6.800375983866858709e-01
6.795717592275946073e-01
6.791059200685033437e-01
6.786400809094120801e-01
6.781742417503208165e-01
6.777084025912295528e-01
6.772425634321384003e-01
6.767767242730471366e-01
6.763108851139558730e-01
6.758450459548646094e-01
6.753792067957733458e-01
6.749133676366820822e-01
6.744475284775908186e-01
6.739816893184995550e-01
6.735158501594082914e-01
6.730500110003170278e-01
6.725841718412257642e-01
6.721183326821346116e-01
6.716524935230433480e-01
6.711866543639520843e-01
6.707208152048608207e-01
6.702549760457695571e-01
6.697891368866782935e-01
6.693232977275870299e-01
6.688574585684957663e-01
6.683916194094045027e-01
6.679257802503132391e-01
6.674599410912220865e-01
6.669941019321308229e-01
6.665282627730395593e-01
6.660624236139482957e-01
6.655965844548570320e-01
6.651307452957657684e-01
6.646649061366745048e-01
6.641990669775832412e-01
6.637332278184919776e-01
6.632673886594007140e-01
6.628015495003094504e-01
6.623357103412182978e-01
6.618698711821270342e-01
6.614040320230357706e-01
6.609381928639445070e-01
6.604723537048532434e-01
6.600065145457619797e-01
6.595406753866707161e-01
6.590748362275794525e-01
6.586089970684881889e-01
6.581431579093969253e-01
6.576773187503057727e-01
6.572114795912145091e-01
6.567456404321232455e-01
6.562798012730319819e-01
6.558139621139407183e-01
6.553481229548494547e-01
6.548822837957581910e-01
6.544164446366669274e-01
6.539506054775756638e-01
6.534847663184844002e-01
6.530189271593932476e-01
6.525530880003019840e-01
6.520872488412107204e-01
6.516214096821194568e-01
6.511555705230281932e-01
6.506897313639369296e-01
6.502238922048456660e-01
6.497580530457544024e-01
6.492922138866631387e-01
6.488263747275718751e-01
6.483605355684806115e-01
6.478946964093894589e-01
6.474288572502981953e-01
6.469630180912069317e-01
6.464971789321156681e-01
6.460313397730244045e-01
6.455655006139331409e-01
6.450996614548418773e-01
6.446338222957506137e-01
6.441679831366593501e-01
6.437021439775680864e-01
6.432363048184769339e-01
6.427704656593856702e-01
6.423046265002944066e-01
6.418387873412031430e-01
6.413729481821118794e-01
6.409071090230206158e-01
6.404412698639293522e-01
6.399754307048380886e-01
6.395095915457468250e-01
6.390437523866555614e-01
6.385779132275642977e-01
6.381120740684731452e-01
6.376462349093818816e-01
6.371803957502906179e-01
6.367145565911993543e-01
6.362487174321080907e-01
6.357828782730168271e-01
6.353170391139255635e-01
6.348511999548342999e-01
6.343853607957430363e-01
6.339195216366517727e-01
6.334536824775606201e-01
6.329878433184693565e-01
6.325220041593780929e-01
6.320561650002868292e-01
6.315903258411955656e-01
6.311244866821043020e-01
6.306586475230130384e-01
6.301928083639217748e-01
6.297269692048305112e-01
6.292611300457392476e-01
6.287952908866480950e-01
6.283294517275568314e-01
6.278636125684655678e-01
6.273977734093743042e-01
6.269319342502830406e-01
6.264660950911917769e-01
6.260002559321005133e-01
6.255344167730092497e-01
6.250685776139179861e-01
6.246027384548267225e-01
6.241368992957354589e-01
6.236710601366443063e-01
6.232052209775530427e-01
6.227393818184617791e-01
6.222735426593705155e-01
6.218077035002792519e-01
6.213418643411879883e-01
6.208760251820967246e-01
6.204101860230054610e-01
6.199443468639141974e-01
6.194785077048229338e-01
6.190126685457317812e-01
6.185468293866405176e-01
6.180809902275492540e-01
6.176151510684579904e-01
6.171493119093667268e-01
6.166834727502754632e-01
6.162176335911841996e-01
6.157517944320929359e-01
6.152859552730016723e-01
6.148201161139104087e-01
6.143542769548191451e-01
6.138884377957279925e-01
6.134225986366367289e-01
6.129567594775454653e-01
6.124909203184542017e-01
6.120250811593629381e-01
6.115592420002716745e-01
6.110934028411804109e-01
6.106275636820891473e-01
6.101617245229978836e-01
6.096958853639066200e-01
6.092300462048154674e-01
6.087642070457242038e-01
6.082983678866329402e-01
6.078325287275416766e-01
6.073666895684504130e-01
6.069008504093591494e-01
6.064350112502678858e-01
6.059691720911766222e-01
6.055033329320853586e-01
6.050374937729940950e-01
6.045716546139029424e-01
6.041058154548116788e-01
6.036399762957204151e-01
6.031741371366291515e-01
6.027082979775378879e-01
6.022424588184466243e-01
6.017766196593553607e-01
6.013107805002640971e-01
6.008449413411728335e-01
6.003791021820815699e-01
5.999132630229903063e-01
5.994474238638991537e-01
5.989815847048078901e-01
5.985157455457166265e-01
5.980499063866253628e-01
5.975840672275340992e-01
5.971182280684428356e-01
5.966523889093515720e-01
5.961865497502603084e-01
5.957207105911690448e-01
5.952548714320777812e-01
5.947890322729866286e-01
5.943231931138953650e-01
5.938573539548041014e-01
5.933915147957128378e-01
5.929256756366215741e-01
5.924598364775303105e-01
5.919939973184390469e-01
5.915281581593477833e-01
5.910623190002565197e-01
5.905964798411652561e-01
5.901306406820739925e-01
5.896648015229828399e-01
5.891989623638915763e-01
5.887331232048003127e-01
5.882672840457090491e-01
5.878014448866177855e-01
5.873356057275265218e-01
5.868697665684352582e-01
5.864039274093439946e-01
5.859380882502527310e-01
5.854722490911614674e-01
5.850064099320703148e-01
5.845405707729790512e-01
5.840747316138877876e-01
5.836088924547965240e-01
5.831430532957052604e-01
5.826772141366139968e-01
5.822113749775227332e-01
5.817455358184314695e-01
5.812796966593402059e-01
5.808138575002489423e-01