wavelength
2.834121220096167182e+00
2.833110946105004135e+00
2.832100708408210821e+00
2.831090507005785906e+00
2.830080341897730722e+00
2.829070213084044383e+00
2.828060120564727331e+00
2.827050064339779567e+00
2.826040044409200647e+00
2.825030060772991014e+00
2.824020113431150669e+00
2.823010202383679168e+00
2.822000327630576955e+00
2.820990489171844029e+00
2.819980687007480391e+00
2.818970921137485597e+00
2.817961191561860090e+00
2.816951498280603872e+00
2.815941841293716497e+00
2.814932220601198409e+00
2.813922636203049610e+00
2.812913088099269654e+00
2.811903576289858986e+00
2.810894100774817606e+00
2.809884661554145069e+00
2.808875258627842264e+00
2.807865891995907859e+00
2.806856561658343185e+00
2.805847267615147356e+00
2.804838009866320814e+00
2.803828788411863560e+00
2.802819603251775149e+00
2.801810454386056026e+00
2.800801341814706191e+00
2.799792265537725644e+00
2.798783225555113940e+00
2.797774221866871525e+00
2.796765254472997952e+00
2.795756323373494112e+00
2.794747428568359116e+00
2.793738570057592963e+00
2.792729747841196541e+00
2.791720961919168964e+00
2.790712212291510230e+00
2.789703498958221228e+00
2.788694821919301070e+00
2.787686181174750200e+00
2.786677576724568173e+00
2.785669008568755878e+00
2.784660476707312426e+00
2.783651981140237819e+00
2.782643521867532943e+00
2.781635098889196911e+00
2.780626712205229722e+00
2.779618361815632266e+00
2.778610047720403653e+00
2.777601769919544328e+00
2.776593528413053846e+00
2.775585323200933097e+00
2.774577154283181191e+00
2.773569021659798128e+00
2.772560925330784798e+00
2.771552865296140311e+00
2.770544841555864668e+00
2.769536854109958757e+00
2.768528902958421689e+00
2.767520988101253909e+00
2.766513109538454973e+00
2.765505267270025325e+00
2.764497461295964964e+00
2.763489691616273891e+00
2.762481958230951662e+00
2.761474261139998720e+00
2.760466600343415067e+00
2.759458975841200257e+00
2.758451387633354734e+00
2.757443835719878500e+00
2.756436320100771553e+00
2.755428840776033450e+00
2.754421397745664635e+00
2.753413991009664663e+00
2.752406620568033979e+00
2.751399286420772583e+00
2.750391988567880475e+00
2.749384727009357654e+00
2.748377501745203677e+00
2.747370312775418544e+00
2.746363160100003142e+00
2.745356043718956585e+00
2.744348963632279315e+00
2.743341919839970888e+00
2.742334912342032194e+00
2.741327941138462343e+00
2.740321006229261336e+00
2.739314107614430061e+00
2.738307245293967629e+00
2.737300419267874041e+00
2.736293629536150185e+00
2.735286876098795172e+00
2.734280158955809448e+00
2.733273478107192567e+00
2.732266833552945418e+00
2.731260225293067112e+00
2.730253653327557650e+00
2.729247117656417920e+00
2.728240618279647034e+00
2.727234155197244991e+00
2.726227728409212681e+00
2.725221337915549213e+00
2.724214983716255034e+00
2.723208665811329698e+00
2.722202384200774095e+00
2.721196138884586890e+00
2.720189929862769418e+00
2.719183757135320789e+00
2.718177620702241448e+00
2.717171520563531395e+00
2.716165456719190630e+00
2.715159429169218708e+00
2.714153437913615630e+00
2.713147482952382283e+00
2.712141564285517781e+00
2.711135681913022566e+00
2.710129835834896639e+00
2.709124026051139555e+00
2.708118252561751760e+00
2.707112515366733252e+00
2.706106814466083588e+00
2.705101149859803211e+00
2.704095521547892123e+00
2.703089929530349877e+00
2.702084373807177364e+00
2.701078854378373251e+00
2.700073371243938869e+00
2.699067924403873331e+00
2.698062513858177081e+00
2.697057139606850118e+00
2.696051801649891999e+00
2.695046499987303168e+00
2.694041234619083625e+00
2.693036005545232925e+00
2.692030812765751957e+00
2.691025656280639389e+00
2.690020536089896552e+00
2.689015452193522560e+00
2.688010404591517855e+00
2.687005393283882437e+00
2.686000418270615864e+00
2.684995479551718578e+00
2.683990577127190580e+00
2.682985710997031426e+00
2.681980881161242003e+00
2.680976087619820980e+00
2.679971330372769689e+00
2.678966609420087241e+00
2.677961924761774082e+00
2.676957276397830210e+00
2.675952664328255182e+00
2.674948088553049441e+00
2.673943549072212988e+00
2.672939045885745379e+00
2.671934578993647058e+00
2.670930148395918025e+00
2.669925754092558279e+00
2.668921396083567377e+00
2.667917074368945762e+00
2.666912788948692992e+00
2.665908539822809953e+00
2.664904326991295758e+00
2.663900150454150406e+00
2.662896010211374787e+00
2.661891906262968011e+00
2.660887838608930522e+00
2.659883807249261878e+00
2.658879812183962521e+00
2.657875853413032452e+00
2.656871930936471671e+00
2.655868044754279733e+00
2.654864194866457083e+00
2.653860381273003721e+00
2.652856603973919203e+00
2.651852862969203972e+00
2.650849158258858029e+00
2.649845489842880930e+00
2.648841857721273563e+00
2.647838261894035039e+00
2.646834702361165359e+00
2.645831179122664967e+00
2.644827692178533862e+00
2.643824241528772045e+00
2.642820827173379072e+00
2.641817449112355387e+00
2.640814107345700990e+00
2.639810801873415880e+00
2.638807532695499614e+00
2.637804299811952635e+00
2.636801103222774501e+00
2.635797942927965654e+00
2.634794818927526094e+00
2.633791731221455823e+00
2.632788679809754395e+00
2.631785664692422255e+00
2.630782685869459403e+00
2.629779743340865394e+00
2.628776837106641118e+00
2.627773967166785241e+00
2.626771133521299095e+00
2.625768336170181794e+00
2.624765575113433780e+00
2.623762850351055054e+00
2.622760161883045171e+00
2.621757509709404577e+00
2.620754893830133270e+00
2.619752314245230806e+00
2.618749770954697631e+00
2.617747263958533743e+00
2.616744793256739143e+00
2.615742358849313387e+00
2.614739960736256918e+00
2.613737598917569294e+00
2.612735273393251401e+00
2.611732984163302351e+00
2.610730731227722146e+00
2.609728514586511672e+00
2.608726334239670042e+00
2.607724190187197699e+00
2.606722082429094201e+00
2.605720010965359990e+00
2.604717975795995066e+00
2.603715976920999431e+00
2.602714014340372639e+00
2.601712088054115135e+00
2.600710198062226919e+00
2.599708344364707546e+00
2.598706526961557461e+00
2.597704745852776664e+00
2.596703001038364711e+00
2.595701292518322045e+00
2.594699620292648667e+00
2.593697984361344577e+00
2.592696384724409331e+00
2.591694821381843372e+00
2.590693294333646701e+00
2.589691803579818874e+00
2.588690349120360334e+00
2.587688930955271083e+00
2.586687549084550675e+00
2.585686203508199554e+00
2.584684894226217722e+00
2.583683621238605177e+00
2.582682384545361476e+00
2.581681184146487062e+00
2.580680020041981937e+00
2.579678892231845655e+00
2.578677800716078661e+00
2.577676745494680954e+00
2.576675726567652092e+00
2.575674743934992517e+00
2.574673797596702229e+00
2.573672887552780786e+00
2.572672013803229074e+00
2.571671176348046206e+00
2.570670375187232182e+00
2.569669610320787889e+00
2.568668881748711996e+00
2.567668189471005835e+00
2.566667533487668962e+00
2.565666913798700932e+00
2.564666330404102190e+00
2.563665783303872292e+00
2.562665272498011682e+00
2.561664797986520359e+00
2.560664359769398324e+00
2.559663957846645133e+00
2.558663592218261229e+00
2.557663262884246613e+00
2.556662969844600841e+00
2.555662713099324357e+00
2.554662492648417160e+00
2.553662308491878807e+00
2.552662160629710186e+00
2.551662049061909965e+00
2.550661973788479475e+00
2.549661934809417829e+00
2.548661932124725471e+00
2.547661965734402401e+00
2.546662035638448174e+00
2.545662141836863235e+00
2.544662284329647584e+00
2.543662463116801220e+00
2.542662678198323700e+00
2.541662929574215024e+00
2.540663217244476080e+00
2.539663541209105979e+00
2.538663901468105166e+00
2.537664298021473641e+00
2.536664730869210960e+00
2.535665200011317566e+00
2.534665705447793460e+00
2.533666247178638198e+00
2.532666825203852223e+00
2.531667439523435537e+00
2.530668090137388138e+00
2.529668777045709582e+00
2.528669500248400315e+00
2.527670259745460335e+00
2.526671055536889199e+00
2.525671887622687350e+00
2.524672756002854790e+00
2.523673660677391073e+00
2.522674601646296644e+00
2.521675578909571502e+00
2.520676592467215649e+00
2.519677642319228639e+00
2.518678728465610916e+00
2.517679850906362038e+00
2.516681009641482447e+00
2.515682204670972588e+00
2.514683435994831129e+00
2.513684703613058957e+00
2.512686007525656517e+00
2.511687347732622477e+00
2.510688724233958169e+00
2.509690137029662704e+00
2.508691586119736527e+00
2.507693071504179194e+00
2.506694593182991593e+00
2.505696151156172835e+00
2.504697745423722921e+00
2.503699375985642739e+00
2.502701042841931400e+00
2.501702745992589350e+00
2.500704485437616142e+00
2.499706261177012223e+00
2.498708073210777592e+00
2.497709921538912248e+00
2.496711806161415748e+00
2.495713727078288535e+00
2.494715684289530166e+00
2.493717677795141530e+00
2.492719707595121736e+00
2.491721773689471231e+00
2.490723876078189569e+00
2.489726014761277195e+00
2.488728189738734109e+00
2.487730401010560310e+00
2.486732648576755356e+00
2.485734932437319689e+00
2.484737252592252865e+00
2.483739609041555774e+00
2.482742001785227526e+00
2.481744430823268566e+00
2.480746896155678449e+00
2.479749397782457621e+00
2.478751935703606080e+00
2.477754509919123382e+00
2.476757120429010417e+00
2.475759767233266295e+00
2.474762450331891017e+00
2.473765169724885027e+00
2.472767925412248324e+00
2.471770717393980910e+00
2.470773545670082783e+00
2.469776410240553499e+00
2.468779311105393059e+00
2.467782248264602352e+00
2.466785221718180487e+00
2.465788231466127911e+00
2.464791277508444622e+00
2.463794359845130177e+00
2.462797478476185020e+00
2.461800633401609151e+00
2.460803824621402125e+00
2.459807052135564387e+00
2.458810315944095937e+00
2.457813616046996330e+00
2.456816952444266011e+00
2.455820325135904980e+00
2.454823734121913237e+00
2.453827179402290337e+00
2.452830660977036725e+00
2.451834178846152401e+00
2.450837733009636921e+00
2.449841323467490728e+00
2.448844950219713823e+00
2.447848613266305762e+00
2.446852312607266988e+00
2.445856048242597502e+00
2.444859820172297304e+00
2.443863628396365950e+00
2.442867472914803884e+00
2.441871353727611105e+00
2.440875270834787170e+00
2.439879224236332522e+00
2.438883213932247163e+00
2.437887239922530647e+00
2.436891302207183863e+00
2.435895400786205478e+00
2.434899535659596825e+00
2.433903706827357016e+00
2.432907914289486495e+00
2.431912158045985262e+00
2.430916438096852872e+00
2.429920754442089770e+00
2.428925107081695955e+00
2.427929496015670985e+00
2.426933921244015302e+00
2.425938382766728907e+00
2.424942880583811800e+00
2.423947414695263536e+00
2.422951985101084560e+00
2.421956591801274428e+00
2.420961234795833583e+00
2.419965914084762026e+00
2.418970629668059757e+00
2.417975381545726776e+00
2.416980169717762639e+00
2.415984994184167345e+00
2.414989854944941783e+00
2.413994752000085064e+00
2.412999685349597634e+00
2.412004654993479491e+00
2.411009660931730192e+00
2.410014703164350180e+00
2.409019781691339013e+00
2.408024896512697577e+00
2.407030047628424985e+00
2.406035235038521680e+00
2.405040458742987219e+00
2.404045718741822046e+00
2.403051015035026161e+00
2.402056347622599564e+00
2.401061716504541810e+00
2.400067121680853344e+00
2.399072563151534165e+00
2.398078040916583831e+00
2.397083554976002784e+00
2.396089105329791025e+00
2.395094691977948109e+00
2.394100314920474482e+00
2.393105974157370142e+00
2.392111669688635089e+00
2.391117401514268881e+00
2.390123169634271960e+00
2.389128974048643883e+00
2.388134814757385538e+00
2.387140691760496036e+00
2.386146605057975822e+00
2.385152554649824452e+00
2.384158540536042370e+00
2.383164562716629575e+00
2.382170621191586068e+00
2.381176715960911405e+00
2.380182847024606030e+00
2.379189014382669498e+00
2.378195218035102698e+00
2.377201457981904298e+00
2.376207734223075629e+00
2.375214046758616249e+00
2.374220395588525712e+00
2.373226780712804462e+00
2.372233202131452057e+00
2.371239659844468939e+00
2.370246153851855109e+00
2.369252684153610566e+00
2.368259250749734868e+00
2.367265853640228457e+00
2.366272492825091334e+00
2.365279168304323054e+00
2.364285880077924062e+00
2.363292628145894358e+00
2.362299412508233498e+00
2.361306233164942370e+00
2.360313090116020085e+00
2.359319983361466644e+00
2.358326912901282491e+00
2.357333878735467625e+00
2.356340880864022047e+00
2.355347919286945313e+00
2.354354994004237867e+00
2.353362105015899708e+00
2.352369252321930837e+00
2.351376435922330810e+00
2.350383655817100070e+00
2.349390912006238175e+00
2.348398204489745567e+00
2.347405533267622246e+00
2.346412898339868214e+00
2.345420299706483025e+00
2.344427737367467124e+00
2.343435211322820511e+00
2.342442721572543185e+00
2.341450268116634703e+00
2.340457850955095065e+00
2.339465470087925159e+00
2.338473125515124096e+00
2.337480817236692321e+00
2.336488545252629834e+00
2.335496309562936190e+00
2.334504110167611834e+00
2.333511947066656766e+00
2.332519820260070542e+00
2.331527729747853606e+00
2.330535675530005957e+00
2.329543657606527596e+00
2.328551675977418078e+00
2.327559730642677849e+00
2.326567821602306907e+00
2.325575948856304809e+00
2.324584112404671998e+00
2.323592312247408032e+00
2.322600548384513797e+00
2.321608820815988405e+00
2.320617129541831858e+00
2.319625474562045042e+00
2.318633855876627514e+00
2.317642273485578386e+00
2.316650727388898989e+00
2.315659217586588436e+00
2.314667744078647171e+00
2.313676306865075194e+00
2.312684905945872060e+00
2.311693541321038214e+00
2.310702212990573656e+00
2.309710920954477942e+00
2.308719665212751515e+00
2.307728445765394376e+00
2.306737262612406525e+00
2.305746115753787517e+00
2.304755005189537798e+00
2.303763930919657366e+00
2.302772892944145777e+00
2.301781891263003477e+00
2.300790925876230464e+00
2.299799996783826295e+00
2.298809103985791857e+00
2.297818247482125820e+00
2.296827427272829514e+00
2.295836643357902052e+00
2.294845895737343877e+00
2.293855184411154990e+00
2.292864509379334947e+00
2.291873870641884192e+00
2.290883268198802725e+00
2.289892702050090101e+00
2.288902172195746765e+00
2.287911678635772716e+00
2.286921221370167956e+00
2.285930800398932039e+00
2.284940415722065410e+00
2.283950067339568069e+00
2.282959755251439571e+00
2.281969479457680361e+00
2.280979239958290439e+00
2.279989036753269360e+00
2.278998869842617570e+00
2.278008739226335067e+00
2.277018644904421407e+00
2.276028586876877036e+00
2.275038565143701952e+00
2.274048579704896156e+00
2.273058630560459203e+00
2.272068717710391539e+00
2.271078841154693162e+00
2.270089000893363629e+00
2.269099196926403827e+00
2.268109429253812426e+00
2.267119697875590756e+00
2.266130002791737930e+00
2.265140344002254391e+00
2.264150721507139696e+00
2.263161135306394733e+00
2.262171585400018614e+00
2.261182071788011338e+00
2.260192594470373795e+00
2.259203153447105095e+00
2.258213748718205238e+00
2.257224380283675114e+00
2.256235048143513833e+00
2.255245752297721840e+00
2.254256492746298690e+00
2.253267269489245272e+00
2.252278082526560254e+00
2.251288931858244968e+00
2.250299817484298970e+00
2.249310739404721815e+00
2.248321697619513504e+00
2.247332692128674925e+00
2.246343722932205189e+00
2.245354790030104741e+00
2.244365893422373137e+00
2.243377033109011265e+00
2.242388209090018236e+00
2.241399421365394051e+00
2.240410669935139154e+00
2.239421954799253545e+00
2.238433275957737223e+00
2.237444633410590189e+00
2.236456027157811555e+00
2.235467457199402652e+00
2.234478923535363037e+00
2.233490426165692266e+00
2.232501965090390783e+00
2.231513540309458588e+00
2.230525151822895236e+00
2.229536799630701172e+00
2.228548483732876395e+00
2.227560204129420462e+00
2.226571960820333818e+00
2.225583753805616460e+00
2.224595583085268391e+00
2.223607448659288721e+00
2.222619350527678783e+00
2.221631288690438133e+00
2.220643263147566326e+00
2.219655273899063808e+00
2.218667320944930577e+00
2.217679404285166189e+00
2.216691523919771534e+00
2.215703679848745722e+00
2.214715872072088754e+00
2.213728100589801073e+00
2.212740365401882681e+00
2.211752666508333132e+00
2.210765003909153315e+00
2.209777377604342341e+00
2.208789787593900655e+00
2.207802233877827369e+00
2.206814716456124259e+00
2.205827235328789548e+00
2.204839790495824570e+00
2.203852381957228435e+00
2.202865009713001587e+00
2.201877673763143584e+00
2.200890374107655312e+00
2.199903110746535884e+00
2.198915883679785299e+00
2.197928692907404447e+00
2.196941538429392438e+00
2.195954420245749272e+00
2.194967338356475839e+00
2.193980292761571249e+00
2.192993283461035503e+00
2.192006310454869489e+00
2.191019373743072762e+00
2.190032473325644879e+00
2.189045609202585840e+00
2.188058781373896089e+00
2.187071989839576069e+00
2.186085234599624449e+00
2.185098515654042117e+00
2.184111833002829073e+00
2.183125186645985316e+00
2.182138576583510847e+00
2.181152002815405222e+00
2.180165465341668884e+00
2.179178964162301391e+00
2.178192499277303629e+00
2.177206070686674266e+00
2.176219678390414636e+00
2.175233322388524293e+00
2.174247002681002794e+00
2.173260719267850583e+00
2.172274472149067215e+00
2.171288261324653135e+00
2.170302086794608343e+00
2.169315948558932838e+00
2.168329846617626178e+00
2.167343780970688805e+00
2.166357751618120719e+00
2.165371758559921478e+00
2.164385801796091524e+00
2.163399881326630858e+00
2.162413997151539036e+00
2.161428149270816945e+00
2.160442337684463254e+00
2.159456562392479295e+00
2.158470823394864180e+00
2.157485120691618352e+00
2.156499454282741812e+00
2.155513824168234116e+00
2.154528230348095708e+00
2.153542672822326587e+00
2.152557151590926310e+00
2.151571666653895321e+00
2.150586218011233619e+00
2.149600805662941205e+00
2.148615429609017635e+00
2.147630089849463353e+00
2.146644786384278358e+00
2.145659519213462207e+00
2.144674288337015344e+00
2.143689093754937769e+00
2.142703935467229037e+00
2.141718813473889593e+00
2.140733727774919437e+00
2.139748678370318125e+00
2.138763665260086544e+00
2.137778688444223807e+00
2.136793747922729914e+00
2.135808843695605752e+00
2.134823975762849990e+00
2.133839144124464404e+00
2.132854348780447218e+00
2.131869589730799319e+00
2.130884866975520708e+00
2.129900180514610941e+00
2.128915530348070462e+00
2.127930916475899270e+00
2.126946338898097366e+00
2.125961797614664306e+00
2.124977292625600533e+00
2.123992823930906049e+00
2.123008391530580408e+00
2.122023995424624054e+00
2.121039635613036989e+00
2.120055312095818767e+00
2.119071024872970277e+00
2.118086773944490631e+00
2.117102559310379828e+00
2.116118380970638313e+00
2.115134238925266086e+00
2.114150133174263146e+00
2.113166063717629051e+00
2.112182030555364243e+00
2.111198033687468723e+00
2.110214073113942490e+00
2.109230148834785101e+00
2.108246260849996556e+00
2.107262409159577743e+00
2.106278593763527773e+00
2.105294814661847091e+00
2.104311071854535697e+00
2.103327365341593147e+00
2.102343695123019884e+00
2.101360061198815909e+00
2.100376463568980778e+00
2.099392902233515379e+00
2.098409377192418379e+00
2.097425888445691111e+00
2.096442435993332687e+00
2.095459019835343550e+00
2.094475639971723702e+00
2.093492296402472697e+00
2.092508989127590979e+00
2.091525718147078550e+00
2.090542483460934964e+00
2.089559285069160666e+00
2.088576122971755655e+00
2.087592997168719933e+00
2.086609907660053054e+00
2.085626854445755463e+00
2.084643837525826715e+00
2.083660856900267255e+00
2.082677912569077083e+00
2.081695004532256199e+00
2.080712132789804159e+00
2.079729297341721406e+00
2.078746498188007941e+00
2.077763735328663763e+00
2.076781008763688430e+00
2.075798318493082384e+00
2.074815664516845182e+00
2.073833046834977267e+00
2.072850465447479085e+00
2.071867920354349302e+00
2.070885411555589251e+00
2.069902939051198043e+00
2.068920502841176123e+00
2.067938102925523047e+00
2.066955739304239259e+00
2.065973411977324758e+00
2.064991120944779546e+00
2.064008866206603177e+00
2.063026647762796095e+00
2.062044465613357858e+00
2.061062319758289352e+00
2.060080210197589690e+00
2.059098136931259315e+00
2.058116099959297784e+00
2.057134099281705542e+00
2.056152134898482586e+00
2.055170206809628475e+00
2.054188315015144095e+00
2.053206459515028559e+00
2.052224640309281867e+00
2.051242857397904906e+00
2.050261110780896789e+00
2.049279400458257516e+00
2.048297726429987975e+00
2.047316088696087277e+00
2.046334487256555867e+00
2.045352922111393301e+00
2.044371393260600023e+00
2.043389900704176476e+00
2.042408444442121329e+00
2.041427024474435470e+00
2.040445640801118898e+00
2.039464293422171615e+00
2.038482982337593175e+00
2.037501707547384022e+00
2.036520469051544158e+00
2.035539266850073581e+00
2.034558100942971848e+00
2.033576971330239402e+00
2.032595878011875801e+00
2.031614820987881931e+00
2.030633800258256905e+00
2.029652815823000722e+00
2.028671867682114272e+00
2.027690955835596665e+00
2.026710080283447901e+00
2.025729241025668870e+00
2.024748438062259126e+00
2.023767671393217782e+00
2.022786941018546170e+00
2.021806246938243401e+00
2.020825589152309920e+00
2.019844967660745283e+00
2.018864382463550378e+00
2.017883833560724316e+00
2.016903320952267542e+00
2.015922844638179612e+00
2.014942404618460969e+00
2.013962000893111615e+00
2.012981633462131548e+00
2.012001302325520324e+00
2.011021007483278389e+00
2.010040748935405297e+00
2.009060526681901937e+00
2.008080340722767421e+00
2.007100191058002192e+00
2.006120077687605807e+00
2.005140000611578710e+00
2.004159959829920901e+00
2.003179955342632379e+00
2.002199987149712257e+00
2.001220055251162311e+00
2.000240159646980764e+00
1.999260300337168728e+00
1.998280477321725757e+00
1.997300690600652073e+00
1.996320940173947234e+00
1.995341226041611904e+00
1.994361548203645640e+00
1.993381906660048219e+00
1.992402301410820087e+00
1.991422732455961242e+00
1.990443199795471685e+00
1.989463703429350971e+00
1.988484243357599546e+00
1.987504819580217408e+00
1.986525432097204114e+00
1.985546080908560107e+00
1.984566766014285388e+00
1.983587487414379735e+00
1.982608245108843370e+00
1.981629039097676070e+00
1.980649869380877615e+00
1.979670735958448669e+00
1.978691638830388788e+00
1.977712577996697974e+00
1.976733553457376447e+00
1.975754565212424207e+00
1.974775613261840590e+00
1.973796697605626704e+00
1.972817818243781662e+00
1.971838975176305908e+00
1.970860168403198998e+00
1.969881397924461819e+00
1.968902663740093484e+00
1.967923965850093992e+00
1.966945304254464011e+00
1.965966678953203317e+00
1.964988089946311245e+00
1.964009537233788905e+00
1.963031020815635408e+00
1.962052540691850977e+00
1.961074096862435834e+00
1.960095689327390200e+00
1.959117318086712967e+00
1.958138983140405465e+00
1.957160684488467028e+00
1.956182422130897436e+00
1.955204196067697353e+00
1.954226006298866558e+00
1.953247852824404607e+00
1.952269735644311721e+00
1.951291654758588123e+00
1.950313610167233813e+00
1.949335601870248347e+00
1.948357629867632390e+00
1.947379694159385277e+00
1.946401794745507452e+00
1.945423931625998915e+00
1.944446104800859221e+00
1.943468314270088815e+00
1.942490560033687697e+00
1.941512842091655866e+00
1.940535160443992657e+00
1.939557515090698958e+00
1.938579906031774325e+00
1.937602333267218757e+00
1.936624796797032699e+00
1.935647296621215485e+00
1.934669832739767781e+00
1.933692405152688698e+00
1.932715013859979125e+00
1.931737658861638618e+00
1.930760340157667176e+00
1.929783057748065023e+00
1.928805811632832157e+00
1.927828601811968134e+00
1.926851428285473400e+00
1.925874291053347731e+00
1.924897190115591128e+00
1.923920125472204035e+00
1.922943097123186007e+00
1.921966105068536823e+00
1.920989149308256927e+00
1.920012229842346319e+00
1.919035346670804554e+00
1.918058499793632521e+00
1.917081689210829332e+00
1.916104914922395208e+00
1.915128176928330372e+00
1.914151475228634602e+00
1.913174809823308120e+00
1.912198180712350482e+00
1.911221587895762131e+00
1.910245031373543068e+00
1.909268511145692848e+00
1.908292027212212361e+00
1.907315579573100717e+00
1.906339168228357916e+00
1.905362793177984626e+00
1.904386454421980623e+00
1.903410151960345242e+00
1.902433885793079371e+00
1.901457655920182788e+00
1.900481462341654826e+00
1.899505305057496596e+00
1.898529184067707209e+00
1.897553099372287333e+00
1.896577050971236300e+00
1.895601038864554333e+00
1.894625063052241654e+00
1.893649123534298040e+00
1.892673220310723714e+00
1.891697353381518676e+00
1.890721522746682481e+00
1.889745728406215575e+00
1.888769970360117956e+00
1.887794248608389180e+00
1.886818563151029693e+00
1.885842913988039493e+00
1.884867301119418137e+00
1.883891724545166291e+00
1.882916184265283510e+00
1.881940680279770017e+00
1.880965212588625146e+00
1.879989781191850007e+00
1.879014386089443711e+00
1.878039027281406703e+00
1.877063704767738539e+00
1.876088418548440107e+00
1.875113168623510296e+00
1.874137954992949773e+00
1.873162777656758760e+00
1.872187636614936368e+00
1.871212531867483264e+00
1.870237463414399670e+00
1.869262431255684920e+00
1.868287435391339457e+00
1.867312475821363060e+00
1.866337552545755507e+00
1.865362665564517686e+00
1.864387814877648708e+00
1.863413000485148796e+00
1.862438222387018172e+00
1.861463480583256835e+00
1.860488775073864787e+00
1.859514105858841360e+00
1.858539472938187442e+00
1.857564876311902591e+00
1.856590315979986805e+00
1.855615791942440307e+00
1.854641304199263097e+00
1.853666852750454730e+00
1.852692437596015651e+00
1.851718058735945860e+00
1.850743716170244912e+00
1.849769409898913253e+00
1.848795139921950881e+00
1.847820906239357353e+00
1.846846708851133556e+00
1.845872547757278603e+00
1.844898422957792716e+00
1.843924334452675895e+00
1.842950282241928361e+00
1.841976266325550116e+00
1.841002286703540713e+00
1.840028343375900821e+00
1.839054436342629995e+00
1.838080565603728012e+00
1.837106731159195316e+00
1.836132933009031909e+00
1.835159171153237345e+00
1.834185445591812513e+00
1.833211756324756525e+00
1.832238103352069380e+00
1.831264486673751968e+00
1.830290906289803399e+00
1.829317362200223895e+00
1.828343854405013680e+00
1.827370382904172752e+00
1.826396947697700890e+00
1.825423548785597871e+00
1.824450186167864363e+00
1.823476859844499920e+00
1.822503569815504543e+00
1.821530316080878453e+00
1.820557098640621430e+00
1.819583917494733472e+00
1.818610772643214801e+00
1.817637664086065419e+00
1.816664591823284880e+00
1.815691555854873629e+00
1.814718556180831666e+00
1.813745592801158546e+00
1.812772665715854714e+00
1.811799774924920170e+00
1.810826920428354692e+00
1.809854102226158279e+00
1.808881320318331376e+00
1.807908574704873317e+00
1.806935865385784323e+00
1.805963192361064618e+00
1.804990555630714200e+00
1.804017955194732625e+00
1.803045391053120561e+00
1.802072863205877562e+00
1.801100371653003407e+00
1.800127916394498762e+00
1.799155497430363182e+00
1.798183114760596446e+00
1.797210768385199220e+00
1.796238458304171060e+00
1.795266184517511965e+00
1.794293947025222158e+00
1.793321745827301639e+00
1.792349580923749963e+00
1.791377452314567575e+00
1.790405359999754475e+00
1.789433303979310441e+00
1.788461284253235251e+00
1.787489300821529570e+00
1.786517353684192955e+00
1.785545442841225405e+00
1.784573568292627144e+00
1.783601730038397948e+00
1.782629928078537818e+00
1.781658162413046975e+00
1.780686433041925421e+00
1.779714739965172710e+00
1.778743083182789286e+00
1.777771462694775151e+00
1.776799878501129859e+00
1.775828330601854077e+00
1.774856818996947361e+00
1.773885343686409488e+00
1.772913904670241125e+00
1.771942501948441828e+00
1.770971135521011819e+00
1.769999805387950653e+00
1.769028511549258775e+00
1.768057254004936185e+00
1.767086032754982439e+00
1.766114847799398202e+00
1.765143699138183031e+00
1.764172586771336704e+00
1.763201510698859886e+00
1.762230470920752134e+00
1.761259467437013226e+00
1.760288500247643828e+00
1.759317569352643718e+00
1.758346674752012229e+00
1.757375816445750472e+00
1.756404994433857558e+00
1.755434208716333710e+00
1.754463459293179151e+00
1.753492746164393878e+00
1.752522069329977672e+00
1.751551428789930531e+00
1.750580824544252678e+00
1.749610256592943891e+00
1.748639724936003947e+00
1.747669229573433736e+00
1.746698770505232368e+00
1.745728347731400065e+00
1.744757961251937051e+00
1.743787611066843324e+00
1.742817297176118441e+00
1.741847019579762845e+00
1.740876778277776538e+00
1.739906573270159074e+00
1.738936404556911119e+00
1.737966272138032231e+00
1.736996176013522630e+00
1.736026116183381651e+00
1.735056092647610404e+00
1.734086105406208000e+00
1.733116154459174663e+00
1.732146239806510835e+00
1.731176361448216072e+00
1.730206519384290154e+00
1.729236713614733523e+00
1.728266944139546180e+00
1.727297210958727902e+00
1.726327514072278912e+00
1.725357853480198989e+00
1.724388229182487908e+00
1.723418641179146338e+00
1.722449089470174055e+00
1.721479574055570394e+00
1.720510094935336465e+00
1.719540652109471379e+00
1.718571245577975359e+00
1.717601875340848627e+00
1.716632541398091183e+00
1.715663243749702804e+00
1.714693982395683491e+00
1.713724757336033466e+00
1.712755568570752507e+00
1.711786416099840613e+00
1.710817299923298007e+00
1.709848220041124689e+00
1.708879176453319992e+00
1.707910169159885028e+00
1.706941198160819129e+00
1.705972263456122073e+00
1.705003365045794306e+00
1.704034502929835826e+00
1.703065677108246190e+00
1.702096887581026063e+00
1.701128134348175003e+00
1.700159417409693230e+00
1.699190736765580079e+00
1.698222092415836659e+00
1.697253484360462084e+00
1.696284912599456574e+00
1.695316377132820573e+00
1.694347877960553639e+00
1.693379415082655548e+00
1.692410988499126967e+00
1.691442598209967452e+00
1.690474244215176780e+00
1.689505926514755618e+00
1.688537645108703522e+00
1.687569399997020492e+00
1.686601191179706749e+00
1.685633018656762072e+00
1.684664882428186461e+00
1.683696782493980137e+00
1.682728718854143102e+00
1.681760691508675132e+00
1.680792700457576005e+00
1.679824745700846389e+00
1.678856827238485838e+00
1.677888945070494353e+00
1.676921099196872156e+00
1.675953289617619024e+00
1.674985516332734958e+00
1.674017779342220180e+00
1.673050078646074690e+00
1.672082414244298043e+00
1.671114786136890684e+00
1.670147194323852613e+00
1.669179638805183385e+00
1.668212119580883446e+00
1.667244636650952794e+00
1.666277190015391207e+00
1.665309779674198687e+00
1.664342405627375676e+00
1.663375067874921509e+00
1.662407766416836408e+00
1.661440501253120594e+00
1.660473272383774068e+00
1.659506079808796386e+00
1.658538923528188214e+00
1.657571803541949107e+00
1.656604719850078844e+00
1.655637672452577869e+00
1.654670661349446403e+00
1.653703686540683560e+00
1.652736748026290226e+00
1.651769845806265957e+00
1.650802979880610755e+00
1.649836150249324840e+00
1.648869356912407991e+00
1.647902599869860207e+00
1.646935879121681712e+00
1.645969194667872504e+00
1.645002546508432362e+00
1.644035934643361285e+00
1.643069359072659275e+00
1.642102819796326774e+00
1.641136316814362894e+00
1.640169850126768525e+00
1.639203419733543443e+00
1.638237025634687205e+00
1.637270667830200255e+00
1.636304346320082370e+00
1.635338061104333551e+00
1.634371812182954242e+00
1.633405599555943999e+00
1.632439423223302599e+00
1.631473283185030487e+00
1.630507179441127663e+00
1.629541111991593905e+00
1.628575080836429212e+00
1.627609085975634029e+00
1.626643127409207690e+00
1.625677205137150416e+00
1.624711319159462652e+00
1.623745469476143732e+00
1.622779656087193878e+00
1.621813878992613533e+00
1.620848138192402255e+00
1.619882433686559819e+00
1.618916765475086894e+00
1.617951133557983034e+00
1.616985537935248241e+00
1.616019978606882734e+00
1.615054455572886294e+00
1.614088968833258697e+00
1.613123518388000832e+00
1.612158104237111811e+00
1.611192726380591855e+00
1.610227384818441188e+00
1.609262079550659807e+00
1.608296810577247493e+00
1.607331577898204245e+00
1.606366381513530284e+00
1.605401221423225389e+00
1.604436097627289337e+00
1.603471010125723017e+00
1.602505958918525542e+00
1.601540944005697131e+00
1.600575965387238009e+00
1.599611023063148174e+00
1.598646117033427183e+00
1.597681247298075480e+00
1.596716413857093064e+00
1.595751616710479492e+00
1.594786855858235430e+00
1.593822131300360434e+00
1.592857443036854725e+00
1.591892791067717638e+00
1.590928175392950061e+00
1.589963596012551772e+00
1.588999052926522326e+00
1.588034546134862168e+00
1.587070075637571298e+00
1.586105641434649272e+00
1.585141243526096755e+00
1.584176881911913304e+00
1.583212556592098696e+00
1.582248267566653599e+00
1.581284014835577567e+00
1.580319798398870601e+00
1.579355618256532923e+00
1.578391474408564310e+00
1.577427366854964763e+00
1.576463295595734504e+00
1.575499260630873533e+00
1.574535261960381183e+00
1.573571299584258565e+00
1.572607373502505013e+00
1.571643483715120526e+00
1.570679630222104883e+00
1.569715813023458750e+00
1.568752032119181905e+00
1.567788287509273681e+00
1.566824579193734968e+00
1.565860907172565542e+00
1.564897271445764959e+00
1.563933672013333664e+00
1.562970108875271658e+00
1.562006582031578494e+00
1.561043091482254619e+00
1.560079637227300031e+00
1.559116219266714287e+00
1.558152837600498053e+00
1.557189492228650884e+00
1.556226183151173004e+00
1.555262910368063967e+00
1.554299673879324217e+00
1.553336473684953756e+00
1.552373309784951916e+00
1.551410182179319808e+00
1.550447090868056765e+00
1.549484035851162567e+00
1.548521017128637878e+00
1.547558034700482255e+00
1.546595088566695475e+00
1.545632178727278205e+00
1.544669305182230001e+00
1.543706467931550863e+00
1.542743666975241013e+00
1.541780902313300228e+00
1.540818173945728509e+00
1.539855481872526077e+00
1.538892826093692934e+00
1.537930206609228634e+00
1.536967623419133622e+00
1.536005076523407897e+00
1.535042565922051239e+00
1.534080091615063646e+00
1.533117653602445341e+00
1.532155251884196101e+00
1.531192886460315927e+00
1.530230557330805041e+00
1.529268264495663221e+00
1.528306007954890466e+00
1.527343787708487222e+00
1.526381603756452821e+00
1.525419456098787485e+00
1.524457344735491660e+00
1.523495269666564900e+00
1.522533230892006983e+00
1.521571228411818577e+00
1.520609262225999236e+00
1.519647332334549183e+00
1.518685438737467752e+00
1.517723581434756053e+00
1.516761760426413419e+00
1.515799975712439629e+00
1.514838227292835127e+00
1.513876515167599912e+00
1.512914839336733541e+00
1.511953199800236680e+00
1.510991596558108885e+00
1.510030029610349933e+00
1.509068498956960491e+00
1.508107004597940337e+00
1.507145546533288805e+00
1.506184124763006782e+00
1.505222739287094047e+00
1.504261390105549934e+00
1.503300077218375552e+00
1.502338800625570014e+00
1.501377560327133986e+00
1.500416356323066580e+00
1.499455188613368684e+00
1.498494057198039853e+00
1.497532962077079866e+00
1.496571903250489610e+00
1.495610880718268199e+00
1.494649894480415853e+00
1.493688944536932794e+00
1.492728030887819024e+00
1.491767153533073875e+00
1.490806312472698458e+00
1.489845507706692107e+00
1.488884739235054600e+00
1.487924007057786380e+00
1.486963311174887448e+00
1.486002651586357803e+00
1.485042028292196781e+00
1.484081441292405490e+00
1.483120890586983043e+00
1.482160376175929661e+00
1.481199898059245790e+00
1.480239456236930762e+00
1.479279050708984800e+00
1.478318681475408347e+00
1.477358348536200960e+00
1.476398051891362417e+00
1.475437791540893384e+00
1.474477567484793417e+00
1.473517379723062293e+00
1.472557228255700679e+00
1.471597113082708352e+00
1.470637034204084648e+00
1.469676991619830453e+00
1.468716985329945546e+00
1.467757015334429482e+00
1.466797081633282707e+00
1.465837184226505219e+00
1.464877323114096797e+00
1.463917498296057218e+00
1.462957709772387149e+00
1.461997957543086368e+00
1.461038241608154209e+00
1.460078561967591559e+00
1.459118918621398198e+00
1.458159311569573457e+00
1.457199740812118449e+00
1.456240206349032285e+00
1.455280708180315186e+00
1.454321246305967597e+00
1.453361820725989073e+00
1.452402431440379393e+00
1.451443078449139001e+00
1.450483761752267897e+00
1.449524481349765859e+00
1.448565237241633108e+00
1.447606029427869423e+00
1.446646857908475026e+00
1.445687722683449250e+00
1.444728623752793206e+00
1.443769561116506228e+00
1.442810534774588094e+00
1.441851544727039247e+00
1.440892590973859688e+00
1.439933673515049195e+00
1.438974792350607768e+00
1.438015947480535850e+00
1.437057138904832554e+00
1.436098366623498768e+00
1.435139630636534047e+00
1.434180930943938392e+00
1.433222267545712025e+00
1.432263640441854946e+00
1.431305049632366710e+00
1.430346495117247763e+00
1.429387976896498103e+00
1.428429494970117508e+00
1.427471049338105757e+00
1.426512640000463517e+00
1.425554266957190563e+00
1.424595930208286232e+00
1.423637629753751410e+00
1.422679365593585876e+00
1.421721137727789186e+00
1.420762946156361783e+00
1.419804790879303669e+00
1.418846671896614398e+00
1.417888589208294414e+00
1.416930542814343719e+00
1.415972532714761867e+00
1.415014558909549525e+00
1.414056621398706248e+00
1.413098720182232260e+00
1.412140855260126893e+00
1.411183026632391257e+00
1.410225234299024466e+00
1.409267478260026740e+00
1.408309758515398524e+00
1.407352075065139374e+00
1.406394427909249067e+00
1.405436817047728049e+00
1.404479242480576540e+00
1.403521704207793652e+00
1.402564202229380275e+00
1.401606736545335963e+00
1.400649307155660495e+00
1.399691914060354536e+00
1.398734557259417866e+00
1.397777236752849817e+00
1.396819952540651499e+00
1.395862704622822026e+00
1.394905492999361618e+00
1.393948317670270720e+00
1.392991178635548666e+00
1.392034075895196121e+00
1.391077009449212198e+00
1.390119979297597785e+00
1.389162985440352660e+00
1.388206027877476156e+00
1.387249106608969162e+00
1.386292221634831456e+00
1.385335372955062594e+00
1.384378560569663019e+00
1.383421784478632732e+00
1.382465044681971289e+00
1.381508341179679134e+00
1.380551673971756266e+00
1.379595043058202242e+00
1.378638448439017727e+00
1.377681890114202279e+00
1.376725368083756118e+00
1.375768882347678801e+00
1.374812432905970772e+00
1.373856019758632030e+00
1.372899642905662132e+00
1.371943302347061522e+00
1.370986998082830199e+00
1.370030730112967721e+00
1.369074498437474752e+00
1.368118303056350848e+00
1.367162143969595789e+00
1.366206021177210239e+00
1.365249934679193977e+00
1.364293884475546337e+00
1.363337870566268206e+00
1.362381892951359363e+00
1.361425951630819142e+00
1.360470046604648653e+00
1.359514177872847007e+00
1.358558345435414871e+00
1.357602549292351357e+00
1.356646789443657353e+00
1.355691065889332414e+00
1.354735378629376319e+00
1.353779727663789734e+00
1.352824112992572436e+00
1.351868534615723760e+00
1.350912992533244816e+00
1.349957486745134716e+00
1.349002017251393681e+00
1.348046584052022157e+00
1.347091187147019697e+00
1.346135826536385860e+00
1.345180502220121754e+00
1.344225214198226714e+00
1.343269962470700962e+00
1.342314747037543832e+00
1.341359567898756211e+00
1.340404425054337878e+00
1.339449318504288389e+00
1.338494248248608187e+00
1.337539214287297273e+00
1.336584216620355203e+00
1.335629255247782421e+00
1.334674330169579148e+00
1.333719441385744497e+00
1.332764588896279134e+00
1.331809772701183281e+00
1.330854992800456049e+00
1.329900249194098327e+00
1.328945541882109671e+00
1.327990870864490081e+00
1.327036236141239778e+00
1.326081637712358541e+00
1.325127075577846369e+00
1.324172549737703486e+00
1.323218060191929890e+00
1.322263606940525360e+00
1.321309189983489896e+00
1.320354809320823719e+00
1.319400464952526608e+00
1.318446156878598341e+00
1.317491885099039584e+00
1.316537649613850114e+00
1.315583450423029488e+00
1.314629287526578150e+00
1.313675160924496099e+00
1.312721070616782670e+00
1.311767016603438973e+00
1.310812998884464342e+00
1.309859017459858554e+00
1.308905072329622055e+00
1.307951163493755065e+00
1.306997290952256696e+00
1.306043454705127838e+00
1.305089654752368045e+00
1.304135891093977540e+00
1.303182163729955656e+00
1.302228472660303504e+00
1.301274817885020418e+00
1.300321199404106176e+00
1.299367617217561222e+00
1.298414071325385555e+00
1.297460561727578732e+00
1.296507088424141418e+00
1.295553651415073393e+00
1.294600250700373989e+00
1.293646886280044095e+00
1.292693558154083266e+00
1.291740266322491504e+00
1.290787010785269029e+00
1.289833791542415842e+00
1.288880608593931276e+00
1.287927461939816443e+00
1.286974351580070675e+00
1.286021277514693972e+00
1.285068239743686114e+00
1.284115238267047765e+00
1.283162273084778704e+00
1.282209344196878265e+00
1.281256451603347335e+00
1.280303595304185693e+00
1.279350775299392673e+00
1.278397991588969385e+00
1.277445244172915162e+00
1.276492533051229561e+00
1.275539858223913692e+00
1.274587219690966888e+00
1.273634617452388929e+00
1.272682051508180479e+00
1.271729521858341094e+00
1.270777028502870776e+00
1.269824571441769523e+00
1.268872150675037558e+00
1.267919766202674881e+00
1.266967418024681047e+00
1.266015106141056501e+00
1.265062830551801243e+00
1.264110591256914828e+00
1.263158388256397924e+00
1.262206221550250085e+00
1.261254091138471090e+00
1.260301997021061604e+00
1.259349939198021184e+00
1.258397917669349608e+00
1.257445932435047764e+00
1.256493983495114763e+00
1.255542070849550829e+00
1.254590194498356182e+00
1.253638354441530822e+00
1.252686550679074085e+00
1.251734783210987079e+00
1.250783052037269139e+00
1.249831357157920264e+00
1.248879698572940233e+00
1.247928076282329712e+00
1.246976490286088479e+00
1.246024940584215868e+00
1.245073427176712766e+00
1.244121950063578952e+00
1.243170509244813982e+00
1.242219104720418299e+00
1.241267736490391904e+00
1.240316404554734353e+00
1.239365108913446090e+00
1.238413849566527114e+00
1.237462626513976982e+00
1.236511439755796360e+00
1.235560289291984803e+00
1.234609175122542535e+00
1.233658097247469110e+00
1.232707055666764973e+00
1.231756050380430123e+00
1.230805081388464117e+00
1.229854148690867399e+00
1.228903252287639969e+00
1.227952392178781382e+00
1.227001568364292305e+00
1.226050780844172294e+00
1.225100029618421127e+00
1.224149314687039469e+00
1.223198636050027099e+00
1.222247993707383351e+00
1.221297387659109113e+00
1.220346817905204162e+00
1.219396284445667833e+00
1.218445787280501014e+00
1.217495326409703482e+00
1.216544901833275016e+00
1.215594513551215394e+00
1.214644161563525282e+00
1.213693845870204457e+00
1.212743566471252255e+00
1.211793323366669561e+00
1.210843116556456156e+00
1.209892946040611372e+00
1.208942811819136098e+00
1.207992713892030112e+00
1.207042652259292970e+00
1.206092626920925115e+00
1.205142637876926548e+00
1.204192685127296825e+00
1.203242768672036611e+00
1.202292888511145463e+00
1.201343044644623381e+00
1.200393237072470143e+00
1.199443465794686636e+00
1.198493730811271973e+00
1.197544032122226376e+00
1.196594369727550067e+00
1.195644743627243045e+00
1.194695153821304867e+00
1.193745600309736199e+00
1.192796083092536596e+00
1.191846602169705838e+00
1.190897157541244589e+00
1.189947749207152405e+00
1.188998377167429066e+00
1.188049041422075236e+00
1.187099741971090472e+00
1.186150478814474774e+00
1.185201251952228363e+00
1.184252061384351240e+00
1.183302907110842739e+00
1.182353789131703747e+00
1.181404707446934044e+00
1.180455662056533628e+00
1.179506652960501834e+00
1.178557680158839549e+00
1.177608743651546330e+00
1.176659843438621955e+00
1.175710979520067090e+00
1.174762151895881512e+00
1.173813360566064556e+00
1.172864605530617332e+00
1.171915886789539174e+00
1.170967204342829637e+00
1.170018558190489832e+00
1.169069948332519093e+00
1.168121374768917198e+00
1.167172837499684590e+00
1.166224336524821270e+00
1.165275871844327238e+00
1.164327443458201827e+00
1.163379051366446149e+00
1.162430695569059536e+00
1.161482376066041544e+00
1.160534092857393285e+00
1.159585845943114091e+00
1.158637635323203519e+00
1.157689460997662678e+00
1.156741322966490904e+00
1.155793221229687973e+00
1.154845155787254551e+00
1.153897126639190196e+00
1.152949133785494684e+00
1.152001177226168682e+00
1.151053256961211968e+00
1.150105372990623875e+00
1.149157525314405515e+00
1.148209713932555998e+00
1.147261938845075546e+00
1.146314200051964383e+00
1.145366497553222507e+00
1.144418831348849697e+00
1.143471201438845730e+00
1.142523607823211496e+00
1.141576050501946105e+00
1.140628529475049557e+00
1.139681044742522520e+00
1.138733596304364770e+00
1.137786184160575864e+00
1.136838808311156246e+00
1.135891468756105915e+00
1.134944165495424206e+00
1.133996898529112229e+00
1.133049667857169318e+00
1.132102473479595250e+00
1.131155315396390693e+00
1.130208193607555200e+00
1.129261108113088996e+00
1.128314058912991413e+00
1.127367046007263340e+00
1.126420069395904555e+00
1.125473129078914614e+00
1.124526225056293960e+00
1.123579357328042594e+00
1.122632525894160072e+00
1.121685730754647059e+00
1.120738971909503112e+00
1.119792249358728009e+00
1.118845563102322416e+00
1.117898913140285888e+00
1.116952299472618204e+00
1.116005722099320252e+00
1.115059181020391144e+00
1.114112676235830879e+00
1.113166207745640346e+00
1.112219775549818879e+00
1.111273379648366033e+00
1.110327020041282919e+00
1.109380696728568871e+00
1.108434409710223889e+00
1.107488158986247750e+00
1.106541944556641122e+00
1.105595766421403781e+00
1.104649624580535061e+00
1.103703519034035851e+00
1.102757449781905930e+00
1.101811416824144629e+00
1.100865420160753061e+00
1.099919459791730558e+00
1.098973535717076677e+00
1.098027647936792528e+00
1.097081796450877444e+00
1.096135981259331205e+00
1.095190202362154475e+00
1.094244459759346810e+00
1.093298753450908434e+00
1.092353083436838679e+00
1.091407449717138656e+00
1.090461852291807476e+00
1.089516291160845363e+00
1.088570766324252759e+00
1.087625277782029221e+00
1.086679825534174304e+00
1.085734409580689119e+00
1.084789029921573222e+00
1.083843686556825947e+00
1.082898379486448182e+00
1.081953108710439482e+00
1.081007874228799626e+00
1.080062676041529279e+00
1.079117514148628221e+00
1.078172388550095784e+00
1.077227299245933079e+00
1.076282246236139217e+00
1.075337229520714866e+00
1.074392249099659136e+00
1.073447304972972915e+00
1.072502397140655761e+00
1.071557525602707450e+00
1.070612690359128649e+00
1.069667891409919136e+00
1.068723128755078244e+00
1.067778402394606863e+00
1.066833712328504769e+00
1.065889058556771518e+00
1.064944441079407556e+00
1.063999859896412881e+00
1.063055315007787049e+00
1.062110806413530728e+00
1.061166334113643472e+00
1.060221898108125282e+00
1.059277498396975936e+00
1.058333134980196322e+00
1.057388807857785773e+00
1.056444517029743846e+00
1.055500262496071429e+00
1.054556044256768299e+00
1.053611862311834013e+00
1.052667716661269237e+00
1.051723607305073527e+00
1.050779534243246660e+00
1.049835497475789081e+00
1.048891497002701012e+00
1.047947532823981565e+00
1.047003604939631627e+00
1.046059713349650755e+00
1.045115858054038727e+00
1.044172039052796430e+00
1.043228256345922977e+00
1.042284509933418590e+00
1.041340799815283491e+00
1.040397125991517679e+00
1.039453488462120934e+00
1.038509887227093031e+00
1.037566322286434639e+00
1.036622793640145535e+00
1.035679301288225052e+00
1.034735845230674078e+00
1.033792425467492393e+00
1.032849041998679329e+00
1.031905694824235775e+00
1.030962383944161509e+00
1.030019109358456086e+00
1.029075871067119952e+00
1.028132669070153105e+00
1.027189503367555101e+00
1.026246373959326608e+00
1.025303280845467180e+00
1.024360224025977040e+00
1.023417203500855521e+00
1.022474219270103513e+00
1.021531271333720792e+00
1.020588359691706692e+00
1.019645484344062325e+00
1.018702645290786801e+00
1.017759842531880565e+00
1.016817076067343395e+00
1.015874345897175512e+00
1.014931652021376696e+00
1.013988994439946945e+00
1.013046373152886481e+00
1.012103788160195084e+00
1.011161239461872974e+00
1.010218727057919930e+00
1.009276250948335951e+00
1.008333811133121261e+00
1.007391407612275636e+00
1.006449040385799298e+00
1.005506709453691805e+00
1.004564414815953821e+00
1.003622156472584903e+00
1.002679934423584829e+00
1.001737748668954486e+00
1.000795599208692765e+00
9.998534860428005544e-01
9.989114091712774091e-01
9.979693685941231074e-01
9.970273643113383155e-01
9.960853963229225894e-01
9.951434646288759289e-01
9.942015692291985562e-01
9.932597101238902493e-01
9.923178873129512301e-01
9.913761007963812766e-01
9.904343505741803888e-01
9.894926366463487888e-01
9.885509590128862545e-01
9.876093176737927859e-01
9.866677126290686051e-01
9.857261438787134900e-01
9.847846114227274406e-01
9.838431152611109010e-01
9.829016553938632050e-01
9.819602318209850189e-01
9.810188445424756765e-01
9.800774935583353997e-01
9.791361788685646328e-01
9.781949004731627095e-01
9.772536583721298520e-01
9.763124525654665042e-01
9.753712830531720002e-01
9.744301498352470059e-01
9.734890529116908553e-01
9.725479922825037704e-01
9.716069679476861953e-01
9.706659799072374639e-01
9.697250281611580203e-01
9.687841127094478644e-01
9.678432335521067742e-01
9.669023906891345277e-01
9.659615841205320130e-01
9.650208138462981200e-01
9.640800798664337368e-01
9.631393821809384193e-01
9.621987207898119454e-01
9.612580956930552034e-01
9.603175068906670830e-01
9.593769543826484725e-01
9.584364381689989276e-01
9.574959582497182264e-01
9.565555146248070351e-01
9.556151072942649094e-01
9.546747362580918495e-01
9.537344015162880773e-01
9.527941030688533708e-01
9.518538409157877300e-01
9.509136150570915991e-01
9.499734254927643118e-01
9.490332722228060902e-01
9.480931552472173784e-01
9.471530745659975103e-01
9.462130301791471521e-01
9.452730220866654154e-01
9.443330502885531885e-01
9.433931147848102494e-01
9.424532155754361540e-01
9.415133526604313463e-01
9.405735260397956043e-01
9.396337357135289281e-01
9.386939816816317617e-01
9.377542639441034389e-01
9.368145825009444039e-01
9.358749373521546566e-01
9.349353284977337530e-01
9.339957559376819152e-01
9.330562196719998092e-01
9.321167197006863248e-01
9.311772560237421281e-01
9.302378286411672192e-01
9.292984375529613761e-01
9.283590827591248207e-01
9.274197642596571090e-01
9.264804820545586850e-01
9.255412361438295488e-01
9.246020265274694783e-01
9.236628532054786955e-01
9.227237161778567565e-01
9.217846154446041052e-01
9.208455510057207416e-01
9.199065228612064438e-01
9.189675310110612116e-01
9.180285754552854893e-01
9.170896561938783886e-01
9.161507732268407977e-01
9.152119265541722726e-01
9.142731161758728131e-01
9.133343420919426414e-01
9.123956043023815354e-01
9.114569028071894952e-01
9.105182376063669647e-01
9.095796086999132779e-01
9.086410160878286568e-01
9.077024597701135455e-01
9.067639397467672779e-01
9.058254560177905201e-01
9.048870085831826060e-01
9.039485974429437576e-01
9.030102225970744190e-01
9.020718840455739240e-01
9.011335817884427168e-01
9.001953158256805754e-01
8.992570861572877217e-01
8.983188927832639337e-01
8.973807357036094334e-01
8.964426149183237769e-01
8.955045304274076301e-01
8.945664822308603270e-01
8.936284703286823117e-01
8.926904947208735841e-01
8.917525554074339222e-01
8.908146523883633261e-01
8.898767856636620177e-01
8.889389552333295530e-01
8.880011610973668201e-01
8.870634032557727089e-01
8.861256817085478854e-01
8.851879964556923497e-01
8.842503474972058797e-01
8.833127348330884754e-01
8.823751584633403588e-01
8.814376183879613080e-01
8.805001146069513229e-01
8.795626471203108476e-01
8.786252159280392160e-01
8.776878210301368721e-01
8.767504624266035940e-01
8.758131401174396036e-01
8.748758541026446789e-01
8.739386043822188199e-01
8.730013909561622487e-01
8.720642138244747432e-01
8.711270729871565255e-01
8.701899684442073735e-01
8.692529001956272872e-01
8.683158682414164886e-01
8.673788725815747558e-01
8.664419132161023107e-01
8.655049901449987093e-01
8.645681033682646177e-01
8.636312528858993698e-01
8.626944386979034096e-01
8.617576608042767372e-01
8.608209192050191305e-01
8.598842139001308116e-01
8.589475448896113363e-01
8.580109121734611488e-01
8.570743157516802491e-01
8.561377556242684150e-01
8.552012317912256467e-01
8.542647442525521662e-01
8.533282930082477513e-01
8.523918780583126242e-01
8.514554994027463408e-01
8.505191570415493452e-01
8.495828509747216373e-01
8.486465812022629951e-01
8.477103477241734186e-01
8.467741505404533520e-01
8.458379896511021290e-01
8.449018650561199717e-01
8.439657767555073242e-01
8.430297247492635204e-01
8.420937090373890044e-01
