wavelength
9.522391315428876402e-01
9.519297724991818699e-01
9.516204122265874421e-01
9.513110507251042458e-01
9.510016879947323920e-01
9.506923240354717697e-01
9.503829588473226009e-01
9.500735924302845525e-01
9.497642247843579577e-01
9.494548559095425944e-01
9.491454858058384625e-01
9.488361144732457841e-01
9.485267419117643373e-01
9.482173681213941219e-01
9.479079931021352490e-01
9.475986168539877186e-01
9.472892393769515307e-01
9.469798606710265743e-01
9.466704807362128493e-01
9.463610995725105779e-01
9.460517171799194269e-01
9.457423335584397295e-01
9.454329487080712635e-01
9.451235626288141400e-01
9.448141753206682480e-01
9.445047867836336986e-01
9.441953970177104916e-01
9.438860060228985160e-01
9.435766137991978830e-01
9.432672203466085925e-01
9.429578256651305335e-01
9.426484297547638169e-01
9.423390326155083319e-01
9.420296342473641893e-01
9.417202346503313892e-01
9.414108338244098206e-01
9.411014317695995945e-01
9.407920284859007110e-01
9.404826239733130588e-01
9.401732182318367492e-01
9.398638112614716711e-01
9.395544030622179354e-01
9.392449936340755423e-01
9.389355829770443806e-01
9.386261710911245615e-01
9.383167579763160848e-01
9.380073436326188396e-01
9.376979280600329369e-01
9.373885112585582657e-01
9.370790932281949370e-01
9.367696739689429508e-01
9.364602534808021961e-01
9.361508317637727838e-01
9.358414088178547141e-01
9.355319846430478758e-01
9.352225592393523801e-01
9.349131326067681158e-01
9.346037047452951940e-01
9.342942756549336147e-01
9.339848453356832669e-01
9.336754137875442616e-01
9.333659810105165988e-01
9.330565470046001675e-01
9.327471117697950787e-01
9.324376753061012213e-01
9.321282376135187064e-01
9.318187986920475341e-01
9.315093585416875932e-01
9.311999171624389948e-01
9.308904745543017389e-01
9.305810307172757145e-01
9.302715856513610326e-01
9.299621393565575822e-01
9.296526918328654743e-01
9.293432430802847088e-01
9.290337930988151749e-01
9.287243418884569834e-01
9.284148894492101345e-01
9.281054357810745170e-01
9.277959808840502420e-01
9.274865247581371985e-01
9.271770674033354975e-01
9.268676088196451390e-01
9.265581490070660120e-01
9.262486879655982275e-01
9.259392256952417855e-01
9.256297621959965749e-01
9.253202974678627069e-01
9.250108315108400703e-01
9.247013643249288872e-01
9.243918959101288246e-01
9.240824262664402156e-01
9.237729553938628380e-01
9.234634832923966918e-01
9.231540099620418882e-01
9.228445354027984271e-01
9.225350596146663085e-01
9.222255825976454213e-01
9.219161043517357657e-01
9.216066248769375635e-01
9.212971441732505928e-01
9.209876622406748536e-01
9.206781790792105680e-01
9.203686946888574028e-01
9.200592090696156911e-01
9.197497222214852108e-01
9.194402341444660731e-01
9.191307448385581669e-01
9.188212543037616031e-01
9.185117625400763819e-01
9.182022695475023921e-01
9.178927753260397449e-01
9.175832798756883291e-01
9.172737831964482558e-01
9.169642852883195250e-01
9.166547861513020257e-01
9.163452857853958688e-01
9.160357841906010545e-01
9.157262813669174717e-01
9.154167773143452314e-01
9.151072720328842225e-01
9.147977655225346671e-01
9.144882577832962323e-01
9.141787488151692509e-01
9.138692386181535010e-01
9.135597271922489826e-01
9.132502145374558067e-01
9.129407006537739733e-01
9.126311855412034824e-01
9.123216691997442229e-01
9.120121516293963060e-01
9.117026328301596205e-01
9.113931128020342776e-01
9.110835915450202771e-01
9.107740690591175081e-01
9.104645453443260816e-01
9.101550204006458866e-01
9.098454942280770341e-01
9.095359668266195241e-01
9.092264381962732456e-01
9.089169083370383095e-01
9.086073772489147160e-01
9.082978449319023539e-01
9.079883113860013344e-01
9.076787766112115463e-01
9.073692406075332118e-01
9.070597033749659976e-01
9.067501649135102371e-01
9.064406252231657080e-01
9.061310843039324103e-01
9.058215421558105662e-01
9.055119987787998426e-01
9.052024541729005724e-01
9.048929083381125338e-01
9.045833612744358376e-01
9.042738129818703730e-01
9.039642634604162508e-01
9.036547127100734711e-01
9.033451607308419229e-01
9.030356075227217172e-01
9.027260530857127430e-01
9.024164974198152223e-01
9.021069405250288220e-01
9.017973824013538753e-01
9.014878230487901600e-01
9.011782624673376763e-01
9.008687006569966460e-01
9.005591376177667362e-01
9.002495733496482799e-01
8.999400078526410551e-01
8.996304411267451728e-01
8.993208731719605220e-01
8.990113039882872137e-01
8.987017335757252479e-01
8.983921619342745135e-01
8.980825890639351217e-01
8.977730149647069613e-01
8.974634396365902544e-01
8.971538630795846680e-01
8.968442852936905352e-01
8.965347062789076338e-01
8.962251260352359639e-01
8.959155445626757475e-01
8.956059618612266515e-01
8.952963779308890091e-01
8.949867927716625982e-01
8.946772063835475297e-01
8.943676187665436927e-01
8.940580299206511983e-01
8.937484398458700463e-01
8.934388485422001258e-01
8.931292560096415478e-01
8.928196622481943123e-01
8.925100672578583083e-01
8.922004710386336468e-01
8.918908735905202168e-01
8.915812749135181292e-01
8.912716750076273842e-01
8.909620738728478706e-01
8.906524715091796995e-01
8.903428679166227599e-01
8.900332630951771629e-01
8.897236570448429083e-01
8.894140497656199962e-01
8.891044412575083156e-01
8.887948315205078664e-01
8.884852205546188708e-01
8.881756083598409957e-01
8.878659949361745740e-01
8.875563802836193839e-01
8.872467644021755362e-01
8.869371472918429200e-01
8.866275289526216463e-01
8.863179093845117151e-01
8.860082885875130154e-01
8.856986665616256582e-01
8.853890433068496435e-01
8.850794188231848603e-01
8.847697931106314195e-01
8.844601661691892103e-01
8.841505379988583435e-01
8.838409085996388193e-01
8.835312779715305265e-01
8.832216461145335762e-01
8.829120130286478574e-01
8.826023787138735921e-01
8.822927431702105583e-01
8.819831063976587560e-01
8.816734683962182961e-01
8.813638291658891788e-01
8.810541887066712929e-01
8.807445470185647496e-01
8.804349041015694377e-01
8.801252599556854683e-01
8.798156145809128414e-01
8.795059679772515571e-01
8.791963201447015042e-01
8.788866710832626827e-01
8.785770207929353148e-01
8.782673692737190674e-01
8.779577165256142735e-01
8.776480625486207110e-01
8.773384073427384910e-01
8.770287509079675026e-01
8.767190932443078566e-01
8.764094343517595531e-01
8.760997742303225921e-01
8.757901128799967516e-01
8.754804503007823646e-01
8.751707864926792091e-01
8.748611214556873961e-01
8.745514551898068145e-01
8.742417876950376865e-01
8.739321189713796789e-01
8.736224490188330138e-01
8.733127778373976913e-01
8.730031054270737112e-01
8.726934317878609626e-01
8.723837569197595565e-01
8.720740808227693819e-01
8.717644034968905498e-01
8.714547249421230601e-01
8.711450451584668020e-01
8.708353641459218863e-01
8.705256819044883132e-01
8.702159984341659715e-01
8.699063137349549724e-01
8.695966278068552047e-01
8.692869406498667795e-01
8.689772522639896968e-01
8.686675626492238456e-01
8.683578718055693368e-01
8.680481797330261706e-01
8.677384864315942359e-01
8.674287919012736436e-01
8.671190961420642829e-01
8.668093991539662646e-01
8.664997009369795888e-01
8.661900014911041445e-01
8.658803008163400428e-01
8.655705989126872835e-01
8.652608957801457557e-01
8.649511914187155703e-01
8.646414858283966165e-01
8.643317790091890052e-01
8.640220709610927363e-01
8.637123616841076990e-01
8.634026511782340041e-01
8.630929394434716517e-01
8.627832264798205308e-01
8.624735122872807525e-01
8.621637968658522055e-01
8.618540802155350011e-01
8.615443623363291392e-01
8.612346432282345088e-01
8.609249228912512208e-01
8.606152013253792754e-01
8.603054785306185615e-01
8.599957545069691900e-01
8.596860292544310500e-01
8.593763027730043635e-01
8.590665750626887975e-01
8.587568461234846851e-01
8.584471159553918040e-01
8.581373845584101545e-01
8.578276519325398475e-01
8.575179180777808829e-01
8.572081829941332609e-01
8.568984466815968704e-01
8.565887091401718223e-01
8.562789703698580057e-01
8.559692303706555316e-01
8.556594891425642890e-01
8.553497466855843889e-01
8.550400029997158313e-01
8.547302580849586162e-01
8.544205119413126326e-01
8.541107645687779915e-01
8.538010159673545818e-01
8.534912661370425147e-01
8.531815150778416790e-01
8.528717627897522968e-01
8.525620092727741461e-01
8.522522545269072269e-01
8.519424985521516502e-01
8.516327413485074160e-01
8.513229829159744133e-01
8.510132232545527531e-01
8.507034623642424354e-01
8.503937002450433491e-01
8.500839368969556054e-01
8.497741723199790931e-01
8.494644065141139233e-01
8.491546394793600960e-01
8.488448712157176113e-01
8.485351017231863580e-01
8.482253310017663361e-01
8.479155590514576568e-01
8.476057858722603200e-01
8.472960114641743257e-01
8.469862358271995628e-01
8.466764589613360315e-01
8.463666808665839536e-01
8.460569015429431072e-01
8.457471209904134923e-01
8.454373392089953310e-01
8.451275561986884011e-01
8.448177719594927026e-01
8.445079864914083467e-01
8.441981997944353333e-01
8.438884118685735514e-01
8.435786227138231119e-01
8.432688323301840150e-01
8.429590407176561495e-01
8.426492478762396265e-01
8.423394538059343351e-01
8.420296585067403861e-01
8.417198619786577796e-01
8.414100642216865156e-01
8.411002652358263720e-01
8.407904650210776820e-01
8.404806635774402235e-01
8.401708609049141074e-01
8.398610570034993339e-01
8.395512518731957918e-01
8.392414455140035923e-01
8.389316379259226242e-01
8.386218291089529986e-01
8.383120190630947155e-01
8.380022077883476639e-01
8.376923952847119548e-01
8.373825815521874771e-01
8.370727665907743420e-01
8.367629504004725494e-01
8.364531329812819882e-01
8.361433143332028806e-01
8.358334944562348934e-01
8.355236733503782487e-01
8.352138510156329465e-01
8.349040274519989868e-01
8.345942026594762586e-01
8.342843766380647619e-01
8.339745493877647187e-01
8.336647209085759069e-01
8.333548912004984377e-01
8.330450602635321999e-01
8.327352280976773047e-01
8.324253947029336409e-01
8.321155600793013196e-01
8.318057242267803408e-01
8.314958871453705935e-01
8.311860488350721887e-01
8.308762092958851264e-01
8.305663685278092956e-01
8.302565265308448073e-01
8.299466833049916614e-01
8.296368388502497471e-01
8.293269931666191752e-01
8.290171462540998348e-01
8.287072981126918370e-01
8.283974487423951816e-01
8.280875981432097577e-01
8.277777463151356763e-01
8.274678932581728263e-01
8.271580389723214299e-01
8.268481834575811540e-01
8.265383267139523316e-01
8.262284687414347406e-01
8.259186095400283811e-01
8.256087491097334752e-01
8.252988874505498007e-01
8.249890245624773577e-01
8.246791604455162572e-01
8.243692950996664992e-01
8.240594285249279727e-01
8.237495607213007887e-01
8.234396916887849471e-01
8.231298214273803371e-01
8.228199499370870695e-01
8.225100772179051445e-01
8.222002032698344509e-01
8.218903280928750998e-01
8.215804516870269802e-01
8.212705740522902031e-01
8.209606951886647686e-01
8.206508150961505654e-01
8.203409337747477048e-01
8.200310512244561867e-01
8.197211674452757890e-01
8.194112824372068449e-01
8.191013962002492432e-01
8.187915087344028731e-01
8.184816200396678454e-01
8.181717301160440492e-01
8.178618389635315955e-01
8.175519465821303733e-01
8.172420529718404936e-01
8.169321581326619564e-01
8.166222620645946506e-01
8.163123647676386874e-01
8.160024662417940666e-01
8.156925664870606774e-01
8.153826655034386306e-01
8.150727632909279263e-01
8.147628598495284535e-01
8.144529551792403232e-01
8.141430492800634244e-01
8.138331421519978681e-01
8.135232337950436543e-01
8.132133242092006720e-01
8.129034133944690321e-01
8.125935013508487348e-01
8.122835880783396689e-01
8.119736735769419456e-01
8.116637578466554537e-01
8.113538408874803043e-01
8.110439226994164974e-01
8.107340032824639220e-01
8.104240826366226891e-01
8.101141607618927987e-01
8.098042376582741397e-01
8.094943133257668233e-01
8.091843877643707383e-01
8.088744609740859959e-01
8.085645329549124849e-01
8.082546037068504274e-01
8.079446732298996015e-01
8.076347415240601180e-01
8.073248085893318660e-01
8.070148744257148454e-01
8.067049390332092784e-01
8.063950024118149429e-01
8.060850645615318388e-01
8.057751254823601883e-01
8.054651851742997692e-01
8.051552436373505817e-01
8.048453008715128476e-01
8.045353568767862340e-01
8.042254116531710739e-01
8.039154652006671453e-01
8.036055175192744482e-01
8.032955686089932046e-01
8.029856184698231925e-01
8.026756671017645228e-01
8.023657145048170847e-01
8.020557606789808780e-01
8.017458056242561248e-01
8.014358493406426032e-01
8.011258918281403130e-01
8.008159330867494763e-01
8.005059731164698711e-01
8.001960119173014974e-01
7.998860494892445772e-01
7.995760858322988884e-01
7.992661209464644312e-01
7.989561548317413164e-01
7.986461874881294332e-01
7.983362189156290034e-01
7.980262491142398051e-01
7.977162780839618383e-01
7.974063058247953251e-01
7.970963323367399322e-01
7.967863576197959929e-01
7.964763816739632851e-01
7.961664044992418088e-01
7.958564260956317860e-01
7.955464464631329946e-01
7.952364656017454347e-01
7.949264835114693284e-01
7.946165001923044535e-01
7.943065156442508101e-01
7.939965298673085092e-01
7.936865428614775508e-01
7.933765546267578239e-01
7.930665651631494395e-01
7.927565744706523976e-01
7.924465825492665871e-01
7.921365893989921192e-01
7.918265950198288827e-01
7.915165994117769888e-01
7.912066025748364373e-01
7.908966045090071173e-01
7.905866052142891398e-01
7.902766046906825048e-01
7.899666029381871013e-01
7.896565999568030403e-01
7.893465957465302107e-01
7.890365903073688347e-01
7.887265836393185792e-01
7.884165757423797771e-01
7.881065666165520955e-01
7.877965562618358675e-01
7.874865446782308709e-01
7.871765318657372168e-01
7.868665178243547942e-01
7.865565025540837141e-01
7.862464860549239765e-01
7.859364683268755813e-01
7.856264493699383067e-01
7.853164291841124856e-01
7.850064077693978959e-01
7.846963851257946487e-01
7.843863612533027441e-01
7.840763361519220709e-01
7.837663098216527402e-01
7.834562822624946410e-01
7.831462534744478843e-01
7.828362234575123590e-01
7.825261922116881763e-01
7.822161597369754471e-01
7.819061260333738383e-01
7.815960911008835721e-01
7.812860549395046483e-01
7.809760175492369561e-01
7.806659789300806063e-01
7.803559390820355990e-01
7.800458980051018232e-01
7.797358556992793899e-01
7.794258121645681880e-01
7.791157674009683287e-01
7.788057214084798119e-01
7.784956741871025265e-01
7.781856257368365837e-01
7.778755760576819833e-01
7.775655251496386144e-01
7.772554730127065881e-01
7.769454196468859042e-01
7.766353650521764518e-01
7.763253092285782309e-01
7.760152521760914635e-01
7.757051938947159275e-01
7.753951343844516231e-01
7.750850736452987721e-01
7.747750116772571527e-01
7.744649484803267647e-01
7.741548840545077192e-01
7.738448183998000163e-01
7.735347515162035448e-01
7.732246834037184158e-01
7.729146140623446293e-01
7.726045434920820743e-01
7.722944716929308617e-01
7.719843986648908807e-01
7.716743244079622421e-01
7.713642489221449461e-01
7.710541722074388815e-01
7.707440942638442705e-01
7.704340150913607799e-01
7.701239346899886318e-01
7.698138530597278262e-01
7.695037702005783631e-01
7.691936861125401315e-01
7.688836007956132423e-01
7.685735142497975847e-01
7.682634264750932696e-01
7.679533374715002969e-01
7.676432472390185557e-01
7.673331557776481571e-01
7.670230630873891009e-01
7.667129691682412762e-01
7.664028740202046830e-01
7.660927776432795433e-01
7.657826800374656351e-01
7.654725812027629583e-01
7.651624811391717351e-01
7.648523798466917434e-01
7.645422773253229831e-01
7.642321735750655654e-01
7.639220685959194901e-01
7.636119623878846463e-01
7.633018549509611450e-01
7.629917462851489862e-01
7.626816363904480589e-01
7.623715252668584741e-01
7.620614129143801208e-01
7.617512993330132209e-01
7.614411845227574416e-01
7.611310684836131157e-01
7.608209512155800214e-01
7.605108327186581585e-01
7.602007129928477491e-01
7.598905920381484602e-01
7.595804698545606248e-01
7.592703464420840209e-01
7.589602218007187595e-01
7.586500959304647296e-01
7.583399688313220421e-01
7.580298405032906972e-01
7.577197109463705837e-01
7.574095801605618128e-01
7.570994481458643843e-01
7.567893149022781873e-01
7.564791804298033329e-01
7.561690447284397099e-01
7.558589077981874293e-01
7.555487696390464913e-01
7.552386302510167848e-01
7.549284896340984208e-01
7.546183477882912882e-01
7.543082047135956092e-01
7.539980604100111616e-01
7.536879148775379456e-01
7.533777681161760720e-01
7.530676201259254299e-01
7.527574709067862413e-01
7.524473204587582842e-01
7.521371687818415586e-01
7.518270158760361754e-01
7.515168617413421348e-01
7.512067063777594367e-01
7.508965497852878590e-01
7.505863919639277348e-01
7.502762329136789532e-01
7.499660726345412920e-01
7.496559111265150843e-01
7.493457483896001081e-01
7.490355844237964744e-01
7.487254192291040722e-01
7.484152528055230125e-01
7.481050851530532952e-01
7.477949162716948095e-01
7.474847461614476662e-01
7.471745748223118655e-01
7.468644022542872962e-01
7.465542284573740694e-01
7.462440534315720742e-01
7.459338771768814214e-01
7.456236996933021111e-01
7.453135209808340322e-01
7.450033410394772959e-01
7.446931598692317911e-01
7.443829774700977397e-01
7.440727938420748089e-01
7.437626089851633315e-01
7.434524228993630857e-01
7.431422355846741823e-01
7.428320470410965104e-01
7.425218572686301810e-01
7.422116662672750831e-01
7.419014740370313277e-01
7.415912805778989147e-01
7.412810858898778443e-01
7.409708899729680054e-01
7.406606928271695089e-01
7.403504944524822440e-01
7.400402948489062105e-01
7.397300940164416305e-01
7.394198919550882820e-01
7.391096886648462760e-01
7.387994841457156125e-01
7.384892783976961805e-01
7.381790714207880910e-01
7.378688632149912330e-01
7.375586537803057174e-01
7.372484431167314334e-01
7.369382312242684918e-01
7.366280181029168928e-01
7.363178037526765252e-01
7.360075881735476111e-01
7.356973713655298175e-01
7.353871533286234774e-01
7.350769340628283688e-01
7.347667135681444917e-01
7.344564918445719570e-01
7.341462688921107649e-01
7.338360447107608042e-01
7.335258193005222971e-01
7.332155926613949104e-01
7.329053647933789772e-01
7.325951356964741645e-01
7.322849053706808053e-01
7.319746738159986776e-01
7.316644410324278924e-01
7.313542070199684497e-01
7.310439717786201275e-01
7.307337353083833698e-01
7.304234976092577325e-01
7.301132586812433267e-01
7.298030185243403745e-01
7.294927771385486537e-01
7.291825345238682754e-01
7.288722906802991286e-01
7.285620456078414353e-01
7.282517993064949735e-01
7.279415517762597432e-01
7.276313030171358553e-01
7.273210530291231990e-01
7.270108018122218851e-01
7.267005493664320248e-01
7.263902956917532849e-01
7.260800407881858876e-01
7.257697846557298327e-01
7.254595272943850093e-01
7.251492687041515284e-01
7.248390088850292790e-01
7.245287478370184830e-01
7.242184855601188076e-01
7.239082220543305857e-01
7.235979573196535952e-01
7.232876913560879473e-01
7.229774241636335308e-01
7.226671557422904568e-01
7.223568860920586143e-01
7.220466152129381143e-01
7.217363431049290678e-01
7.214260697680311418e-01
7.211157952022445583e-01
7.208055194075693173e-01
7.204952423840053077e-01
7.201849641315526407e-01
7.198746846502113161e-01
7.195644039399812231e-01
7.192541220008624725e-01
7.189438388328549534e-01
7.186335544359587768e-01
7.183232688101739427e-01
7.180129819555003401e-01
7.177026938719381910e-01
7.173924045594871624e-01
7.170821140181474762e-01
7.167718222479191326e-01
7.164615292488021314e-01
7.161512350207963618e-01
7.158409395639018236e-01
7.155306428781187389e-01
7.152203449634468857e-01
7.149100458198862640e-01
7.145997454474370958e-01
7.142894438460990481e-01
7.139791410158724538e-01
7.136688369567570911e-01
7.133585316687530709e-01
7.130482251518602821e-01
7.127379174060788358e-01
7.124276084314087321e-01
7.121172982278498598e-01
7.118069867954023300e-01
7.114966741340660317e-01
7.111863602438410759e-01
7.108760451247274625e-01
7.105657287767250807e-01
7.102554111998340414e-01
7.099450923940543445e-01
7.096347723593858792e-01
7.093244510958287563e-01
7.090141286033828649e-01
7.087038048820484271e-01
7.083934799318252207e-01
7.080831537527132458e-01
7.077728263447126134e-01
7.074624977078232124e-01
7.071521678420451540e-01
7.068418367473784381e-01
7.065315044238230646e-01
7.062211708713789227e-01
7.059108360900461232e-01
7.056005000798245552e-01
7.052901628407143297e-01
7.049798243727154468e-01
7.046694846758277953e-01
