wavelength
1.409480630279230651e+00
1.409034416131360379e+00
1.408588105794724932e+00
1.408141699403226532e+00
1.407695197090768513e+00
1.407248598991253097e+00
1.406801905238583617e+00
1.406355115966662295e+00
1.405908231309392464e+00
1.405461251400676570e+00
1.405014176374417056e+00
1.404567006364517257e+00
1.404119741504879393e+00
1.403672381929406798e+00
1.403224927772001696e+00
1.402777379166567195e+00
1.402329736247005965e+00
1.401881999147220670e+00
1.401434168001114200e+00
1.400986242942589444e+00
1.400538224105548624e+00
1.400090111623895073e+00
1.399641905631531236e+00
1.399193606262360223e+00
1.398745213650284480e+00
1.398296727929206673e+00
1.397848149233029913e+00
1.397399477695656644e+00
1.396950713450989756e+00
1.396501856632931915e+00
1.396052907375386232e+00
1.395603865812255151e+00
1.395154732077441340e+00
1.394705506304847908e+00
1.394256188628377302e+00
1.393806779181932409e+00
1.393357278099416119e+00
1.392907685514730876e+00
1.392458001561779790e+00
1.392008226374465307e+00
1.391558360086690538e+00
1.391108402832357926e+00
1.390658354745370362e+00
1.390208215959630511e+00
1.389757986609041263e+00
1.389307666827505505e+00
1.388857256748925462e+00
1.388406756507204687e+00
1.387956166236245181e+00
1.387505486069950278e+00
1.387054716142222199e+00
1.386603856586964278e+00
1.386152907538078738e+00
1.385701869129468911e+00
1.385250741495037019e+00
1.384799524768686396e+00
1.384348219084319265e+00
1.383896824575838291e+00
1.383445341377147031e+00
1.382993769622147262e+00
1.382542109444742540e+00
1.382090360978835086e+00
1.381638524358328013e+00
1.381186599717123986e+00
1.380734587189125673e+00
1.380282486908235740e+00
1.379830299008357519e+00
1.379378023623393013e+00
1.378925660887245552e+00
1.378473210933817361e+00
1.378020673897011772e+00
1.377568049910731229e+00
1.377115339108878400e+00
1.376662541625356395e+00
1.376209657594067659e+00
1.375756687148915081e+00
1.375303630423801327e+00
1.374850487552629508e+00
1.374397258669301847e+00
1.373943943907721454e+00
1.373490543401790998e+00
1.373037057285413365e+00
1.372583485692490779e+00
1.372129828756927017e+00
1.371676086612623857e+00
1.371222259393484633e+00
1.370768347233411788e+00
1.370314350266308212e+00
1.369860268626076794e+00
1.369406102446619977e+00
1.368951851861841096e+00
1.368497517005642150e+00
1.368043098011926473e+00
1.367588595014596509e+00
1.367134008147555146e+00
1.366679337544705053e+00
1.366224583339949339e+00
1.365769745667190449e+00
1.365314824660331050e+00
1.364859820453274031e+00
1.364404733179922502e+00
1.363949562974178464e+00
1.363494309969945473e+00
1.363038974301125972e+00
1.362583556101622406e+00
1.362128055505337887e+00
1.361672472646175081e+00
1.361216807658036876e+00
1.360761060674825718e+00
1.360305231830444717e+00
1.359849321258796317e+00
1.359393329093783631e+00
1.358937255469309102e+00
1.358481100519275842e+00
1.358024864377586072e+00
1.357568547178143126e+00
1.357112149054849448e+00
1.356655670141607928e+00
1.356199110572321231e+00
1.355742470480892026e+00
1.355285750001223422e+00
1.354828949267217642e+00
1.354372068412778241e+00
1.353915107571806997e+00
1.353458066878207466e+00
1.353000946465881871e+00
1.352543746468733543e+00
1.352086467020664706e+00
1.351629108255578471e+00
1.351171670307377282e+00
1.350714153309964249e+00
1.350256557397241819e+00
1.349798882703113101e+00
1.349341129361480318e+00
1.348883297506247025e+00
1.348425387271315445e+00
1.347967398790588023e+00
1.347509332197968313e+00
1.347051187627358315e+00
1.346592965212661364e+00
1.346134665087779902e+00
1.345676287386617043e+00
1.345217832243075007e+00
1.344759299791057128e+00
1.344300690164465628e+00
1.343842003497203619e+00
1.343383239923173766e+00
1.342924399576278960e+00
1.342465482590421422e+00
1.342006489099504929e+00
1.341547419237431260e+00
1.341088273138103526e+00
1.340629050935424837e+00
1.340169752763297195e+00
1.339710378755624154e+00
1.339250929046307936e+00
1.338791403769251653e+00
1.338331803058357528e+00
1.337872127047529114e+00
1.337412375870668413e+00
1.336952549661678979e+00
1.336492648554462592e+00
1.336032672682922806e+00
1.335572622180962066e+00
1.335112497182483260e+00
1.334652297821389055e+00
1.334192024231582119e+00
1.333731676546965561e+00
1.333271254901441605e+00
1.332810759428913361e+00
1.332350190263283496e+00
1.331889547538455121e+00
1.331428831388330236e+00
1.330968041946812397e+00
1.330507179347803826e+00
1.330046243725207633e+00
1.329585235212926264e+00
1.329124153944862829e+00
1.328663000054919774e+00
1.328201773676999986e+00
1.327740474945006133e+00
1.327279103992841325e+00
1.326817660954408007e+00
1.326356145963608846e+00
1.325894559154346952e+00
1.325432900660524549e+00
1.324971170616045191e+00
1.324509369154810656e+00
1.324047496410724722e+00
1.323585552517689390e+00
1.323123537609607769e+00
1.322661451820382528e+00
1.322199295283916554e+00
1.321737068134112292e+00
1.321274770504872853e+00
1.320812402530100682e+00
1.320349964343698890e+00
1.319887456079570143e+00
1.319424877871616886e+00
1.318962229853742230e+00
1.318499512159848841e+00
1.318036724923839387e+00
1.317573868279616534e+00
1.317110942361083614e+00
1.316647947302142629e+00
1.316184883236696912e+00
1.315721750298648685e+00
1.315258548621901502e+00
1.314795278340357143e+00
1.314331939587919384e+00
1.313868532498490005e+00
1.313405057205972559e+00
1.312941513844269492e+00
1.312477902547283248e+00
1.312014223448917383e+00
1.311550476683073674e+00
1.311086662383655677e+00
1.310622780684565614e+00
1.310158831719706818e+00
1.309694815622981512e+00
1.309230732528292807e+00
1.308766582569542924e+00
1.308302365880635421e+00
1.307838082595472518e+00
1.307373732847957326e+00
1.306909316771992069e+00
1.306444834501480079e+00
1.305980286170323801e+00
1.305515671912425901e+00
1.305050991861689713e+00
1.304586246152017015e+00
1.304121434917311584e+00
1.303656558291475642e+00
1.303191616408412079e+00
1.302726609402023561e+00
1.302261537406212977e+00
1.301796400554882771e+00
1.301331198981936277e+00
1.300865932821275717e+00
1.300400602206804201e+00
1.299935207272424398e+00
1.299469748152038973e+00
1.299004224979550592e+00
1.298538637888862368e+00
1.298072987013876967e+00
1.297607272488496832e+00
1.297141494446625076e+00
1.296675653022164143e+00
1.296209748349017143e+00
1.295743780561086522e+00
1.295277749792275390e+00
1.294811656176485970e+00
1.294345499847621594e+00
1.293879280939584708e+00
1.293412999586278200e+00
1.292946655921604515e+00
1.292480250079467208e+00
1.292013782193768057e+00
1.291547252398410395e+00
1.291080660827297111e+00
1.290614007614330427e+00
1.290147292893413455e+00
1.289680516798448862e+00
1.289213679463339535e+00
1.288746781021988141e+00
1.288279821608297349e+00
1.287812801356170045e+00
1.287345720399509119e+00
1.286878578872216794e+00
1.286411376908196624e+00
1.285944114641350611e+00
1.285476792205582086e+00
1.285009409734793495e+00
1.284541967362887727e+00
1.284074465223767669e+00
1.283606903451335546e+00
1.283139282179494689e+00
1.282671601542147544e+00
1.282203861673197220e+00
1.281736062706545942e+00
1.281268204776097042e+00
1.280800288015752741e+00
1.280332312559416374e+00
1.279864278540990163e+00
1.279396186094377219e+00
1.278928035353480208e+00
1.278459826452201797e+00
1.277991559524444654e+00
1.277523234704112109e+00
1.277054852125106166e+00
1.276586411921330155e+00
1.276117914226686523e+00
1.275649359175078157e+00
1.275180746900407724e+00
1.274712077536578114e+00
1.274243351217491993e+00
1.273774568077052027e+00
1.273305728249161328e+00
1.272836831867722118e+00
1.272367879066637952e+00
1.271898869979810609e+00
1.271429804741143865e+00
1.270960683484539500e+00
1.270491506343901067e+00
1.270022273453130568e+00
1.269552984946131780e+00
1.269083640956806480e+00
1.268614241619058003e+00
1.268144787066788792e+00
1.267675277433901737e+00
1.267205712854299948e+00
1.266736093461885426e+00
1.266266419390561504e+00
1.265796690774230848e+00
1.265326907746796126e+00
1.264857070442160225e+00
1.264387178994225813e+00
1.263917233536895335e+00
1.263447234204072345e+00
1.262977181129658844e+00
1.262507074447557942e+00
1.262036914291672529e+00
1.261566700795904827e+00
1.261096434094158170e+00
1.260626114320335001e+00
1.260155741608338431e+00
1.259685316092070462e+00
1.259214837905434869e+00
1.258744307182333433e+00
1.258273724056669707e+00
1.257803088662346136e+00
1.257332401133265387e+00
1.256861661603330127e+00
1.256390870206443688e+00
1.255920027076508072e+00
1.255449132347426611e+00
1.254978186153101749e+00
1.254507188627436598e+00
1.254036139904333602e+00
1.253565040117695428e+00
1.253093889401425187e+00
1.252622687889425102e+00
1.252151435715598726e+00
1.251680133013848062e+00
1.251208779918076441e+00
1.250737376562186309e+00
1.250265923080080555e+00
1.249794419605661622e+00
1.249322866272832844e+00
1.248851263215496443e+00
1.248379610567555531e+00
1.247907908462912552e+00
1.247436157035470838e+00
1.246964356419132613e+00
1.246492506747800544e+00
1.246020608155377962e+00
1.245548660775767091e+00
1.245076664742871042e+00
1.244604620190592259e+00
1.244132527252834075e+00
1.243660386063498491e+00
1.243188196756488839e+00
1.242715959465707343e+00
1.242243674325057556e+00
1.241771341468441481e+00
1.241298961029762227e+00
1.240826533142922461e+00
1.240354057941825294e+00
1.239881535560372949e+00
1.239408966132468315e+00
1.238936349792014724e+00
1.238463686672913955e+00
1.237990976909069563e+00
1.237518220634383770e+00
1.237045417982759909e+00
1.236572569088100204e+00
1.236099674084307765e+00
1.235626733105285258e+00
1.235153746284935350e+00
1.234680713757160708e+00
1.234207635655864665e+00
1.233734512114949222e+00
1.233261343268317489e+00
1.232788129249872355e+00
1.232314870193516487e+00
1.231841566233152552e+00
1.231368217502683438e+00
1.230894824136011811e+00
1.230421386267040340e+00
1.229947904029672134e+00
1.229474377557809417e+00
1.229000806985355521e+00
1.228527192446212668e+00
1.228053534074283970e+00
1.227579832003472315e+00
1.227106086367680149e+00
1.226632297300810137e+00
1.226158464936765613e+00
1.225684589409448577e+00
1.225210670852762584e+00
1.224736709400609858e+00
1.224262705186893285e+00
1.223788658345515534e+00
1.223314569010379493e+00
1.222840437315388051e+00
1.222366263394443653e+00
1.221892047381449187e+00
1.221417789410307542e+00
1.220943489614921385e+00
1.220469148129193382e+00
1.219994765087026645e+00
1.219520340622323396e+00
1.219045874868986967e+00
1.218571367960919360e+00
1.218096820032024352e+00
1.217622231216203943e+00
1.217147601647361022e+00
1.216672931459398477e+00
1.216198220786218975e+00
1.215723469761725628e+00
1.215248678519820436e+00
1.214773847194406953e+00
1.214298975919387402e+00
1.213824064828665117e+00
1.213349114056142097e+00
1.212874123735721676e+00
1.212399094001306299e+00
1.211924024986799076e+00
1.211448916826102451e+00
1.210973769653119536e+00
1.210498583601752554e+00
1.210023358805904614e+00
1.209548095399478607e+00
1.209072793516376754e+00
1.208597453290502388e+00
1.208122074855757955e+00
1.207646658346046564e+00
1.207171203895270439e+00
1.206695711637332691e+00
1.206220181706135985e+00
1.205744614235583212e+00
1.205269009359577037e+00
1.204793367212020350e+00
1.204317687926815372e+00
1.203841971637865660e+00
1.203366218479073435e+00
1.202890428584341587e+00
1.202414602087573003e+00
1.201938739122670352e+00
1.201462839823536299e+00
1.200986904324073512e+00
1.200510932758185323e+00
1.200034925259773733e+00
1.199558881962742074e+00
1.199082803000992792e+00
1.198606688508428997e+00
1.198130538618952912e+00
1.197654353466467647e+00
1.197178133184875870e+00
1.196701877908080691e+00
1.196225587769984333e+00
1.195749262904489907e+00
1.195272903445499857e+00
1.194796509526917294e+00
1.194320081282644885e+00
1.193843618846585075e+00
1.193367122352641196e+00
1.192890591934715250e+00
1.192414027726711012e+00
1.191937429862530262e+00
1.191460798476076333e+00
1.190984133701251668e+00
1.190507435671959380e+00
1.190030704522101690e+00
1.189553940385582154e+00
1.189077143396302771e+00
1.188600313688166876e+00
1.188123451395076913e+00
1.187646556650935548e+00
1.187169629589645670e+00
1.186692670345110168e+00
1.186215679051231708e+00
1.185738655841912959e+00
1.185261600851056807e+00
1.184784514212565920e+00
1.184307396060343187e+00
1.183830246528291052e+00
1.183353065750312849e+00
1.182875853860310578e+00
1.182398610992187793e+00
1.181921337279846718e+00
1.181444032857190463e+00
1.180966697858121250e+00
1.180489332416542636e+00
1.180011936666356842e+00
1.179534510741466535e+00
1.179057054775774827e+00
1.178579568903184160e+00
1.178102053257597648e+00
1.177624507972917511e+00
1.177146933183047306e+00
1.176669329021888810e+00
1.176191695623345801e+00
1.175714033121320279e+00
1.175236341649715577e+00
1.174758621342433695e+00
1.174280872333378412e+00
1.173803094756451504e+00
1.173325288745556527e+00
1.172847454434595704e+00
1.172369591957471702e+00
1.171891701448088074e+00
1.171413783040346601e+00
1.170935836868150837e+00
1.170457863065403004e+00
1.169979861766006213e+00
1.169501833103862687e+00
1.169023777212875981e+00
1.168545694226948317e+00
1.168067584279982807e+00
1.167589447505881672e+00
1.167111284038548247e+00
1.166633094011884753e+00
1.166154877559794523e+00
1.165676634816180002e+00
1.165198365914943857e+00
1.164720070989989198e+00
1.164241750175218248e+00
1.163763403604534341e+00
1.163285031411839698e+00
1.162806633731037653e+00
1.162328210696030428e+00
1.161849762440721356e+00
1.161371289099012660e+00
1.160892790804807229e+00
1.160414267692007950e+00
1.159935719894517714e+00
1.159457147546238964e+00
1.158978550781074812e+00
1.158499929732927480e+00
1.158021284535700302e+00
1.157542615323295943e+00
1.157063922229616626e+00
1.156585205388565907e+00
1.156106464934045785e+00
1.155627700999959595e+00
1.155148913720209780e+00
1.154670103228699229e+00
1.154191269659330610e+00
1.153712413146006810e+00
1.153233533822630497e+00
1.152754631823104781e+00
1.152275707281331663e+00
1.151796760331214697e+00
1.151317791106655886e+00
1.150838799741558782e+00
1.150359786369825832e+00
1.149880751125359479e+00
1.149401694142062835e+00
1.148922615553838344e+00
1.148443515494589340e+00
1.147964394098218044e+00
1.147485251498627346e+00
1.147006087829720133e+00
1.146526903225399074e+00
1.146047697819567057e+00
1.145568471746126749e+00
1.145089225138980593e+00
1.144609958132031924e+00
1.144130670859183185e+00
1.143651363454337266e+00
1.143172036051396834e+00
1.142692688784264554e+00
1.142213321786843316e+00
1.141733935193035787e+00
1.141254529136744855e+00
1.140775103751873187e+00
1.140295659172323894e+00
1.139816195531998977e+00
1.139336712964801990e+00
1.138857211604634934e+00
1.138377691585401585e+00
1.137898153041003502e+00
1.137418596105344459e+00
1.136939020912326459e+00
1.136459427595853056e+00
1.135979816289826250e+00
1.135500187128149374e+00
1.135020540244724874e+00
1.134540875773455193e+00
1.134061193848243887e+00
1.133581494602992956e+00
1.133101778171605734e+00
1.132622044687984886e+00
1.132142294286032858e+00
1.131662527099652316e+00
1.131182743262746815e+00
1.130702942909218134e+00
1.130223126172969828e+00
1.129743293187904118e+00
1.129263444087924118e+00
1.128783579006932269e+00
1.128303698078831685e+00
1.127823801437525031e+00
1.127343889216914752e+00
1.126863961550903959e+00
1.126384018573395096e+00
1.125904060418291497e+00
1.125424087219495162e+00
1.124944099110909423e+00
1.124464096226436727e+00
1.123984078699980182e+00
1.123504046665442235e+00
1.123024000256725774e+00
1.122543939607733243e+00
1.122063864852368198e+00
1.121583776124532417e+00
1.121103673558129454e+00
1.120623557287061756e+00
1.120143427445231765e+00
1.119663284166542816e+00
1.119183127584897353e+00
1.118702957834198264e+00
1.118222775048347994e+00
1.117742579361249877e+00
1.117262370906805913e+00
1.116782149818919656e+00
1.116301916231493330e+00
1.115821670278430044e+00
1.115341412093632023e+00
1.114861141811002820e+00
1.114380859564444437e+00
1.113900565487860206e+00
1.113420259715152572e+00
1.112939942380224423e+00
1.112459613616978427e+00
1.111979273559317249e+00
1.111498922341144002e+00
1.111018560096360908e+00
1.110538186958871298e+00
1.110057803062577397e+00
1.109577408541382759e+00
1.109097003529189163e+00
1.108616588159900163e+00
1.108136162567417982e+00
1.107655726885645731e+00
1.107175281248485854e+00
1.106694825789841463e+00
1.106214360643615224e+00
1.105733885943709804e+00
1.105253401824028092e+00
1.104772908418472532e+00
1.104292405860946236e+00
1.103811894285351425e+00
1.103331373825591655e+00
1.102850844615569148e+00
1.102370306789187016e+00
1.101889760480347480e+00
1.101409205822954096e+00
1.100928642950908642e+00
1.100448071998114674e+00
1.099967493098474636e+00
1.099486906385891416e+00
1.099006311994267460e+00
1.098525710057506100e+00
1.098045100709509558e+00
1.097564484084180725e+00
1.097083860315422710e+00
1.096603229537137736e+00
1.096122591883228914e+00
1.095641947487598689e+00
1.095161296484150393e+00
1.094680639006786027e+00
1.094199975189409146e+00
1.093719305165921973e+00
1.093238629070227397e+00
1.092757947036228305e+00
1.092277259197827366e+00
1.091796565688927023e+00
1.091315866643430832e+00
1.090835162195240793e+00
1.090354452478260017e+00
1.089873737626391170e+00
1.089393017773536920e+00
1.088912293053600377e+00
1.088431563600483765e+00
1.087950829548090415e+00
1.087470091030322550e+00
1.086989348181083503e+00
1.086508601134275498e+00
1.086027850023801644e+00
1.085547094983564387e+00
1.085066336147467059e+00
1.084585573649411661e+00
1.084104807623301525e+00
1.083624038203039319e+00
1.083143265522527710e+00
1.082662489715669363e+00
1.082181710916366946e+00
1.081700929258523791e+00
1.081220144876042122e+00
1.080739357902824826e+00
1.080258568472774572e+00
1.079777776719794691e+00
1.079296982777786962e+00
1.078816186780654940e+00
1.078335388862301070e+00
1.077854589156628240e+00
1.077373787797538895e+00
1.076892984918936369e+00
1.076412180654722883e+00
1.075931375138801549e+00
1.075450568505075033e+00
1.074969760887445780e+00
1.074488952419817123e+00
1.074008143236091284e+00
1.073527333470171374e+00
1.073046523255960061e+00
1.072565712727360232e+00
1.072084902018274111e+00
1.071604091262605252e+00
1.071123280594255656e+00
1.070642470147128655e+00
1.070161660055126696e+00
1.069680850452152665e+00
1.069200041472109231e+00
1.068719233248899503e+00
1.068238425916425705e+00
1.067757619608590947e+00
1.067276814459297896e+00
1.066796010602449218e+00
1.066315208171948026e+00
1.065834407301696540e+00
1.065353608125597873e+00
1.064872810777554690e+00
1.064392015391469881e+00
1.063911222101245890e+00
1.063430431040786051e+00
1.062949642343992362e+00
1.062468856144768381e+00
1.061988072577016107e+00
1.061507291774638873e+00
1.061026513871539123e+00
1.060545739001619969e+00
1.060064967298783856e+00
1.059584198896933449e+00
1.059103433929971860e+00
1.058622672531801534e+00
1.058141914836325581e+00
1.057661160977446224e+00
1.057180411089066796e+00
1.056699665305089741e+00
1.056218923759417949e+00
1.055738186585953864e+00
1.055257453918601040e+00
1.054776725891261258e+00
1.054296002637837848e+00
1.053815284292233256e+00
1.053334570988350816e+00
1.052853862860092748e+00
1.052373160041361722e+00
1.051892462666061068e+00
1.051411770868093232e+00
1.050931084781360880e+00
1.050450404539766680e+00
1.049969730277213742e+00
1.049489062127604733e+00
1.049008400224842319e+00
1.048527744702829168e+00
1.048047095695468167e+00
1.047566453336661985e+00
1.047085817760313731e+00
1.046605189100325628e+00
1.046124567490601009e+00
1.045643953065042098e+00
1.045163345957552004e+00
1.044682746302033394e+00
1.044202154232388713e+00
1.043721569882521294e+00
1.043240993386333582e+00
1.042760424877728465e+00
1.042279864490608388e+00
1.041799312358876684e+00
1.041318768616435353e+00
1.040838233397187729e+00
1.040357706835036478e+00
1.039877189063884266e+00
1.039396680217633984e+00
1.038916180430188296e+00
1.038435689835449649e+00
1.037955208567321375e+00
1.037474736759706140e+00
1.036994274546506389e+00
1.036513822061625012e+00
1.036033379438964674e+00
1.035552946812428488e+00
1.035072524315918674e+00
1.034592112083338566e+00
1.034111710248590388e+00
1.033631318945577693e+00
1.033150938308202260e+00
1.032670568470367423e+00
1.032190209565975847e+00
1.031709861728930200e+00
1.031229525093133370e+00
1.030749199792488247e+00
1.030268885960897496e+00
1.029788583732263341e+00
1.029308293240489336e+00
1.028828014619477704e+00
1.028347748003131557e+00
1.027867493525353337e+00
1.027387251320046158e+00
1.026907021521112462e+00
1.026426804262455139e+00
1.025946599677976856e+00
1.025466407901580723e+00
1.024986229067168964e+00
1.024506063308644910e+00
1.024025910759910785e+00
1.023545771554869921e+00
1.023065645827424763e+00
1.022585533711477535e+00
1.022105435340932011e+00
1.021625350849690195e+00
1.021145280371655417e+00
1.020665224040729901e+00
1.020185181990816758e+00
1.019705154355818433e+00
1.019225141269638257e+00
1.018745142866178233e+00
1.018265159279341914e+00
1.017785190643031301e+00
1.017305237091149728e+00
1.016825298757599638e+00
1.016345375776284143e+00
1.015865468281105688e+00
1.015385576405966939e+00
1.014905700284770784e+00
1.014425840051420113e+00
1.013945995839817815e+00
1.013466167783866112e+00
1.012986356017468115e+00
1.012506560674526712e+00
1.012026781888944349e+00
1.011547019794624136e+00
1.011067274525468518e+00
1.010587546215380383e+00
1.010107834998262621e+00
1.009628141008017677e+00
1.009148464378548660e+00
1.008668805243758015e+00
1.008189163737548633e+00
1.007709539993823622e+00
1.007229934146485206e+00
1.006750346329436274e+00
1.006270776676579715e+00
1.005791225321818416e+00
1.005311692399054602e+00
1.004832178042191604e+00
1.004352682385131867e+00
1.003873205561778503e+00
1.003393747706033956e+00
1.002914308951801114e+00
1.002434889432982423e+00
1.001955489283481215e+00
1.001476108637199491e+00
1.000996747628041028e+00
1.000517406389907826e+00
1.000038085056702553e+00
9.995587837623287619e-01
9.990795026406882329e-01
9.986002418256845203e-01
9.981210014512198470e-01
9.976417816511975456e-01
9.971625825595196169e-01
9.966834043100895046e-01
9.962042470368095426e-01
9.957251108735827305e-01
9.952459959543116241e-01
9.947669024128993343e-01
9.942878303832480835e-01
9.938087799992613158e-01
9.933297513948413648e-01
9.928507447038907863e-01
9.923717600603128020e-01
9.918927975980097456e-01
9.914138574508848389e-01
9.909349397528404157e-01
9.904560446377795868e-01
9.899771722396047968e-01
9.894983226922191566e-01
9.890194961295249998e-01
9.885406926854255483e-01
9.880619124938231357e-01
9.875831556886209839e-01
9.871044224037213155e-01
9.866257127730273524e-01
9.861470269304415392e-01
9.856683650098669869e-01
9.851897271452061400e-01
9.847111134703616653e-01
9.842325241192367846e-01
9.837539592257337207e-01
9.832754189237558062e-01
9.827969033472052640e-01
9.823184126299850938e-01
9.818399469059980733e-01
9.813615063091470914e-01
9.808830909733345926e-01
9.804047010324636879e-01
9.799263366204367109e-01
9.794479978711568835e-01
9.789696849185265393e-01
9.784913978964489001e-01
9.780131369388265217e-01
9.775349021795618487e-01
9.770566937525579920e-01
9.765785117917176184e-01
9.761003564309436165e-01
9.756222278041384310e-01
9.751441260452052839e-01
9.746660512880465088e-01
9.741880036665651055e-01
9.737099833146636296e-01
9.732319903662451921e-01
9.727540249552121265e-01
9.722760872154676548e-01
9.717981772809139995e-01
9.713202952854544936e-01
9.708424413629914707e-01
9.703646156474278195e-01
9.698868182726664289e-01
9.694090493726097435e-01
9.689313090811608742e-01
9.684535975322223766e-01
9.679759148596971396e-01
9.674982611974878299e-01
9.670206366794973363e-01
9.665430414396281034e-01
9.660654756117832420e-01
9.655879393298651969e-01
9.651104327277771899e-01
9.646329559394215547e-01
9.641555090987012910e-01
9.636780923395187326e-01
9.632007057957774343e-01
9.627233496013796188e-01
9.622460238902278418e-01
9.617687287962254361e-01
9.612914644532746244e-01
9.608142309952786286e-01
9.603370285561397823e-01
9.598598572697613074e-01
9.593827172700455375e-01
9.589056086908954724e-01
9.584285316662137788e-01
9.579514863299034566e-01
9.574744728158666174e-01
9.569974912580070381e-01
9.565205417902263862e-01
9.560436245464283278e-01
9.555667396605151964e-01
9.550898872663895478e-01
9.546130674979547148e-01
9.541362804891129201e-01
9.536595263737672745e-01
9.531828052858202227e-01
9.527061173591748755e-01
9.522294627277336776e-01
9.517528415253997398e-01
9.512762538860752848e-01
9.507996999436638674e-01
9.503231798320673773e-01
9.498466936851892584e-01
9.493702416369318442e-01
9.488938238211982457e-01
9.484174403718910185e-01
9.479410914229127183e-01
9.474647771081665670e-01
9.469884975615547873e-01
9.465122529169807120e-01
9.460360433083466747e-01
9.455598688695556753e-01
9.450837297345102694e-01
9.446076260371135680e-01
9.441315579112676826e-01
9.436555254908762791e-01
9.431795289098412471e-01
9.427035683020660306e-01
9.422276438014528521e-01
9.417517555419048225e-01
9.412759036573244975e-01
9.408000882816149879e-01
9.403243095486786274e-01
9.398485675924181937e-01
9.393728625467369087e-01
9.388971945455368839e-01
9.384215637227215634e-01
9.379459702121930587e-01
9.374704141478547026e-01
9.369948956636087178e-01
9.365194148933584373e-01
9.360439719710059725e-01
9.355685670304547674e-01
9.350932002056069337e-01
9.346178716303659151e-01
9.341425814386338233e-01
9.336673297643138802e-01
9.331921167413086415e-01
9.327169425035207739e-01
9.322418071848532772e-01
9.317667109192087072e-01
9.312916538404900635e-01
9.308166360825996799e-01
9.303416577794407782e-01
9.298667190649159142e-01
9.293918200729279766e-01
9.289169609373792991e-01
9.284421417921733255e-01
9.279673627712121675e-01
9.274926240083991580e-01
9.270179256376364085e-01
9.265432677928273630e-01
9.260686506078743552e-01
9.255940742166801627e-01
9.251195387531478964e-01
9.246450443511796680e-01
9.241705911446789212e-01
9.236961792675479899e-01
9.232218088536898737e-01
9.227474800370070174e-01
9.222731929514025317e-01
9.217989477307789725e-01
9.213247445090393395e-01
9.208505834200859663e-01
9.203764645978220749e-01
9.199023881761501098e-01
9.194283542889729599e-01
9.189543630701935140e-01
9.184804146537141056e-01
9.180065091734379568e-01
9.175326467632676231e-01
9.170588275571058823e-01
9.165850516888554012e-01
9.161113192924192905e-01
9.156376305016996620e-01
9.151639854505999594e-01
9.146903842730225165e-01
9.142168271028704440e-01
9.137433140740460757e-01
9.132698453204526334e-01
9.127964209759923397e-01
9.123230411745685275e-01
9.118497060500834195e-01
9.113764157364403484e-01
9.109031703675416480e-01
9.104299700772899850e-01
9.099568149995886923e-01
9.094837052683397705e-01
9.090106410174467744e-01
9.085376223808117047e-01
9.080646494923380052e-01
9.075917224859278987e-01
9.071188414954844959e-01
9.066460066549102415e-01
9.061732180981083573e-01
9.057004759589810661e-01
9.052277803714317006e-01
9.047551314693623725e-01
9.042825293866764147e-01
9.038099742572763828e-01
9.033374662150648327e-01
9.028650053939448750e-01
9.023925919278189545e-01
9.019202259505901820e-01
9.014479075961608912e-01
9.009756369984341928e-01
9.005034142913125317e-01
9.000312396086991296e-01
8.995591130844962091e-01
8.990870348526071032e-01
8.986150050469339234e-01
8.981430238013801137e-01
8.976710912498477857e-01
8.971992075262402722e-01
8.967273727644600179e-01
8.962555870984096895e-01
8.957838506619923979e-01
8.953121635891104768e-01
8.948405260136671480e-01
8.943689380695646340e-01
8.938973998907062679e-01
8.934259116109943832e-01
8.929544733643319798e-01
8.924830852846216134e-01
8.920117475057663947e-01
8.915404601616686575e-01
8.910692233862315126e-01
8.905980373133574046e-01
8.901269020769494444e-01
8.896558178109099657e-01
8.891847846491421903e-01
8.887138027255486739e-01
8.882428721740320832e-01
8.877719931284953070e-01
8.873011657228409010e-01
8.868303900909719761e-01
8.863596663667909770e-01
8.858889946842009033e-01
8.854183751771041999e-01
8.849478079794040886e-01
8.844772932250027919e-01
8.840068310478036429e-01
8.835364215817088640e-01
8.830660649606216772e-01
8.825957613184444162e-01
8.821255107890801916e-01
8.816553135064317814e-01
8.811851696044014082e-01
8.807150792168925157e-01
8.802450424778073268e-01
8.797750595210490632e-01
8.793051304805200585e-01
8.788352554901235347e-01
8.783654346837617144e-01
8.778956681953378194e-01
8.774259561587542944e-01
8.769562987079142502e-01
8.764866959767199095e-01
8.760171480990747161e-01
8.755476552088806708e-01
8.750782174400413282e-01
8.746088349264590223e-01
8.741395078020363085e-01
8.736702362006764089e-01
8.732010202562816570e-01
8.727318601027551637e-01
8.722627558739993736e-01
8.717937077039175087e-01
8.713247157264116804e-01
8.708557800753853329e-01
8.703869008847405775e-01
8.699180782883808583e-01
8.694493124202082868e-01
8.689806034141261959e-01
8.685119514040368083e-01
8.680433565238433458e-01
8.675748189074481420e-01
8.671063386887543079e-01
8.666379160016646210e-01
8.661695509800814152e-01
8.657012437579079123e-01
8.652329944690466679e-01
8.647648032474005708e-01
8.642966702268719548e-01
8.638285955413642636e-01
8.633605793247796090e-01
8.628926217110213237e-01
8.624247228339916305e-01
8.619568828275938621e-01
8.614891018257301303e-01
8.610213799623037678e-01
8.605537173712171084e-01
8.600861141863732628e-01
8.596185705416748979e-01
8.591510865710245692e-01
8.586836624083252767e-01
8.582162981874794649e-01
8.577489940423903558e-01
8.572817501069602830e-01
8.568145665150923573e-01
8.563474434006890235e-01
8.558803808976532812e-01
8.554133791398876863e-01
8.549464382612953495e-01
8.544795583957786045e-01
8.540127396772405621e-01
8.535459822395835561e-01
8.530792862167109192e-01
8.526126517425249851e-01
8.521460789509285316e-01
8.516795679758246695e-01
8.512131189511157325e-01
8.507467320107047204e-01
8.502804072884942999e-01
8.498141449183873597e-01
8.493479450342864556e-01
8.488818077700945874e-01
8.484157332597141998e-01
8.479497216370485146e-01
8.474837730359997545e-01
8.470178875904712523e-01
8.465520654343651197e-01
8.460863067015848005e-01
8.456206115260325173e-01
8.451549800416112701e-01
8.446894123822239475e-01
8.442239086817728833e-01
8.437584690741614102e-01
8.432930936932916399e-01
8.428277826730669053e-01
8.423625361473895401e-01
8.418973542501627660e-01
8.414322371152888058e-01
8.409671848766708813e-01
8.405021976682114371e-01
8.400372756238135841e-01
8.395724188773795449e-01
8.391076275628126524e-01
8.386429018140152403e-01
8.381782417648904193e-01
8.377136475493407453e-01
8.372491193012688848e-01
8.367846571545778378e-01
8.363202612431700489e-01
8.358559317009487399e-01
8.353916686618162446e-01
8.349274722596755627e-01
8.344633426284292499e-01
8.339992799019804171e-01
8.335352842142312868e-01
8.330713556990853030e-01
8.326074944904445774e-01
8.321437007222123317e-01
8.316799745282910106e-01
8.312163160425836139e-01
8.307527253989929195e-01
8.302892027314212609e-01
8.298257481737719710e-01
8.293623618599473835e-01
8.288990439238506092e-01
8.284357944993839817e-01
8.279726137204507230e-01
8.275095017209531667e-01
8.270464586347945346e-01
8.265834845958770494e-01
8.261205797381040439e-01
8.256577441953777408e-01
8.251949781016013619e-01
8.247322815906772409e-01
8.242696547965085996e-01
8.238070978529978827e-01
8.233446108940478680e-01
8.228821940535614443e-01
8.224198474654411672e-01
8.219575712635900366e-01
8.214953655819106082e-01
8.210332305543058817e-01
8.205711663146783019e-01
8.201091729969310906e-01
8.196472507349663594e-01
8.191853996626875523e-01
8.187236199139968917e-01
8.182619116227975997e-01
8.178002749229918988e-01
8.173387099484831220e-01
8.168772168331734918e-01
8.164157957109662300e-01
8.159544467157640035e-01
8.154931699814691459e-01
8.150319656419849901e-01
8.145708338312138697e-01
8.141097746830588955e-01
8.136487883314225122e-01
8.131878749102077197e-01
8.127270345533170737e-01
8.122662673946535739e-01
8.118055735681196650e-01
8.113449532076185688e-01
8.108844064470525081e-01
8.104239334203247047e-01
8.099635342613376032e-01
8.095032091039942035e-01
8.090429580821971722e-01
8.085827813298490652e-01
8.081226789808529931e-01
8.076626511691114008e-01
8.072026980285272879e-01
8.067428196930032103e-01
8.062830162964421676e-01
8.058232879727467157e-01
8.053636348558197433e-01
8.049040570795638061e-01
8.044445547778821259e-01
8.039851280846768145e-01
8.035257771338513155e-01
8.030665020593077408e-01
8.026073029949494231e-01
8.021481800746788071e-01
8.016891334323985596e-01
8.012301632020117914e-01
8.007712695174207251e-01
8.003124525125289157e-01
7.998537123212382527e-01
7.993950490774521800e-01
7.989364629150730313e-01
7.984779539680038063e-01
7.980195223701470608e-01
7.975611682554059056e-01
7.971028917576826744e-01
7.966446930108804780e-01
7.961865721489017611e-01
7.957285293056496345e-01
7.952705646150264318e-01
7.948126782109353750e-01
7.943548702272791306e-01
7.938971407979599215e-01
7.934394900568813025e-01
7.929819181379453852e-01
7.925244251750553914e-01
7.920670113021137659e-01
7.916096766530235085e-01
7.911524213616870638e-01
7.906952455620076536e-01
7.902381493878875007e-01
7.897811329732299379e-01
7.893241964519371878e-01
7.888673399579124723e-01
7.884105636250580140e-01
7.879538675872772568e-01
7.874972519784725344e-01
7.870407169325465135e-01
7.865842625834023050e-01
7.861278890649422424e-01
7.856715965110695477e-01
7.852153850556865544e-01
7.847592548326963735e-01
7.843032059760014496e-01
7.838472386195050046e-01
7.833913528971092610e-01
7.829355489427174408e-01
7.824798268902317666e-01
7.820241868735556823e-01
7.815686290265912994e-01
7.811131534832418399e-01
7.806577603774099705e-01
7.802024498429981358e-01
7.797472220139095578e-01
7.792920770240465700e-01
7.788370150073123943e-01
7.783820360976092534e-01
7.779271404288403691e-01
7.774723281349081860e-01
7.770175993497158151e-01
7.765629542071655900e-01
7.761083928411606214e-01
7.756539153856033542e-01
7.751995219743970100e-01
7.747452127414438117e-01
7.742909878206469809e-01
7.738368473459088515e-01
7.733827914511326451e-01
7.729288202702208066e-01
7.724749339370761136e-01
7.720211325856014550e-01
7.715674163496993865e-01
7.711137853632730188e-01
7.706602397602246857e-01
7.702067796744576089e-01
7.697534052398740112e-01
7.693001165903772254e-01
7.688469138598695851e-01
7.683937971822540902e-01
7.679407666914331854e-01
7.674878225213100924e-01
7.670349648057871450e-01
7.665821936787675650e-01
7.661295092741537971e-01
7.656769117258483970e-01
7.652244011677546975e-01
7.647719777337748104e-01
7.643196415578120684e-01
7.638673927737688052e-01
7.634152315155481316e-01
7.629631579170524924e-01
7.625111721121848873e-01
7.620592742348479831e-01
7.616074644189445575e-01
7.611557427983772772e-01
7.607041095070491421e-01
7.602525646788625968e-01
7.598011084477207522e-01
7.593497409475261639e-01
7.588984623121813877e-01
7.584472726755895344e-01
7.579961721716531597e-01
7.575451609342751524e-01
7.570942390973581793e-01
7.566434067948052400e-01
7.561926641605185573e-01
7.557420113284015750e-01
7.552914484323564048e-01
7.548409756062863796e-01
7.543905929840937219e-01
7.539403006996817647e-01
7.534900988869527305e-01
7.530399876798098413e-01
7.525899672121553197e-01
7.521400376178924985e-01
7.516901990309239334e-01
7.512404515851520692e-01
7.507907954144802387e-01
7.503412306528105535e-01
7.498917574340463466e-01
7.494423758920900625e-01
7.489930861608447010e-01
7.485438883742125959e-01
7.480947826660969691e-01
7.476457691704002650e-01
7.471968480210255947e-01
7.467480193518752918e-01
7.462992832968524670e-01
7.458506399898595651e-01
7.454020895647996969e-01
7.449536321555754181e-01
7.445052678960893955e-01
7.440569969202446288e-01
7.436088193619436737e-01
7.431607353550895301e-01
7.427127450335845316e-01
7.422648485313320110e-01
7.418170459822341911e-01
7.413693375201942937e-01
7.409217232791146523e-01
7.404742033928983780e-01
7.400267779954479153e-01
7.395794472206664860e-01
7.391322112024563129e-01
7.386850700747205067e-01
7.382380239713618453e-01
7.377910730262827732e-01
7.373442173733864013e-01
7.368974571465750634e-01
7.364507924797522032e-01
7.360042235068198213e-01
7.355577503616812507e-01
7.351113731782388250e-01
7.346650920903957660e-01
7.342189072320544074e-01
7.337728187371178601e-01
7.333268267394884576e-01
7.328809313730694219e-01
7.324351327717630866e-01
7.319894310694727846e-01
7.315438264001008495e-01
7.310983188975497260e-01
7.306529086957229691e-01
7.302075959285226903e-01
7.297623807298521115e-01
7.293172632336135663e-01
7.288722435737101657e-01
7.284273218840444652e-01
7.279824982985193538e-01
7.275377729510373870e-01
7.270931459755016757e-01
7.266486175058145536e-01
7.262041876758791314e-01
7.257598566195979650e-01
7.253156244708740541e-01
7.248714913636097323e-01
7.244274574317083326e-01
7.239835228090722996e-01
7.235396876296040780e-01
7.230959520272071117e-01
7.226523161357835123e-01
7.222087800892365017e-01
7.217653440214684135e-01
7.213220080663826916e-01
7.208787723578812257e-01
7.204356370298675705e-01
7.199926022162439487e-01
7.195496680509133602e-01
7.191068346677783607e-01
7.186641022007421720e-01
7.182214707837070167e-01
7.177789405505760056e-01
7.173365116352519166e-01
7.168941841716370833e-01
7.164519582936347275e-01
7.160098341351472939e-01
7.155678118300777824e-01
7.151258915123288595e-01
7.146840733158033032e-01
7.142423573744036691e-01
7.138007438220331791e-01
7.133592327925941667e-01
7.129178244199896319e-01
7.124765188381221304e-01
7.120353161808947728e-01
7.115942165822098930e-01
7.111532201759704908e-01
7.107123270960794548e-01
7.102715374764392298e-01
7.098308514509527045e-01
7.093902691535226568e-01
7.089497907180519753e-01
7.085094162784429939e-01
7.080691459685991562e-01
7.076289799224224630e-01
7.071889182738164692e-01
7.067489611566831753e-01
7.063091087049259142e-01
7.058693610524470197e-01
7.054297183331496024e-01
7.049901806809361071e-01
7.045507482297097557e-01
7.041114211133726597e-01
7.036721994658281520e-01
7.032330834209788994e-01
7.027940731127273466e-01
7.023551686749764933e-01
7.019163702416288952e-01
7.014776779465877743e-01
7.010390919237553531e-01
7.006006123070348535e-01
7.001622392303284981e-01
6.997239728275396198e-01
6.992858132325705522e-01
6.988477605793242953e-01
6.984098150017035156e-01
6.979719766336111020e-01
6.975342456089494991e-01
6.970966220616219289e-01
6.966591061255309469e-01
6.962216979345788870e-01
6.957843976226691929e-01
6.953472053237041983e-01
6.949101211715869031e-01
6.944731453002198629e-01
6.940362778435059665e-01
6.935995189353477697e-01
6.931628687096484942e-01
6.927263273003103627e-01
6.922898948412367082e-01
6.918535714663296421e-01
6.914173573094923864e-01
6.909812525046274967e-01
6.905452571856378619e-01
6.901093714864263706e-01
6.896735955408952456e-01
6.892379294829478198e-01
6.888023734464865377e-01
6.883669275654142883e-01
6.879315919736337381e-01
6.874963668050477761e-01
6.870612521935589578e-01
6.866262482730705052e-01
6.861913551774845299e-01
6.857565730407043647e-01
6.853219019966322323e-01
6.848873421791714655e-01
6.844528937222242870e-01
6.840185567596940297e-01
6.835843314254828051e-01
6.831502178534939462e-01
6.827162161776300087e-01
6.822823265317935482e-01
6.818485490498876755e-01
6.814148838658147245e-01
6.809813311134780278e-01
6.805478909267795862e-01
6.801145634396230655e-01
6.796813487859104663e-01
6.792482470995450106e-01
6.788152585144291429e-01
6.783823831644658631e-01
6.779496211835577268e-01
6.775169727056077340e-01
6.770844378645183292e-01
6.766520167941928454e-01
6.762197096285335052e-01
6.757875165014430863e-01
6.753554375468245885e-01
6.749234728985805676e-01
6.744916226906141343e-01
6.740598870568275114e-01
6.736282661311239206e-01
6.731967600474058067e-01
6.727653689395762804e-01
6.723340929415377865e-01
6.719029321871933247e-01
6.714718868104453398e-01
6.710409569451970535e-01
6.706101427253506886e-01
6.701794442848094668e-01
6.697488617574759440e-01
6.693183952772526757e-01
6.688880449780429949e-01
6.684578109937489021e-01
6.680276934582738413e-01
6.675976925055202571e-01
6.671678082693909273e-01
6.667380408837886296e-01
6.663083904826161419e-01
6.658788571997761307e-01
6.654494411691715960e-01
6.650201425247049825e-01
6.645909614002794008e-01
6.641618979297971848e-01
6.637329522471615562e-01
6.633041244862748487e-01
6.628754147810402841e-01
6.624468232653603073e-01
6.620183500731375847e-01
6.615899953382752274e-01
6.611617591946754580e-01
6.607336417762417202e-01
6.603056432168762369e-01
6.598777636504822297e-01
6.594500032109618104e-01
6.590223620322184228e-01
6.585948402481542896e-01
6.581674379926726326e-01
6.577401553996757855e-01
6.573129926030669701e-01
6.568859497367484090e-01
6.564590269346233242e-01
6.560322243305944934e-01
6.556055420585641391e-01
6.551789802524355943e-01
6.547525390461111927e-01
6.543262185734940450e-01
6.539000189684865960e-01
6.534739403649919565e-01
6.530479828969124600e-01
6.526221466981514396e-01
6.521964319026110068e-01
6.517708386441944945e-01
6.513453670568041254e-01
6.509200172743432322e-01
6.504947894307141487e-01
6.500696836598198747e-01
6.496447000955630768e-01
6.492198388718463109e-01
6.487951001225727987e-01
6.483704839816447629e-01
6.479459905829654254e-01
6.475216200604372307e-01
6.470973725479632899e-01
6.466732481794459364e-01
6.462492470887882812e-01
6.458253694098927689e-01
6.454016152766625103e-01
6.449779848229999502e-01
6.445544781828081993e-01
6.441310954899894803e-01
6.437078368784472371e-01
6.432847024820838033e-01
6.428616924348018458e-01
6.424388068705044752e-01
6.420160459230940253e-01
6.415934097264738289e-01
6.411708984145459977e-01
6.407485121212138646e-01
6.403262509803796521e-01
6.399041151259466931e-01
6.394821046918173213e-01
6.390602198118946475e-01
6.386384606200808944e-01
6.382168272502793949e-01
6.377953198363924825e-01
6.373739385123232681e-01
6.369526834119743075e-01
6.365315546692483784e-01
6.361105524180483695e-01
6.356896767922768365e-01
6.352689279258366684e-01
6.348483059526305317e-01
6.344278110065613152e-01
6.340074432215315747e-01
6.335872027314445321e-01
6.331670896702022988e-01
6.327471041717083189e-01
6.323272463698645929e-01
6.319075163985746757e-01
6.314879143917406790e-01
6.310684404832658245e-01
6.306490948070524460e-01
6.302298774970037654e-01
6.298107886870222272e-01
6.293918285110106092e-01
6.289729971028719113e-01
6.285542945965085782e-01
6.281357211258236095e-01
6.277172768247194501e-01
6.272989618270993217e-01
6.268807762668655581e-01
6.264627202779213810e-01
6.260447939941690132e-01
6.256269975495116764e-01
6.252093310778517044e-01
6.247917947130923189e-01
6.243743885891358536e-01
6.239571128398855304e-01
6.235399675992437940e-01
6.231229530011132001e-01
6.227060691793970815e-01
6.222893162679976609e-01
6.218726944008181601e-01
6.214562037117608018e-01
6.210398443347289188e-01
6.206236164036247338e-01
6.202075200523515797e-01
6.197915554148115680e-01
6.193757226249081427e-01
6.189600218165434153e-01
6.185444531236207188e-01
6.181290166800423869e-01
6.177137126197114192e-01
6.172985410765304826e-01
6.168835021844024658e-01
6.164685960772300355e-01
6.160538228889157475e-01
6.156391827533627126e-01
6.152246758044733754e-01
6.148103021761508469e-01
6.143960620022974606e-01
6.139819554168165494e-01
6.135679825536101140e-01
6.131541435465817091e-01
6.127404385296335576e-01
6.123268676366685481e-01
6.119134310015894584e-01
6.115001287582992884e-01
6.110869610407003716e-01
6.106739279826959299e-01
6.102610297181884080e-01
6.098482663810803617e-01
6.094356381052751237e-01
6.090231450246749167e-01
6.086107872731829627e-01
6.081985649847014841e-01
6.077864782931339249e-01
6.073745273323823968e-01
6.069627122363501215e-01
6.065510331389395438e-01
6.061394901740536634e-01
6.057280834755951471e-01
6.053168131774667726e-01
6.049056794135710957e-01
6.044946823178112272e-01
6.040838220240897227e-01
6.036730986663092491e-01
6.032625123783730281e-01
6.028520632941830604e-01
6.024417515476429008e-01
6.020315772726546610e-01
6.016215406031215629e-01
6.012116416729460511e-01
6.008018806160312364e-01
6.003922575662793415e-01
5.999827726575936993e-01
5.995734260238767543e-01
5.991642177990313956e-01
5.987551481169601786e-01
5.983462171115662143e-01
5.979374249167518363e-01
5.975287716664202664e-01
5.971202574944739494e-01
5.967118825348155520e-01
5.963036469213482960e-01
5.958955507879744040e-01
5.954875942685970980e-01
5.950797774971187115e-01
5.946721006074424665e-01
5.942645637334705855e-01
5.938571670091064014e-01
5.934499105682521369e-01
5.930427945448110139e-01
5.926358190726854769e-01
5.922289842857785258e-01
5.918222903179926053e-01
5.914157373032309373e-01
5.910093253753958553e-01
5.906030546683902482e-01
5.901969253161170048e-01
5.897909374524786807e-01
5.893850912113782758e-01
5.889793867267182348e-01
5.885738241324016684e-01
5.881684035623310214e-01
5.877631251504094045e-01
