wavelength
1.408876110129645198e+00
1.408431716259259892e+00
1.407987222760149315e+00
1.407542629769282128e+00
1.407097937423625877e+00
1.406653145860149001e+00
1.406208255215819714e+00
1.405763265627605563e+00
1.405318177232475207e+00
1.404872990167396196e+00
1.404427704569337410e+00
1.403982320575266174e+00
1.403536838322151370e+00
1.403091257946960546e+00
1.402645579586661695e+00
1.402199803378223475e+00
1.401753929458613657e+00
1.401307957964800233e+00
1.400861889033751639e+00
1.400415722802435647e+00
1.399969459407820693e+00
1.399523098986874547e+00
1.399076641676565647e+00
1.398630087613861539e+00
1.398183436935731105e+00
1.397736689779142116e+00
1.397289846281062342e+00
1.396842906578460441e+00
1.396395870808303963e+00
1.395948739107561565e+00
1.395501511613201018e+00
1.395054188462190314e+00
1.394606769791498113e+00
1.394159255738091741e+00
1.393711646438940077e+00
1.393263942031010449e+00
1.392816142651271738e+00
1.392368248436691713e+00
1.391920259524238146e+00
1.391472176050879916e+00
1.391023998153584129e+00
1.390575725969319887e+00
1.390127359635054738e+00
1.389678899287756675e+00
1.389230345064394134e+00
1.388781697101935109e+00
1.388332955537347813e+00
1.387884120507600016e+00
1.387435192149660157e+00
1.386986170600496449e+00
1.386537055997076440e+00
1.386087848476368789e+00
1.385638548175341267e+00
1.385189155230962310e+00
1.384739669780199689e+00
1.384290091960021618e+00
1.383840421907396312e+00
1.383390659759291541e+00
1.382940805652675964e+00
1.382490859724517129e+00
1.382040822111783474e+00
1.381590692951443211e+00
1.381140472380464113e+00
1.380690160535814393e+00
1.380239757554462265e+00
1.379789263573375724e+00
1.379338678729523204e+00
1.378888003159872033e+00
1.378437237001391313e+00
1.377986380391048149e+00
1.377535433465811421e+00
1.377084396362648899e+00
1.376633269218528799e+00
1.376182052170419334e+00
1.375730745355288054e+00
1.375279348910103838e+00
1.374827862971834236e+00
1.374376287677447683e+00
1.373924623163912173e+00
1.373472869568195476e+00
1.373021027027266250e+00
1.372569095678092044e+00
1.372117075657641738e+00
1.371664967102882438e+00
1.371212770150783244e+00
1.370760484938311707e+00
1.370308111602435819e+00
1.369855650280124237e+00
1.369403101108344289e+00
1.368950464224064856e+00
1.368497739764253707e+00
1.368044927865878613e+00
1.367592028665908233e+00
1.367139042301310337e+00
1.366685968909053361e+00
1.366232808626105077e+00
1.365779561589433699e+00
1.365326227936007442e+00
1.364872807802794075e+00
1.364419301326762257e+00
1.363965708644879538e+00
1.363512029894114352e+00
1.363058265211434916e+00
1.362604414733808778e+00
1.362150478598204595e+00
1.361696456941590139e+00
1.361242349900933846e+00
1.360788157613203486e+00
1.360333880215367497e+00
1.359879517844393648e+00
1.359425070637250155e+00
1.358970538730905453e+00
1.358515922262326869e+00
1.358061221368483507e+00
1.357606436186342913e+00
1.357151566852872859e+00
1.356696613505042226e+00
1.356241576279818339e+00
1.355786455314170080e+00
1.355331250745064997e+00
1.354875962709471526e+00
1.354420591344357439e+00
1.353965136786690948e+00
1.353509599173440492e+00
1.353053978641573840e+00
1.352598275328059207e+00
1.352142489369864586e+00
1.351686620903958191e+00
1.351230670067308015e+00
1.350774636996882272e+00
1.350318521829649177e+00
1.349862324702576499e+00
1.349406045752632899e+00
1.348949685116785924e+00
1.348493242932003788e+00
1.348036719335254929e+00
1.347580114463506895e+00
1.347123428453728344e+00
1.346666661442887047e+00
1.346209813567951441e+00
1.345752884965889296e+00
1.345295875773668826e+00
1.344838786128258246e+00
1.344381616166625326e+00
1.343924366025738504e+00
1.343467035842565993e+00
1.343009625754075342e+00
1.342552135897235432e+00
1.342094566409013590e+00
1.341636917426378472e+00
1.341179189086297852e+00
1.340721381525739941e+00
1.340263494881673179e+00
1.339805529291065112e+00
1.339347484890884177e+00
1.338889361818098367e+00
1.338431160209675896e+00
1.337972880202584758e+00
1.337514521933793166e+00
1.337056085540269112e+00
1.336597571158980591e+00
1.336138978926896259e+00
1.335680308980983444e+00
1.335221561458211026e+00
1.334762736495546553e+00
1.334303834229958019e+00
1.333844854798414303e+00
1.333385798337882733e+00
1.332926664985331744e+00
1.332467454877729551e+00
1.332008168152043925e+00
1.331548804945243303e+00
1.331089365394295454e+00
1.330629849636168816e+00
1.330170257807831380e+00
1.329710590046251140e+00
1.329250846488396531e+00
1.328791027271235103e+00
1.328331132531735514e+00
1.327871162406865313e+00
1.327411117033593380e+00
1.326950996548887263e+00
1.326490801089714733e+00
1.326030530793044893e+00
1.325570185795844846e+00
1.325109766235083475e+00
1.324649272247728327e+00
1.324188703970747838e+00
1.323728061541110224e+00
1.323267345095783032e+00
1.322806554771734922e+00
1.322345690705933663e+00
1.321884753035347693e+00
1.321423741896944781e+00
1.320962657427693143e+00
1.320501499764560993e+00
1.320040269044516101e+00
1.319578965404527127e+00
1.319117588981561617e+00
1.318656139912588232e+00
1.318194618334574741e+00
1.317733024384488916e+00
1.317271358199299636e+00
1.316809619915974450e+00
1.316347809671481794e+00
1.315885927602789440e+00
1.315423973846865602e+00
1.314961948540678494e+00
1.314499851821196108e+00
1.314037683825386882e+00
1.313575444690218363e+00
1.313113134552658989e+00
1.312650753549676974e+00
1.312188301818240088e+00
1.311725779495316768e+00
1.311263186717874785e+00
1.310800523622882796e+00
1.310337790347308351e+00
1.309874987028119442e+00
1.309412113802284949e+00
1.308949170806772200e+00
1.308486158178549630e+00
1.308023076054585454e+00
1.307559924571847665e+00
1.307096703867304255e+00
1.306633414077923439e+00
1.306170055340673430e+00
1.305706627792522001e+00
1.305243131570437587e+00
1.304779566811388403e+00
1.304315933652341997e+00
1.303852232230267028e+00
1.303388462682131044e+00
1.302924625144902926e+00
1.302460719755550000e+00
1.301996746651040926e+00
1.301532705968343695e+00
1.301068597844426078e+00
1.300604422416256511e+00
1.300140179820802766e+00
1.299675870195033722e+00
1.299211493675916707e+00
1.298747050400419933e+00
1.298282540505511840e+00
1.297817964128160195e+00
1.297353321405333215e+00
1.296888612473999114e+00
1.296423837471126106e+00
1.295958996533681962e+00
1.295494089798634896e+00
1.295029117402953123e+00
1.294564079483604635e+00
1.294098976177557647e+00
1.293633807621780374e+00
1.293168573953240585e+00
1.292703275308906496e+00
1.292237911825746322e+00
1.291772483640728275e+00
1.291306990890819906e+00
1.290841433712990094e+00
1.290375812244206610e+00
1.289910126621437225e+00
1.289444376981650597e+00
1.288978563461814275e+00
1.288512686198897139e+00
1.288046745329866516e+00
1.287580740991690842e+00
1.287114673321338332e+00
1.286648542455776534e+00
1.286182348531974551e+00
1.285716091686899487e+00
1.285249772057520223e+00
1.284783389780804308e+00
1.284316944993719956e+00
1.283850437833235825e+00
1.283383868436319020e+00
1.282917236939938643e+00
1.282450543481062022e+00
1.281983788196657814e+00
1.281516971223694012e+00
1.281050092699138387e+00
1.280583152759959376e+00
1.280116151543124747e+00
1.279649089185603161e+00
1.279181965824362610e+00
1.278714781596370420e+00
1.278247536638595694e+00
1.277780231088005980e+00
1.277312865081569493e+00
1.276845438756254225e+00
1.276377952249028835e+00
1.275910405696860872e+00
1.275442799236718328e+00
1.274975133005569861e+00
1.274507407140383020e+00
1.274039621778126463e+00
1.273571777055767962e+00
1.273103873110275508e+00
1.272635910078617538e+00
1.272167888097761823e+00
1.271699807304676799e+00
1.271231667836330237e+00
1.270763469829690573e+00
1.270295213421725800e+00
1.269826898749403910e+00
1.269358525949693117e+00
1.268890095159561193e+00
1.268421606515977018e+00
1.267953060155907918e+00
1.267484456216322330e+00
1.267015794834188469e+00
1.266547076146474105e+00
1.266078300290147673e+00
1.265609467402176946e+00
1.265140577619530582e+00
1.264671631079176128e+00
1.264202627918081800e+00
1.263733568273216035e+00
1.263264452281546379e+00
1.262795280080041715e+00
1.262326051805669591e+00
1.261856767595397777e+00
1.261387427586195376e+00
1.260918031915029491e+00
1.260448580718869005e+00
1.259979074134681465e+00
1.259509512299435530e+00
1.259039895350098748e+00
1.258570223423639334e+00
1.258100496657025946e+00
1.257630715187225690e+00
1.257160879151207666e+00
1.256690988685939647e+00
1.256221043928389403e+00
1.255751045015525369e+00
1.255280992084315539e+00
1.254810885271728127e+00
1.254340724714730904e+00
1.253870510550292527e+00
1.253400242915380769e+00
1.252929921946963621e+00
1.252459547782009519e+00
1.251989120557486235e+00
1.251518640410362204e+00
1.251048107477605420e+00
1.250577521896183653e+00
1.250106883803065561e+00
1.249636193335218692e+00
1.249165450629611929e+00
1.248694655823212374e+00
1.248223809052988909e+00
1.247752910455909303e+00
1.247281960168941772e+00
1.246810958329054309e+00
1.246339905073215126e+00
1.245868800538392440e+00
1.245397644861554021e+00
1.244926438179668082e+00
1.244455180629703062e+00
1.243983872348626729e+00
1.243512513473407299e+00
1.243041104141012765e+00
1.242569644488411562e+00
1.242098134652571462e+00
1.241626574770460456e+00
1.241154964979047204e+00
1.240683305415299253e+00
1.240211596216185042e+00
1.239739837518672561e+00
1.239268029459729803e+00
1.238796172176324983e+00
1.238324265805426316e+00
1.237852310484001794e+00
1.237380306349019410e+00
1.236908253537447600e+00
1.236436152186254134e+00
1.235964002432407227e+00
1.235491804412875094e+00
1.235019558264625728e+00
1.234547264124627342e+00
1.234074922129847929e+00
1.233602532417255482e+00
1.233130095123818437e+00
1.232657610386504565e+00
1.232185078342282081e+00
1.231712499128119198e+00
1.231239872880984132e+00
1.230767199737844653e+00
1.230294479835668975e+00
1.229821713311425313e+00
1.229348900302081660e+00
1.228876040944606451e+00
1.228403135375967237e+00
1.227930183733132452e+00
1.227457186153070312e+00
1.226984142772748365e+00
1.226511053729135492e+00
1.226037919159199241e+00
1.225564739199908049e+00
1.225091513988229908e+00
1.224618243661132588e+00
1.224144928355584971e+00
1.223671568208554161e+00
1.223198163357009260e+00
1.222724713937917818e+00
1.222251220088247603e+00
1.221777681944967719e+00
1.221304099645045271e+00
1.220830473325449139e+00
1.220356803123146650e+00
1.219883089175106683e+00
1.219409331618297010e+00
1.218935530589685623e+00
1.218461686226240737e+00
1.217987798664930343e+00
1.217513868042722880e+00
1.217039894496586117e+00
1.216565878163488490e+00
1.216091819180397771e+00
1.215617717684281951e+00
1.215143573812109690e+00
1.214669387700848535e+00
1.214195159487467146e+00
1.213720889308933071e+00
1.213246577302214746e+00
1.212772223604280164e+00
1.212297828352097318e+00
1.211823391682634643e+00
1.211348913732859911e+00
1.210874394639741558e+00
1.210399834540247577e+00
1.209925233571345737e+00
1.209450591870004477e+00
1.208975909573192009e+00
1.208501186817876105e+00
1.208026423741025202e+00
1.207551620479607069e+00
1.207076777170589921e+00
1.206601893950941973e+00
1.206126970957631439e+00
1.205652008327626090e+00
1.205177006197894363e+00
1.204701964705404249e+00
1.204226883987123520e+00
1.203751764180020833e+00
1.203276605421063739e+00
1.202801407847221116e+00
1.202326171595460291e+00
1.201850896802749702e+00
1.201375583606057562e+00
1.200900232142351642e+00
1.200424842548600379e+00
1.199949414961771543e+00
1.199473949518833793e+00
1.198998446356754677e+00
1.198522905612502409e+00
1.198047327423045427e+00
1.197571711925351501e+00
1.197096059256388845e+00
1.196620369553125673e+00
1.196144642952529757e+00
1.195668879591569755e+00
1.195193079607212994e+00
1.194717243136428353e+00
1.194241370316183604e+00
1.193765461283446738e+00
1.193289516175186193e+00
1.192813535128369740e+00
1.192337518279965591e+00
1.191861465766941741e+00
1.191385377726266626e+00
1.190909254294908237e+00
1.190433095609834346e+00
1.189956901808013612e+00
1.189480673026413582e+00
1.189004409402002693e+00
1.188528111071748938e+00
1.188051778172620754e+00
1.187575410841585688e+00
1.187099009215612178e+00
1.186622573431668215e+00
1.186146103626721793e+00
1.185669599937741570e+00
1.185193062501695316e+00
1.184716491455550580e+00
1.184239886936276465e+00
1.183763249080840074e+00
1.183286578026210512e+00
1.182809873909355103e+00
1.182333136867242285e+00
1.181856367036840272e+00
1.181379564555116835e+00
1.180902729559040631e+00
1.180425862185578989e+00
1.179948962571700566e+00
1.179472030854373577e+00
1.178995067170565569e+00
1.178518071657244981e+00
1.178041044451379804e+00
1.177563985689938697e+00
1.177086895509888764e+00
1.176609774048199109e+00
1.176132621441837278e+00
1.175655437827771266e+00
1.175178223342969508e+00
1.174700978124399997e+00
1.174223702309030948e+00
1.173746396033830353e+00
1.173269059435765982e+00
1.172791692651806716e+00
1.172314295818919883e+00
1.171836869074074139e+00
1.171359412554237256e+00
1.170881926396377670e+00
1.170404410737463374e+00
1.169926865714461917e+00
1.169449291464342400e+00
1.168971688124071928e+00
1.168494055830619383e+00
1.168016394720952533e+00
1.167538704932039373e+00
1.167060986600848338e+00
1.166583239864347199e+00
1.166105464859504393e+00
1.165627661723287689e+00
1.165149830592665525e+00
1.164671971604605671e+00
1.164194084896076342e+00
1.163716170604045974e+00
1.163238228865482116e+00
1.162760259817353425e+00
1.162282263596627452e+00
1.161804240340272631e+00
1.161326190185257179e+00
1.160848113268548865e+00
1.160370009727116347e+00
1.159891879697926953e+00
1.159413723317949341e+00
1.158935540724151725e+00
1.158457332053501432e+00
1.157979097442967564e+00
1.157500837029517449e+00
1.157022550950119744e+00
1.156544239341742220e+00
1.156065902341352869e+00
1.155587540085920351e+00
1.155109152712411991e+00
1.154630740357796892e+00
1.154152303159042159e+00
1.153673841253116450e+00
1.153195354776987980e+00
1.152716843867624297e+00
1.152238308661994060e+00
1.151759749297065039e+00
1.151281165909805448e+00
1.150802558637183504e+00
1.150323927616167197e+00
1.149845272983724742e+00
1.149366594876823910e+00
1.148887893432433138e+00
1.148409168787520418e+00
1.147930421079053964e+00
1.147451650444001992e+00
1.146972857019331826e+00
1.146494040942012793e+00
1.146015202349011997e+00
1.145536341377297873e+00
1.145057458163838637e+00
1.144578552845602504e+00
1.144099625559557465e+00
1.143620676442671069e+00
1.143141705631912419e+00
1.142662713264248842e+00
1.142183699476648773e+00
1.141704664406080427e+00
1.141225608189511576e+00
1.140746530963910654e+00
1.140267432866245212e+00
1.139788314033484129e+00
1.139309174602594954e+00
1.138830014710546124e+00
1.138350834494305630e+00
1.137871634090841244e+00
1.137392413637121624e+00
1.136913173270114541e+00
1.136433913126788209e+00
1.135954633344110842e+00
1.135475334059049990e+00
1.134996015408574532e+00
1.134516677529652018e+00
1.134037320559250883e+00
1.133557944634339121e+00
1.133078549891884945e+00
1.132599136468856127e+00
1.132119704502221103e+00
1.131640254128947864e+00
1.131160785486004183e+00
1.130681298710358940e+00
1.130201793938979904e+00
1.129722271308834625e+00
1.129242730956891982e+00
1.128763173020119304e+00
1.128283597635485691e+00
1.127804004939958471e+00
1.127324395070505858e+00
1.126844768164096511e+00
1.126365124357697756e+00
1.125885463788278251e+00
1.125405786592805546e+00
1.124926092908248521e+00
1.124446382871574723e+00
1.123966656619752369e+00
1.123486914289749672e+00
1.123007156018534403e+00
1.122527381943075220e+00
1.122047592200339672e+00
1.121567786927296417e+00
1.121087966260913449e+00
1.120608130338158315e+00
1.120128279295999674e+00
1.119648413271405296e+00
1.119168532401343619e+00
1.118688636822782634e+00
1.118208726672690112e+00
1.117728802088034712e+00
1.117248863205784204e+00
1.116768910162906803e+00
1.116288943096370501e+00
1.115808962143143512e+00
1.115328967440194052e+00
1.114848959124489891e+00
1.114368937332999465e+00
1.113888902202690545e+00
1.113408853870531567e+00
1.112928792473490525e+00
1.112448718148535409e+00
1.111968631032634658e+00
1.111488531262755597e+00
1.111008418975867329e+00
1.110528294308937403e+00
1.110048157398934254e+00
1.109568008382825433e+00
1.109087847397579374e+00
1.108607674580164515e+00
1.108127490067548182e+00
1.107647293996699256e+00
1.107167086504585729e+00
1.106686867728174928e+00
1.106206637804435955e+00
1.105726396870336137e+00
1.105246145062844132e+00
1.104765882518927711e+00
1.104285609375555310e+00
1.103805325769694923e+00
1.103325031838314318e+00
1.102844727718381934e+00
1.102364413546865762e+00
1.101884089460734018e+00
1.101403755596954692e+00
1.100923412092496001e+00
1.100443059084325936e+00
1.099962696709412491e+00
1.099482325104724101e+00
1.099001944407228537e+00
1.098521554753894236e+00
1.098041156281689190e+00
1.097560749127581392e+00
1.097080333428539056e+00
1.096599909321529953e+00
1.096119476943522741e+00
1.095639036431485192e+00
1.095158587922385296e+00
1.094678131553191713e+00
1.094197667460871770e+00
1.093717195782394347e+00
1.093236716654726770e+00
1.092756230214837920e+00
1.092275736599695568e+00
1.091795235946267706e+00
1.091314728391522548e+00
1.090834214072427866e+00
1.090353693125952539e+00
1.089873165689064116e+00
1.089392631898730368e+00
1.088912091891920397e+00
1.088431545805601308e+00
1.087950993776741981e+00
1.087470435942309743e+00
1.086989872439273697e+00
1.086509303404601168e+00
1.086028728975260371e+00
1.085548149288219744e+00
1.085067564480446833e+00
1.084586974688910299e+00
1.084106380050577911e+00
1.083625780702418107e+00
1.083145176781398877e+00
1.082664568424487772e+00
1.082183955768653894e+00
1.081703338950864346e+00
1.081222718108088010e+00
1.080742093377292878e+00
1.080261464895446277e+00
1.079780832799517531e+00
1.079300197226473745e+00
1.078819558313283355e+00
1.078338916196914576e+00
1.077858271014335623e+00
1.077377622902514265e+00
1.076896971998418717e+00
1.076416318439017417e+00
1.075935662361277689e+00
1.075455003902168638e+00
1.074974343198657811e+00
1.074493680387713201e+00
1.074013015606303023e+00
1.073532348991395491e+00
1.073051680679958819e+00
1.072571010808960779e+00
1.072090339515369806e+00
1.071609666936153893e+00
1.071128993208280811e+00
1.070648318468719440e+00
1.070167642854436885e+00
1.069686966502402248e+00
1.069206289549583078e+00
1.068725612132947367e+00
1.068244934389463552e+00
1.067764256456099403e+00
1.067283578469823579e+00
1.066802900567603629e+00
1.066322222886407989e+00
1.065841545563204651e+00
1.065360868734961608e+00
1.064880192538647075e+00
1.064399517111229043e+00
1.063918842589675950e+00
1.063438169110955789e+00
1.062957496812036329e+00
1.062476825829886007e+00
1.061996156301472816e+00
1.061515488363764748e+00
1.061034822153730239e+00
1.060554157808337061e+00
1.060073495464553650e+00
1.059592835259347554e+00
1.059112177329687654e+00
1.058631521812541276e+00
1.058150868844877079e+00
1.057670218563663056e+00
1.057189571105866976e+00
1.056708926608457499e+00
1.056228285208402173e+00
1.055747647042669435e+00
1.055267012248227498e+00
1.054786380962044134e+00
1.054305753321087780e+00
1.053825129462326204e+00
1.053344509522727845e+00
1.052863893639260251e+00
1.052383281948892524e+00
1.051902674588591768e+00
1.051422071695326643e+00
1.050941473406064919e+00
1.050460879857775032e+00
1.049980291187424974e+00
1.049499707531982517e+00
1.049019129028416319e+00
1.048538555813694373e+00
1.048057988024784448e+00
1.047577425798654982e+00
1.047096869272273523e+00
1.046616318582609173e+00
1.046135773866629259e+00
1.045655235261301996e+00
1.045174702903595598e+00
1.044694176930478058e+00
1.044213657478918034e+00
1.043733144685882630e+00
1.043252638688340728e+00
1.042772139623260319e+00
1.042291647627609397e+00
1.041811162838355953e+00
1.041330685392468203e+00
1.040850215426914360e+00
1.040369753078662418e+00
1.039889298484680369e+00
1.039408851781936649e+00
1.038928413107398807e+00
1.038447982598035724e+00
1.037967560390814725e+00
1.037487146622704692e+00
1.037006741430672951e+00
1.036526344951687939e+00
1.036045957322718092e+00
1.035565578680730958e+00
1.035085209162695197e+00
1.034604848905578578e+00
1.034124498046348872e+00
1.033644156721974738e+00
1.033163825069424169e+00
1.032683503225665156e+00
1.032203191327665914e+00
1.031722889512394659e+00
1.031242597916819159e+00
1.030762316677907631e+00
1.030282045932628288e+00
1.029801785817949122e+00
1.029321536470838350e+00
1.028841298028264184e+00
1.028361070627194396e+00
1.027880854404597422e+00
1.027400649497441032e+00
1.026920456042693885e+00
1.026440274177323309e+00
1.025960104038297960e+00
1.025479945762586054e+00
1.024999799487155139e+00
1.024519665348973652e+00
1.024039543485009585e+00
1.023559434032231596e+00
1.023079337127607014e+00
1.022599252908104273e+00
1.022119181510691588e+00
1.021639123072336730e+00
1.021159077730008136e+00
1.020679045620673797e+00
1.020199026881301929e+00
1.019719021648860524e+00
1.019239030060317575e+00
1.018759052252641295e+00
1.018279088362799900e+00
1.017799138527761382e+00
1.017319202884493734e+00
1.016839281569965392e+00
1.016359374721144349e+00
1.015879482474998152e+00
1.015399604968495684e+00
1.014919742338604713e+00
1.014439894722293456e+00
1.013960062256529904e+00
1.013480245078282049e+00
1.013000443324518329e+00
1.012520657132206514e+00
1.012040886638315040e+00
1.011561131979811456e+00
1.011081393293664865e+00
1.010601670716842371e+00
1.010121964386312410e+00
1.009642274439043419e+00
1.009162601012002947e+00
1.008682944242159429e+00
1.008203304266481304e+00
1.007723681221935674e+00
1.007244075245491643e+00
1.006764486474116982e+00
1.006284915044779682e+00
1.005805361094447736e+00
1.005325824760089581e+00
1.004846306178673210e+00
1.004366805487166614e+00
1.003887322822538231e+00
1.003407858321755608e+00
1.002928412121787405e+00
1.002448984359601392e+00
1.001969575172165783e+00
1.001490184696448571e+00
1.001010813069417971e+00
1.000531460428042196e+00
1.000052126909289019e+00
9.995728126501270960e-01
9.990935177875239770e-01
9.986142424584479871e-01
9.981349867998673409e-01
9.976557509487498088e-01
9.971765350420640495e-01
9.966973392167777224e-01
9.962181636098589310e-01
9.957390083582760010e-01
9.952598735989968137e-01
9.947807594689899169e-01
9.943016661052227478e-01
9.938225936446640763e-01
9.933435422242815616e-01
9.928645119810433073e-01
9.923855030519178611e-01
9.919065155738726602e-01
9.914275496838764745e-01
9.909486055188971854e-01
9.904696832159025632e-01
9.899907829118610447e-01
9.895119047437406223e-01
9.890330488485097327e-01
9.885542153631358131e-01
9.880754044245876333e-01
9.875966161698330747e-01
9.871178507358399079e-01
9.866391082595766804e-01
9.861603888780112737e-01
9.856816927281120133e-01
9.852030199468467808e-01
9.847243706711835687e-01
9.842457450380910355e-01
9.837671431845365078e-01
9.832885652474887550e-01
9.828100113639153257e-01
9.823314816707851005e-01
9.818529763050654058e-01
9.813744954037246782e-01
9.808960391037311322e-01
9.804176075420525382e-01
9.799392008556574440e-01
9.794608191815137310e-01
9.789824626565891696e-01
9.785041314178524186e-01
9.780258256022713592e-01
9.775475453468140952e-01
9.770692907884485079e-01
9.765910620641431450e-01
9.761128593108659990e-01
9.756346826655848403e-01
9.751565322652681056e-01
9.746784082468836763e-01
9.742003107473999890e-01
9.737222399037849252e-01
9.732441958530064774e-01
9.727661787320329712e-01
9.722881886778322880e-01
9.718102258273727534e-01
9.713322903176222489e-01
9.708543822855493222e-01
9.703765018681216326e-01
9.698986492023073946e-01
9.694208244250748230e-01
9.689430276733916880e-01
9.684652590842267594e-01
9.679875187945475856e-01
9.675098069413222701e-01
9.670321236615193605e-01
9.665544690921064053e-01
9.660768433700519520e-01
9.655992466323237711e-01
9.651216790158902992e-01
9.646441406577195288e-01
9.641666316947792303e-01
9.636891522640381735e-01
9.632117025024637957e-01
9.627342825470246446e-01
9.622568925346888236e-01
9.617795326024238811e-01
9.613022028871986979e-01
9.608249035259808224e-01
9.603476346557386911e-01
9.598703964134399635e-01
9.593931889360534093e-01
9.589160123605466879e-01
9.584388668238879028e-01
9.579617524630452685e-01
9.574846694149868886e-01
9.570076178166809777e-01
9.565305978050953062e-01
9.560536095171983106e-01
9.555766530899580946e-01
9.550997286603424286e-01
9.546228363653199711e-01
9.541459763418580486e-01
9.536691487269255418e-01
9.531923536574902212e-01
9.527155912705200791e-01
9.522388617029833302e-01
9.517621650918481890e-01
9.512855015740826481e-01
9.508088712866546999e-01
9.503322743665327810e-01
9.498557109506847729e-01
9.493791811760786681e-01
9.489026851796829032e-01
9.484262230984651376e-01
9.479497950693939190e-01
9.474734012294372398e-01
9.469970417155628706e-01
9.465207166647394699e-01
9.460444262139345861e-01
9.455681705001168780e-01
9.450919496602537828e-01
9.446157638313141813e-01
9.441396131502656219e-01
9.436634977540763192e-01
9.431874177797145986e-01
9.427113733641481197e-01
9.422353646443455411e-01
9.417593917572747442e-01
9.412834548399036105e-01
9.408075540292004657e-01
9.403316894621333022e-01
9.398558612756704456e-01
9.393800696067797773e-01
9.389043145924295120e-01
9.384285963695878641e-01
9.379529150752226041e-01
9.374772708463021686e-01
9.370016638197942171e-01
9.365260941326676303e-01
9.360505619218899565e-01
9.355750673244289661e-01
9.350996104772536510e-01
9.346241915173314485e-01
9.341488105816309062e-01
9.336734678071194615e-01
9.331981633307659951e-01
9.327228972895384995e-01
9.322476698204044121e-01
9.317724810603325025e-01
9.312973311462905412e-01
9.308222202152469649e-01
9.303471484041696549e-01
9.298721158500264927e-01
9.293971226897860261e-01
9.289221690604159143e-01
9.284472550988848161e-01
9.279723809421602798e-01
9.274975467272108531e-01
9.270227525910045285e-01
9.265479986705089654e-01
9.260732851026929335e-01
9.255986120245240922e-01
9.251239795729708781e-01
9.246493878850011727e-01
9.241748370975828575e-01
9.237003273476847021e-01
9.232258587722740328e-01
9.227514315083196195e-01
9.222770456927891214e-01
9.218027014626508642e-01
9.213283989548730624e-01
9.208541383064234864e-01
9.203799196542704619e-01
9.199057431353818703e-01
9.194316088867262593e-01
9.189575170452715103e-01
9.184834677479853937e-01
9.180094611318365683e-01
9.175354973337926934e-01
9.170615764908223166e-01
9.165876987398929865e-01
9.161138642179733615e-01
9.156400730620313233e-01
9.151663254090347532e-01
9.146926213959520879e-01
9.142189611597510979e-01
9.137453448374004417e-01
9.132717725658677788e-01
9.127982444821211017e-01
9.123247607231290690e-01
9.118513214258590072e-01
9.113779267272799078e-01
9.109045767643590974e-01
9.104312716740652345e-01
9.099580115933662006e-01
9.094847966592298771e-01
9.090116270086248118e-01
9.085385027785187750e-01
9.080654241058802034e-01
9.075923911276769784e-01
9.071194039808769816e-01
9.066464628024488714e-01
9.061735677293600855e-01
9.057007188985793933e-01
9.052279164470743433e-01
9.047551605118135942e-01
9.042824512297648054e-01
9.038097887378961914e-01
9.033371731731759668e-01
9.028646046725720131e-01
9.023920833730528779e-01
9.019196094115862206e-01
9.014471829251402557e-01
9.009748040506831979e-01
9.005024729251830395e-01
9.000301896856079953e-01
8.995579544689260576e-01
8.990857674121054410e-01
8.986136286521143601e-01
8.981415383259204743e-01
8.976694965704924423e-01
8.971975035227979234e-01
8.967255593198053543e-01
8.962536640984827274e-01
8.957818179957978133e-01
8.953100211487193816e-01
8.948382736942147586e-01
8.943665757692528251e-01
8.938949275108011294e-01
8.934233290558281082e-01
8.929517805413018650e-01
8.924802821041900591e-01
8.920088338814613493e-01
8.915374360100833950e-01
8.910660886270247438e-01
8.905947918692530552e-01
8.901235458737368766e-01
8.896523507774440898e-01
8.891812067173425760e-01
8.887101138304008829e-01
8.882390722535866701e-01
8.877680821238684850e-01
8.872971435782142091e-01
8.868262567535918350e-01
8.863554217869696883e-01
8.858846388153157614e-01
8.854139079755981578e-01
8.849432294047849812e-01
8.844726032398444460e-01
8.840020296177446557e-01
8.835315086754533809e-01
8.830610405499391691e-01
8.825906253781697908e-01
8.821202632971136826e-01
8.816499544437387259e-01
8.811796989550129133e-01
8.807094969679047924e-01
8.802393486193818006e-01
8.797692540464128186e-01
8.792992133859651727e-01
8.788292267750076325e-01
8.783592943505080797e-01
8.778894162494342845e-01
8.774195926087549058e-01
8.769498235654374918e-01
8.764801092564507012e-01
8.760104498187624156e-01
8.755408453893404053e-01
8.750712961051534400e-01
8.746018021031688461e-01
8.741323635203555042e-01
8.736629804936808519e-01
8.731936531601135476e-01
8.727243816566214729e-01
8.722551661201723983e-01
8.717860066877350933e-01
8.713169034962769954e-01
8.708478566827667633e-01
8.703788663841722784e-01
8.699099327374614221e-01
8.694410558796027422e-01
8.689722359475638980e-01
8.685034730783134371e-01
8.680347674088190191e-01
8.675661190760491914e-01
8.670975282169718357e-01
8.666289949685548333e-01
8.661605194677667319e-01
8.656921018515751909e-01
8.652237422569488690e-01
8.647554408208554255e-01
8.642871976802629641e-01
8.638190129721399213e-01
8.633508868334539565e-01
8.628828194011737285e-01
8.624148108122667855e-01
8.619468612037016753e-01
8.614789707124462792e-01
8.610111394754685898e-01
8.605433676297370438e-01
8.600756553122193004e-01
8.596080026598840185e-01
8.591404098096989683e-01
8.586728768986321425e-01
8.582054040636520886e-01
8.577379914417262441e-01
8.572706391698233785e-01
8.568033473849111514e-01
8.563361162239579993e-01
8.558689458239319148e-01
8.554018363218007792e-01
8.549347878545330293e-01
8.544678005590964354e-01
8.540008745724594341e-01
8.535340100315900180e-01
8.530672070734560686e-01
8.526004658350261334e-01
8.521337864532677608e-01
8.516671690651496096e-01
8.512006138076393391e-01
8.507341208177053860e-01
8.502676902323158536e-01
8.498013221884384016e-01
8.493350168230417996e-01
8.488687742730934849e-01
8.484025946755621161e-01
8.479364781674155749e-01
8.474704248856217426e-01
8.470044349671491668e-01
8.465385085489655070e-01
8.460726457680393109e-01
8.456068467613382378e-01
8.451411116658308353e-01
8.446754406184849850e-01
8.442098337562686794e-01
8.437442912161503550e-01
8.432788131350975602e-01
8.428133996500790648e-01
8.423480508980626391e-01
8.418827670160162757e-01
8.414175481409083002e-01
8.409523944097065939e-01
8.404873059593795936e-01
8.400222829268950697e-01
8.395573254492214588e-01
8.390924336633266423e-01
8.386276077061786127e-01
8.381628477147458067e-01
8.376981538259958837e-01
8.372335261768975023e-01
8.367689649044184330e-01
8.363044701455266683e-01
8.358400420371907558e-01
8.353756807163782439e-01
8.349113863200576802e-01
8.344471589851968352e-01
8.339829988487642565e-01
8.335189060477277145e-01
8.330548807190552019e-01
8.325909229997152661e-01
8.321270330266754556e-01
8.316632109369044290e-01
8.311994568673700678e-01
8.307357709550401426e-01
8.302721533368833118e-01
8.298086041498673460e-01
8.293451235309604597e-01
8.288817116171306454e-01
8.284183685453463397e-01
8.279550944525753131e-01
8.274918894757856691e-01
8.270287537519457333e-01
8.265656874180232760e-01
8.261026906109869561e-01
8.256397634678042108e-01
8.251769061254436988e-01
8.247141187208734125e-01
8.242514013910610116e-01
8.237887542729751544e-01
8.233261775035836116e-01
8.228636712198547087e-01
8.224012355587565493e-01
8.219388706572570147e-01
8.214765766523243196e-01
8.210143536809265674e-01
8.205522018800320838e-01
8.200901213866084172e-01
8.196281123376244482e-01
8.191661748700477252e-01
8.187043091208463519e-01
8.182425152269887647e-01
8.177807933254427342e-01
8.173191435531766968e-01
8.168575660471585342e-01
8.163960609443562388e-01
8.159346283817382472e-01
8.154732684962723299e-01
8.150119814249269234e-01
8.145507673046697983e-01
8.140896262724692800e-01
8.136285584652935832e-01
8.131675640201104782e-01
8.127066430738884018e-01
8.122457957635951242e-01
8.117850222261990822e-01
8.113243225986682683e-01
8.108636970179705639e-01
8.104031456210744055e-01
8.099426685449475638e-01
8.094822659265585862e-01
8.090219379028751323e-01
8.085616846108656386e-01
8.081015061874980976e-01
8.076414027697403908e-01
8.071813744945610658e-01
8.067214214989277821e-01
8.062615439198090872e-01
8.058017418941728627e-01
8.053420155589868790e-01
8.048823650512199057e-01
8.044227905078394913e-01
8.039632920658140725e-01
8.035038698621115305e-01
8.030445240337003021e-01
8.025852547175482687e-01
8.021260620506233119e-01
8.016669461698938681e-01
8.012079072123279300e-01
8.007489453148937120e-01
8.002900606145593176e-01
7.998312532482925175e-01
7.993725233530618590e-01
7.989138710658350018e-01
7.984552965235806044e-01
7.979967998632662152e-01
7.975383812218603818e-01
7.970800407363309859e-01
7.966217785436460197e-01
7.961635947807740310e-01
7.957054895846825682e-01
7.952474630923401788e-01
7.947895154407147444e-01
7.943316467667743686e-01
7.938738572074872657e-01
7.934161468998213174e-01
7.929585159807450712e-01
7.925009645872260755e-01
7.920434928562331001e-01
7.915861009247336932e-01
7.911287889296959586e-01
7.906715570080884437e-01
7.902144052968786969e-01
7.897573339330353770e-01
7.893003430535263654e-01
7.888434327953194325e-01
7.883866032953833480e-01
7.879298546906855494e-01
7.874731871181946952e-01
7.870166007148784448e-01
7.865600956177052350e-01
7.861036719636431691e-01
7.856473298896599067e-01
7.851910695327241063e-01
7.847348910298034275e-01
7.842787945178665288e-01
7.838227801338810696e-01
7.833668480148150426e-01
7.829109982976369952e-01
7.824552311193146981e-01
7.819995466168164766e-01
7.815439449271102124e-01
7.810884261871642309e-01
7.806329905339466357e-01
7.801776381044250863e-01
7.797223690355683523e-01
7.792671834643439821e-01
7.788120815277206344e-01
7.783570633626660795e-01
7.779021291061480881e-01
7.774472788951354296e-01
7.769925128665957637e-01
7.765378311574975267e-01
7.760832339048083783e-01
7.756287212454969771e-01
7.751742933165310934e-01
7.747199502548784977e-01
7.742656921975080708e-01
7.738115192813873611e-01
7.733574316434846940e-01
7.729034294207682843e-01
7.724495127502056802e-01
7.719956817687657624e-01
7.715419366134159684e-01
7.710882774211248458e-01
7.706347043288601650e-01
7.701812174735904737e-01
7.697278169922835422e-01
7.692745030219074742e-01
7.688212756994304842e-01
7.683681351618204536e-01
7.679150815460460411e-01
7.674621149890749061e-01
7.670092356278750412e-01
7.665564435994148829e-01
7.661037390406622016e-01
7.656511220885856561e-01
7.651985928801525727e-01
7.647461515523319431e-01
7.642937982420913157e-01
7.638415330863986830e-01
7.633893562222225926e-01
7.629372677865307040e-01
7.624852679162914537e-01
7.620333567484727233e-01
7.615815344200429493e-01
7.611298010679700132e-01
7.606781568292217965e-01
7.602266018407668469e-01
7.597751362395728236e-01
7.593237601626083855e-01
7.588724737468413029e-01
7.584212771292394573e-01
7.579701704467712853e-01
7.575191538364047794e-01
7.570682274351082652e-01
7.566173913798492912e-01
7.561666458075966268e-01
7.557159908553181538e-01
7.552654266599816424e-01
7.548149533585556403e-01
7.543645710880079180e-01
7.539142799853069121e-01
7.534640801874205041e-01
7.530139718313167974e-01
7.525639550539640066e-01
7.521140299923300132e-01
7.516641967833832538e-01
7.512144555640914989e-01
7.507648064714232961e-01
7.503152496423464157e-01
7.498657852138288504e-01
7.494164133228391478e-01
7.489671341063447452e-01
7.485179477013146343e-01
7.480688542447162526e-01
7.476198538735177035e-01
7.471709467246875347e-01
7.467221329351934056e-01
7.462734126420037528e-01
7.458247859820864578e-01
7.453762530924098462e-01
7.449278141099419104e-01
7.444794691716505319e-01
7.440312184145042584e-01
7.435830619754706383e-01
7.431349999915184412e-01
7.426870325996154376e-01
7.422391599367295090e-01
7.417913821398290919e-01
7.413436993458820679e-01
7.408961116918567624e-01
7.404486193147210571e-01
7.400012223514433884e-01
7.395539209389916380e-01
7.391067152143336871e-01
7.386596053144380836e-01
7.382125913762725977e-01
7.377656735368056662e-01
7.373188519330051705e-01
7.368721267018389920e-01
7.364254979802756784e-01
7.359789659052830002e-01
7.355325306138293939e-01
7.350861922428825190e-01
7.346399509294110342e-01
7.341938068103827097e-01
7.337477600227655383e-01
7.333018107035278454e-01
7.328559589896376236e-01
7.324102050180631984e-01
7.319645489257724513e-01
7.315189908497333748e-01
7.310735309269145166e-01
7.306281692942833139e-01
7.301829060888086476e-01
7.297377414474579549e-01
7.292926755071998945e-01
7.288477084050022370e-01
7.284028402778329747e-01
7.279580712626606553e-01
7.275134014964528273e-01
7.270688311161781492e-01
7.266243602588045025e-01
7.261799890612997688e-01
7.257357176606323845e-01
7.252915461937701203e-01
7.248474747976815236e-01
7.244035036093342539e-01
7.239596327656968588e-01
7.235158624037372199e-01
7.230721926604232186e-01
7.226286236727234025e-01
7.221851555776053200e-01
7.217417885120377408e-01
7.212985226129883243e-01
7.208553580174251740e-01
7.204122948623166156e-01
7.199693332846305305e-01
7.195264734213353552e-01
7.190837154093987493e-01
7.186410593857892604e-01
7.181985054874747698e-01
7.177560538514232702e-01
7.173137046146030871e-01
7.168714579139821019e-01
7.164293138865288624e-01
7.159872726692109168e-01
7.155453343989965909e-01
7.151034992128542100e-01
7.146617672477515448e-01
7.142201386406570318e-01
7.137786135285382194e-01
7.133371920483639883e-01
7.128958743371019979e-01
7.124546605317202408e-01
7.120135507691871535e-01
7.115725451864702844e-01
7.111316439205385143e-01
7.106908471083596135e-01
7.102501548869013526e-01
7.098095673931322791e-01
7.093690847640202746e-01
7.089287071365335535e-01
7.084884346476401085e-01
7.080482674343082650e-01
7.076082056335059045e-01
7.071682493822011306e-01
7.067283988173622689e-01
7.062886540759570897e-01
7.058490152949540297e-01
7.054094826113211925e-01
7.049700561620263484e-01
7.045307360840378230e-01
7.040915225143236089e-01
7.036524155898521427e-01
7.032134154475910837e-01
7.027745222245089796e-01
7.023357360575736008e-01
7.018970570837531620e-01
7.014584854400157665e-01
7.010200212633294070e-01
7.005816646906624090e-01
7.001434158589826540e-01
6.997052749052585785e-01
6.992672419664580641e-01
6.988293171795489922e-01
6.983915006814999105e-01
6.979537926092784783e-01
6.975161930998533544e-01
6.970787022901923091e-01
6.966413203172632240e-01
6.962040473180346467e-01
6.957668834294742366e-01
6.953298287885506523e-01
6.948928835322314423e-01
6.944560477974852652e-01
6.940193217212798915e-01
6.935827054405832026e-01
6.931461990923638572e-01
6.927098028135894037e-01
6.922735167412285007e-01
6.918373410122488076e-01
6.914012757636185391e-01
6.909653211323060207e-01
6.905294772552789118e-01
6.900937442695058710e-01
6.896581223119545578e-01
6.892226115195935199e-01
6.887872120293904166e-01
6.883519239783134624e-01
6.879167475033309831e-01
6.874816827414107490e-01
6.870467298295213077e-01
6.866118889046304297e-01
6.861771601037061075e-01
6.857425435637168887e-01
6.853080394216304327e-01
6.848736478144151762e-01
6.844393688790388897e-01
6.840052027524702316e-01
6.835711495716767505e-01
6.831372094736267719e-01
6.827033825952885104e-01
6.822696690736297365e-01
6.818360690456188866e-01
6.814025826482240644e-01
6.809692100184130403e-01
6.805359512931543620e-01
6.801028066094156888e-01
6.796697761041655683e-01
6.792368599143717711e-01
6.788040581770026227e-01
6.783713710290261156e-01
6.779387986074102423e-01
6.775063410491234395e-01
6.770739984911333664e-01
6.766417710704085708e-01
6.762096589239170452e-01
6.757776621886264490e-01
6.753457810015055518e-01
6.749140154995219021e-01
6.744823658196441585e-01
6.740508320988398694e-01
6.736194144740776935e-01
6.731881130823254011e-01
6.727569280605508739e-01
6.723258595457227704e-01
6.718949076748086391e-01
6.714640725847771385e-01
6.710333544125960392e-01
6.706027532952333337e-01
6.701722693696575694e-01
6.697419027728362950e-01
6.693116536417380580e-01
6.688815221133307398e-01
6.684515083245825551e-01
6.680216124124616073e-01
6.675918345139358889e-01
6.671621747659737256e-01
6.667326333055428877e-01
6.663032102696118120e-01
6.658739057951484908e-01
6.654447200191208056e-01
6.650156530784973041e-01
6.645867051102456458e-01
6.641578762513342671e-01
6.637291666387309386e-01
6.633005764094043188e-01
6.628721057003221784e-01
6.624437546484521766e-01
6.620155233907633052e-01
6.615874120642228906e-01
6.611594208057995914e-01
6.607315497524614001e-01
6.603037990411759761e-01
6.598761688089119781e-01
6.594486591926371766e-01
6.590212703293200081e-01
6.585940023559280210e-01
6.581668554094299850e-01
6.577398296267936706e-01
6.573129251449870702e-01
6.568861421009786206e-01
6.564594806317358699e-01
6.560329408742275881e-01
6.556065229654216564e-01
6.551802270422858454e-01
6.547540532417887027e-01
6.543280017008978877e-01
6.539020725565820591e-01
6.534762659458088763e-01
6.530505820055467758e-01
6.526250208727636393e-01
6.521995826844273481e-01
6.517742675775066719e-01
6.513490756889689370e-01
6.509240071557830243e-01
6.504990621149164820e-01
6.500742407033375247e-01
6.496495430580144781e-01
6.492249693159151125e-01
6.488005196140078645e-01
6.483761940892605047e-01
6.479519928786415806e-01
6.475279161191188626e-01
6.471039639476604544e-01
6.466801365012345704e-01
6.462564339168090921e-01
6.458328563313526782e-01
6.454094038818329881e-01
6.449860767052180144e-01
6.445628749384763045e-01
6.441397987185755181e-01
6.437168481824842026e-01
6.432940234671700175e-01
6.428713247096015104e-01
6.424487520467465629e-01
6.420263056155729453e-01
6.416039855530494274e-01
6.411817919961434464e-01
6.407597250818237722e-01
6.403377849470579530e-01
6.399159717288146476e-01
6.394942855640615154e-01
6.390727265897665488e-01
6.386512949428984065e-01
6.382299907604245259e-01
6.378088141793136767e-01
6.373877653365336293e-01
6.369668443690523763e-01
6.365460514138383541e-01
6.361253866078592223e-01
6.357048500880835284e-01
6.352844419914790430e-01
6.348641624550142026e-01
6.344440116156568887e-01
6.340239896103750938e-01
6.336040965761372545e-01
6.331843326499111413e-01
6.327646979686653017e-01
6.323451926693673952e-01
6.319258168889856364e-01
6.315065707644883508e-01
6.310874544328431979e-01
6.306684680310188362e-01
6.302496116959828143e-01
6.298308855647037907e-01
6.294122897741496470e-01
6.289938244612882645e-01
6.285754897630881910e-01
6.281572858165168638e-01
6.277392127585431636e-01
6.273212707261348609e-01
6.269034598562597260e-01
6.264857802858864178e-01
6.260682321519825955e-01
6.256508155915166958e-01
6.252335307414566001e-01
6.248163777387707452e-01
6.243993567204269013e-01
6.239824678233931721e-01
6.235657111846378831e-01
6.231490869411288047e-01
6.227325952298345957e-01
6.223162361877229154e-01
6.219000099517618674e-01
6.214839166589197772e-01
6.210679564461644153e-01
6.206521294504644404e-01
6.202364358087874008e-01
6.198208756581018442e-01
6.194054491353757630e-01
6.189901563775768167e-01
6.185749975216737750e-01
6.181599727046341863e-01
6.177450820634264872e-01
6.173303257350187812e-01
6.169157038563789497e-01
6.165012165644754294e-01
6.160868639962759907e-01
6.156726462887489593e-01
6.152585635788623275e-01
6.148446160035843100e-01
6.144308036998830103e-01
6.140171268047261988e-01
6.136035854550826452e-01
6.131901797879196758e-01
6.127769099402060604e-01
6.123637760489096804e-01
6.119507782509983063e-01
6.115379166834404856e-01
6.111251914832040999e-01
6.107126027872573637e-01
6.103001507325682695e-01
6.098878354561052539e-01
6.094756570948359764e-01
6.090636157857286515e-01
6.086517116657517157e-01
6.082399448718727175e-01
6.078283155410603156e-01
6.074168238102823913e-01
6.070054698165067153e-01
6.065942536967020571e-01
6.061831755878358541e-01
6.057722356268767649e-01
6.053614339507925601e-01
6.049507706965515652e-01
6.045402460011217727e-01
6.041298600014710640e-01
6.037196128345680979e-01
6.033095046373803116e-01
6.028995355468763639e-01
6.024897057000242473e-01
6.020800152337916211e-01
6.016704642851471441e-01
6.012610529910584756e-01
6.008517814884942743e-01
6.004426499144220886e-01
6.000336584058105771e-01
5.996248070996273993e-01
5.992160961328405477e-01
5.988075256424187920e-01
5.983990957653294585e-01
5.979908066385412058e-01
5.975826583990220264e-01
5.971746511837396909e-01
5.967667851296628578e-01
5.963590603737590756e-01
5.959514770529968919e-01
5.955440353043440771e-01
5.951367352647690678e-01
5.947295770712398566e-01
5.943225608607243249e-01
5.939156867701907982e-01
5.935089549366072692e-01
5.931023654969419523e-01
5.926959185881630621e-01
5.922896143472382580e-01
5.918834529111361986e-01
5.914774344168245435e-01
5.910715590012717291e-01
5.906658268014455260e-01
5.902602379543143707e-01
5.898547925968463668e-01
5.894494908660091737e-01
5.890443328987714500e-01
5.886393188321007441e-01
5.882344488029658258e-01
5.878297229483343544e-01
