wavelength
9.563986388146896722e-01
9.560622231435926821e-01
9.557259068557664161e-01
9.553896899512106522e-01
9.550535724299253904e-01
9.547175542919108526e-01
9.543816355371668170e-01
9.540458161656935054e-01
9.537100961774906960e-01
9.533744755725583886e-01
9.530389543508968053e-01
9.527035325125057241e-01
9.523682100573852560e-01
9.520329869855354010e-01
9.516978632969561591e-01
9.513628389916475303e-01
9.510279140696094036e-01
9.506930885308418899e-01
9.503583623753449894e-01
9.500237356031187019e-01
9.496892082141630276e-01
9.493547802084778553e-01
9.490204515860632961e-01
9.486862223469193500e-01
9.483520924910460170e-01
9.480180620184431861e-01
9.476841309291110793e-01
9.473502992230494746e-01
9.470165669002584830e-01
9.466829339607381044e-01
9.463494004044882280e-01
9.460159662315090756e-01
9.456826314418004253e-01
9.453493960353623882e-01
9.450162600121948531e-01
9.446832233722980421e-01
9.443502861156717332e-01
9.440174482423160374e-01
9.436847097522309546e-01
9.433520706454164850e-01
9.430195309218726285e-01
9.426870905815992741e-01
9.423547496245965327e-01
9.420225080508644044e-01
9.416903658604028893e-01
9.413583230532118762e-01
9.410263796292915872e-01
9.406945355886418003e-01
9.403627909312626265e-01
9.400311456571539548e-01
9.396995997663160072e-01
9.393681532587485616e-01
9.390368061344517292e-01
9.387055583934255099e-01
9.383744100356699036e-01
9.380433610611849105e-01
9.377124114699704194e-01
9.373815612620265414e-01
9.370508104373532765e-01
9.367201589959506247e-01
9.363896069378184750e-01
9.360591542629570494e-01
9.357288009713661259e-01
9.353985470630458154e-01
9.350683925379960071e-01
9.347383373962169228e-01
9.344083816377083407e-01
9.340785252624703716e-01
9.337487682705030156e-01
9.334191106618062728e-01
9.330895524363800320e-01
9.327600935942245153e-01
9.324307341353395007e-01
9.321014740597250992e-01
9.317723133673811997e-01
9.314432520583080244e-01
9.311142901325053511e-01
9.307854275899732910e-01
9.304566644307118439e-01
9.301280006547210100e-01
9.297994362620006781e-01
9.294709712525509593e-01
9.291426056263719646e-01
9.288143393834633610e-01
9.284861725238254815e-01
9.281581050474582151e-01
9.278301369543614507e-01
9.275022682445352995e-01
9.271744989179797614e-01
9.268468289746947253e-01
9.265192584146804133e-01
9.261917872379366035e-01
9.258644154444634067e-01
9.255371430342608230e-01
9.252099700073288524e-01
9.248828963636673839e-01
9.245559221032766395e-01
9.242290472261563972e-01
9.239022717323066569e-01
9.235755956217276408e-01
9.232490188944192377e-01
9.229225415503813368e-01
9.225961635896140489e-01
9.222698850121173741e-01
9.219437058178912014e-01
9.216176260069357529e-01
9.212916455792508064e-01
9.209657645348364730e-01
9.206399828736927526e-01
9.203143005958196454e-01
9.199887177012170403e-01
9.196632341898850482e-01
9.193378500618236693e-01
9.190125653170329034e-01
9.186873799555127507e-01
9.183622939772631000e-01
9.180373073822841734e-01
9.177124201705757489e-01
9.173876323421378265e-01
9.170629438969706282e-01
9.167383548350740430e-01
9.164138651564479598e-01
9.160894748610924898e-01
9.157651839490076329e-01
9.154409924201932780e-01
9.151169002746496473e-01
9.147929075123765186e-01
9.144690141333740030e-01
9.141452201376421005e-01
9.138215255251807001e-01
9.134979302959900238e-01
9.131744344500698496e-01
9.128510379874202885e-01
9.125277409080413404e-01
9.122045432119328945e-01
9.118814448990951727e-01
9.115584459695279529e-01
9.112355464232313462e-01
9.109127462602053527e-01
9.105900454804498612e-01
9.102674440839650938e-01
9.099449420707508285e-01
9.096225394408071763e-01
9.093002361941341372e-01
9.089780323307316001e-01
9.086559278505997872e-01
9.083339227537384764e-01
9.080120170401477786e-01
9.076902107098276939e-01
9.073685037627781114e-01
9.070468961989992529e-01
9.067253880184908965e-01
9.064039792212531532e-01
9.060826698072860230e-01
9.057614597765893949e-01
9.054403491291634909e-01
9.051193378650080890e-01
9.047984259841233001e-01
9.044776134865091244e-01
9.041569003721654507e-01
9.038362866410925012e-01
9.035157722932900537e-01
9.031953573287582193e-01
9.028750417474968870e-01
9.025548255495062788e-01
9.022347087347861727e-01
9.019146913033367907e-01
9.015947732551579108e-01
9.012749545902495329e-01
9.009552353086118792e-01
9.006356154102447276e-01
9.003160948951483000e-01
8.999966737633222635e-01
8.996773520147669512e-01
8.993581296494822519e-01
8.990390066674680547e-01
8.987199830687244706e-01
8.984010588532514996e-01
8.980822340210491417e-01
8.977635085721173969e-01
8.974448825064561541e-01
8.971263558240655245e-01
8.968079285249455079e-01
8.964896006090961045e-01
8.961713720765172031e-01
8.958532429272090258e-01
8.955352131611713506e-01
8.952172827784042886e-01
8.948994517789077285e-01
8.945817201626818926e-01
8.942640879297265588e-01
8.939465550800418381e-01
8.936291216136277304e-01
8.933117875304842359e-01
8.929945528306113545e-01
8.926774175140089751e-01
8.923603815806772088e-01
8.920434450306160556e-01
8.917266078638255156e-01
8.914098700803054776e-01
8.910932316800561637e-01
8.907766926630773519e-01
8.904602530293691531e-01
8.901439127789314565e-01
8.898276719117644840e-01
8.895115304278680135e-01
8.891954883272421561e-01
8.888795456098869119e-01
8.885637022758022807e-01
8.882479583249881516e-01
8.879323137574447466e-01
8.876167685731718437e-01
8.873013227721695539e-01
8.869859763544377662e-01
8.866707293199767026e-01
8.863555816687861411e-01
8.860405334008661926e-01
8.857255845162168573e-01
8.854107350148381350e-01
8.850959848967299148e-01
8.847813341618924188e-01
8.844667828103254248e-01
8.841523308420290439e-01
8.838379782570031651e-01
8.835237250552480104e-01
8.832095712367633578e-01
8.828955168015493182e-01
8.825815617496058918e-01
8.822677060809330785e-01
8.819539497955307672e-01
8.816402928933991801e-01
8.813267353745380950e-01
8.810132772389476230e-01
8.806999184866276531e-01
8.803866591175784073e-01
8.800734991317996636e-01
8.797604385292915330e-01
8.794474773100540155e-01
8.791346154740871111e-01
8.788218530213907087e-01
8.785091899519649195e-01
8.781966262658097433e-01
8.778841619629251802e-01
8.775717970433112303e-01
8.772595315069677824e-01
8.769473653538950586e-01
8.766352985840928369e-01
8.763233311975612283e-01
8.760114631943001218e-01
8.756996945743097394e-01
8.753880253375898590e-01
8.750764554841405918e-01
8.747649850139619376e-01
8.744536139270537856e-01
8.741423422234163576e-01
8.738311699030494317e-01
8.735200969659531189e-01
8.732091234121274193e-01
8.728982492415723327e-01
8.725874744542877481e-01
8.722767990502737767e-01
8.719662230295304184e-01
8.716557463920576732e-01
8.713453691378555410e-01
8.710350912669239110e-01
8.707249127792630050e-01
8.704148336748726011e-01
8.701048539537528104e-01
8.697949736159035217e-01
8.694851926613249571e-01
8.691755110900168946e-01
8.688659289019794452e-01
8.685564460972126088e-01
8.682470626757162746e-01
8.679377786374906645e-01
8.676285939825355564e-01
8.673195087108510615e-01
8.670105228224371796e-01
8.667016363172937998e-01
8.663928491954211442e-01
8.660841614568189906e-01
8.657755731014874501e-01
8.654670841294265227e-01
8.651586945406360973e-01
8.648504043351163961e-01
8.645422135128671970e-01
8.642341220738886109e-01
8.639261300181806380e-01
8.636182373457432782e-01
8.633104440565764204e-01
8.630027501506801757e-01
8.626951556280545441e-01
8.623876604886995256e-01
8.620802647326150092e-01
8.617729683598012169e-01
8.614657713702579267e-01
8.611586737639852496e-01
8.608516755409831855e-01
8.605447767012516236e-01
8.602379772447907857e-01
8.599312771716004500e-01
8.596246764816807273e-01
8.593181751750316177e-01
8.590117732516530102e-01
8.587054707115451269e-01
8.583992675547077456e-01
8.580931637811409773e-01
8.577871593908448222e-01
8.574812543838191692e-01
8.571754487600642403e-01
8.568697425195798134e-01
8.565641356623659997e-01
8.562586281884227990e-01
8.559532200977501004e-01
8.556479113903480149e-01
8.553427020662165425e-01
8.550375921253556832e-01
8.547325815677654370e-01
8.544276703934458039e-01
8.541228586023966729e-01
8.538181461946181550e-01
8.535135331701102501e-01
8.532090195288729584e-01
8.529046052709062797e-01
8.526002903962101032e-01
8.522960749047845397e-01
8.519919587966295893e-01
8.516879420717452520e-01
8.513840247301314168e-01
8.510802067717883057e-01
8.507764881967156967e-01
8.504728690049137008e-01
8.501693491963822069e-01
8.498659287711214372e-01
8.495626077291311695e-01
8.492593860704116260e-01
8.489562637949625845e-01
8.486532409027840451e-01
8.483503173938762298e-01
8.480474932682389166e-01
8.477447685258722165e-01
8.474421431667761295e-01
8.471396171909506556e-01
8.468371905983956838e-01
8.465348633891114360e-01
8.462326355630976904e-01
8.459305071203545578e-01
8.456284780608820384e-01
8.453265483846800210e-01
8.450247180917486167e-01
8.447229871820878255e-01
8.444213556556976474e-01
8.441198235125780824e-01
8.438183907527291305e-01
8.435170573761506807e-01
8.432158233828428440e-01
8.429146887728056203e-01
8.426136535460390098e-01
8.423127177025429013e-01
8.420118812423174059e-01
8.417111441653626347e-01
8.414105064716783655e-01
8.411099681612645984e-01
8.408095292341215554e-01
8.405091896902490145e-01
8.402089495296470867e-01
8.399088087523157720e-01
8.396087673582550703e-01
8.393088253474648708e-01
8.390089827199453953e-01
8.387092394756964220e-01
8.384095956147179507e-01
8.381100511370102035e-01
8.378106060425730695e-01
8.375112603314064375e-01
8.372120140035104185e-01
8.369128670588850127e-01
8.366138194975301090e-01
8.363148713194459294e-01
8.360160225246322518e-01
8.357172731130891874e-01
8.354186230848167360e-01
8.351200724398148978e-01
8.348216211780835616e-01
8.345232692996229495e-01
8.342250168044328396e-01
8.339268636925133427e-01
8.336288099638643478e-01
8.333308556184860771e-01
8.330330006563783085e-01
8.327352450775411530e-01
8.324375888819746105e-01
8.321400320696786812e-01
8.318425746406532539e-01
8.315452165948984398e-01
8.312479579324143497e-01
8.309507986532006507e-01
8.306537387572576758e-01
8.303567782445852030e-01
8.300599171151834543e-01
8.297631553690522077e-01
8.294664930061914632e-01
8.291699300266014427e-01
8.288734664302819244e-01
8.285771022172331302e-01
8.282808373874548380e-01
8.279846719409471589e-01
8.276886058777099819e-01
8.273926391977435291e-01
8.270967719010475783e-01
8.268010039876222406e-01
8.265053354574675160e-01
8.262097663105834044e-01
8.259142965469697950e-01
8.256189261666267987e-01
8.253236551695544154e-01
8.250284835557526453e-01
8.247334113252214882e-01
8.244384384779608332e-01
8.241435650139707914e-01
8.238487909332513626e-01
8.235541162358025469e-01
8.232595409216243443e-01
8.229650649907166438e-01
8.226706884430796674e-01
8.223764112787130820e-01
8.220822334976172208e-01
8.217881550997919726e-01
8.214941760852372266e-01
8.212002964539530936e-01
8.209065162059396847e-01
8.206128353411966669e-01
8.203192538597243733e-01
8.200257717615226927e-01
8.197323890465915142e-01
8.194391057149308377e-01
8.191459217665408854e-01
8.188528372014215462e-01
8.185598520195727090e-01
8.182669662209944850e-01
8.179741798056869850e-01
8.176814927736498761e-01
8.173889051248834914e-01
8.170964168593877197e-01
8.168040279771624501e-01
8.165117384782076826e-01
8.162195483625236392e-01
8.159274576301102089e-01
8.156354662809672806e-01
8.153435743150949655e-01
8.150517817324933745e-01
8.147600885331621745e-01
8.144684947171016987e-01
8.141770002843117249e-01
8.138856052347923642e-01
8.135943095685436166e-01
8.133031132855654821e-01
8.130120163858579607e-01
8.127210188694209414e-01
8.124301207362545352e-01
8.121393219863587420e-01
8.118486226197335620e-01
8.115580226363789951e-01
8.112675220362949302e-01
8.109771208194814784e-01
8.106868189859386398e-01
8.103966165356664142e-01
8.101065134686646907e-01
8.098165097849336913e-01
8.095266054844731940e-01
8.092368005672833098e-01
8.089470950333639276e-01
8.086574888827152696e-01
8.083679821153371137e-01
8.080785747312296818e-01
8.077892667303927521e-01
8.075000581128263244e-01
8.072109488785306208e-01
8.069219390275054193e-01
8.066330285597508309e-01
8.063442174752668556e-01
8.060555057740534934e-01
8.057668934561106333e-01
8.054783805214384973e-01
8.051899669700368634e-01
8.049016528019058425e-01
8.046134380170453237e-01
8.043253226154555291e-01
8.040373065971362365e-01
8.037493899620876681e-01
8.034615727103096017e-01
8.031738548418020374e-01
8.028862363565651972e-01
8.025987172545988590e-01
8.023112975359031340e-01
8.020239772004780221e-01
8.017367562483235233e-01
8.014496346794395265e-01
8.011626124938262539e-01
8.008756896914834833e-01
8.005888662724113258e-01
8.003021422366096704e-01
8.000155175840787392e-01
7.997289923148183099e-01
7.994425664288284938e-01
7.991562399261092908e-01
7.988700128066607009e-01
7.985838850704827241e-01
7.982978567175752493e-01
7.980119277479383877e-01
7.977260981615721391e-01
7.974403679584765037e-01
7.971547371386513703e-01
7.968692057020968500e-01
7.965837736488130538e-01
7.962984409787996487e-01
7.960132076920569677e-01
7.957280737885847888e-01
7.954430392683833340e-01
7.951581041314523812e-01
7.948732683777919306e-01
7.945885320074022040e-01
7.943038950202830906e-01
7.940193574164344792e-01
7.937349191958564809e-01
7.934505803585490957e-01
7.931663409045123236e-01
7.928822008337460536e-01
7.925981601462503967e-01
7.923142188420254639e-01
7.920303769210710332e-01
7.917466343833871045e-01
7.914629912289739000e-01
7.911794474578311975e-01
7.908960030699591082e-01
7.906126580653576319e-01
7.903294124440267687e-01
7.900462662059664076e-01
7.897632193511766596e-01
7.894802718796576357e-01
7.891974237914090029e-01
7.889146750864310942e-01
7.886320257647236875e-01
7.883494758262870050e-01
7.880670252711208246e-01
7.877846740992251462e-01
7.875024223106001919e-01
7.872202699052457397e-01
7.869382168831620117e-01
7.866562632443487857e-01
7.863744089888061728e-01
7.860926541165340620e-01
7.858109986275326753e-01
7.855294425218017906e-01
7.852479857993415191e-01
7.849666284601518607e-01
7.846853705042328153e-01
7.844042119315842720e-01
7.841231527422063419e-01
7.838421929360990248e-01
7.835613325132623208e-01
7.832805714736961189e-01
7.829999098174006411e-01
7.827193475443756654e-01
7.824388846546213028e-01
7.821585211481375532e-01
7.818782570249244168e-01
7.815980922849817825e-01
7.813180269283097612e-01
7.810380609549083530e-01
7.807581943647776690e-01
7.804784271579173760e-01
7.801987593343276961e-01
7.799191908940086293e-01
7.796397218369601756e-01
7.793603521631824460e-01
7.790810818726751075e-01
7.788019109654383820e-01
7.785228394414722697e-01
7.782438673007768815e-01
7.779649945433519953e-01
7.776862211691976112e-01
7.774075471783138402e-01
7.771289725707006824e-01
7.768504973463582486e-01
7.765721215052863169e-01
7.762938450474848873e-01
7.760156679729540707e-01
7.757375902816938673e-01
7.754596119737042770e-01
7.751817330489854108e-01
7.749039535075369356e-01
7.746262733493590735e-01
7.743486925744518246e-01
7.740712111828151887e-01
7.737938291744492769e-01
7.735165465493537562e-01
7.732393633075289596e-01
7.729622794489745541e-01
7.726852949736908727e-01
7.724084098816778043e-01
7.721316241729353491e-01
7.718549378474633960e-01
7.715783509052620559e-01
7.713018633463313289e-01
7.710254751706712151e-01
7.707491863782817143e-01
7.704729969691627156e-01
7.701969069433143300e-01
7.699209163007365575e-01
7.696450250414293981e-01
7.693692331653927408e-01
7.690935406726268075e-01
7.688179475631313764e-01
7.685424538369065584e-01
7.682670594939523534e-01
7.679917645342686505e-01
7.677165689578556718e-01
7.674414727647131951e-01
7.671664759548413315e-01
7.668915785282399700e-01
7.666167804849093326e-01
7.663420818248491972e-01
7.660674825480597860e-01
7.657929826545408769e-01
7.655185821442924698e-01
7.652442810173147869e-01
7.649700792736076060e-01
7.646959769131710383e-01
7.644219739360050836e-01
7.641480703421097420e-01
7.638742661314850135e-01
7.636005613041307871e-01
7.633269558600471738e-01
7.630534497992341736e-01
7.627800431216917865e-01
7.625067358274199014e-01
7.622335279164187405e-01
7.619604193886880816e-01
7.616874102442279248e-01
7.614145004830384922e-01
7.611416901051196726e-01
7.608689791104713551e-01
7.605963674990936507e-01
7.603238552709865594e-01
7.600514424261500812e-01
7.597791289645841051e-01
7.595069148862888531e-01
7.592348001912641031e-01
7.589627848795099663e-01
7.586908689510263315e-01
7.584190524058134208e-01
7.581473352438710123e-01
7.578757174651992168e-01
7.576041990697980344e-01
7.573327800576674651e-01
7.570614604288075089e-01
7.567902401832180548e-01
7.565191193208992138e-01
7.562480978418508748e-01
7.559771757460732600e-01
7.557063530335662582e-01
7.554356297043297586e-01
7.551650057583638720e-01
7.548944811956685985e-01
7.546240560162439381e-01
7.543537302200897798e-01
7.540835038072063456e-01
7.538133767775934135e-01
7.535433491312510945e-01
7.532734208681792776e-01
7.530035919883781848e-01
7.527338624918475940e-01
7.524642323785876163e-01
7.521947016485982518e-01
7.519252703018795003e-01
7.516559383384312509e-01
7.513867057582537257e-01
7.511175725613465914e-01
7.508485387477101813e-01
7.505796043173443843e-01
7.503107692702490894e-01
7.500420336064245186e-01
7.497733973258704498e-01
7.495048604285869942e-01
7.492364229145740406e-01
7.489680847838318112e-01
7.486998460363600838e-01
7.484317066721589695e-01
7.481636666912284683e-01
7.478957260935685802e-01
7.476278848791791942e-01
7.473601430480604213e-01
7.470925006002122615e-01
7.468249575356347147e-01
7.465575138543277811e-01
7.462901695562913496e-01
7.460229246415255311e-01
7.457557791100304367e-01
7.454887329618058445e-01
7.452217861968517543e-01
7.449549388151683882e-01
7.446881908167555242e-01
7.444215422016132733e-01
7.441549929697415244e-01
7.438885431211404997e-01
7.436221926558100881e-01
7.433559415737501785e-01
7.430897898749608821e-01
7.428237375594421987e-01
7.425577846271940174e-01
7.422919310782165603e-01
7.420261769125096052e-01
7.417605221300732632e-01
7.414949667309075343e-01
7.412295107150124185e-01
7.409641540823878048e-01
7.406988968330338041e-01
7.404337389669504166e-01
7.401686804841376421e-01
7.399037213845953698e-01
7.396388616683238215e-01
7.393741013353227753e-01
7.391094403855923423e-01
7.388448788191325223e-01
7.385804166359433154e-01
7.383160538360246106e-01
7.380517904193765188e-01
7.377876263859990402e-01
7.375235617358921747e-01
7.372595964690559223e-01
7.369957305854901719e-01
7.367319640851950346e-01
7.364682969681705105e-01
7.362047292344165994e-01
7.359412608839333014e-01
7.356778919167205055e-01
7.354146223327783227e-01
7.351514521321067530e-01
7.348883813147057964e-01
7.346254098805754529e-01
7.343625378297156114e-01
7.340997651621263831e-01
7.338370918778077678e-01
7.335745179767597657e-01
7.333120434589822656e-01
7.330496683244754896e-01
7.327873925732392157e-01
7.325252162052735549e-01
7.322631392205785072e-01
7.320011616191539616e-01
7.317392834010001401e-01
7.314775045661168207e-01
7.312158251145041143e-01
7.309542450461620211e-01
7.306927643610905410e-01
7.304313830592894519e-01
7.301701011407591979e-01
7.299089186054994460e-01
7.296478354535103072e-01
7.293868516847916705e-01
7.291259672993436469e-01
7.288651822971663474e-01
7.286044966782594390e-01
7.283439104426232547e-01
7.280834235902576834e-01
7.278230361211626143e-01
7.275627480353381582e-01
7.273025593327843152e-01
7.270424700135010854e-01
7.267824800774884686e-01
7.265225895247463539e-01
7.262627983552748523e-01
7.260031065690739638e-01
7.257435141661436884e-01
7.254840211464839150e-01
7.252246275100948658e-01
7.249653332569763187e-01
7.247061383871283846e-01
7.244470429005509526e-01
7.241880467972442448e-01
7.239291500772080390e-01
7.236703527404424463e-01
7.234116547869474667e-01
7.231530562167231002e-01
7.228945570297693468e-01
7.226361572260860955e-01
7.223778568056734573e-01
7.221196557685314321e-01
7.218615541146600201e-01
7.216035518440591101e-01
7.213456489567289243e-01
7.210878454526692405e-01
7.208301413318800588e-01
7.205725365943616012e-01
7.203150312401137567e-01
7.200576252691364143e-01
7.198003186814296850e-01
7.195431114769935688e-01
7.192860036558280656e-01
