wavelength
2.829014110067537668e+00
2.828004108754115453e+00
2.826994143722133757e+00
2.825984214971592579e+00
2.824974322502491919e+00
2.823964466314831334e+00
2.822954646408611268e+00
2.821944862783831720e+00
2.820935115440492691e+00
2.819925404378594180e+00
2.818915729598136188e+00
2.817906091099118271e+00
2.816896488881540872e+00
2.815886922945403992e+00
2.814877393290707630e+00
2.813867899917451787e+00
2.812858442825636018e+00
2.811849022015260768e+00
2.810839637486326481e+00
2.809830289238831824e+00
2.808820977272778130e+00
2.807811701588164954e+00
2.806802462184991853e+00
2.805793259063259271e+00
2.804784092222967207e+00
2.803774961664115661e+00
2.802765867386704635e+00
2.801756809390733682e+00
2.800747787676203693e+00
2.799738802243113778e+00
2.798729853091464381e+00
2.797720940221255059e+00
2.796712063632486700e+00
2.795703223325158415e+00
2.794694419299271093e+00
2.793685651554823846e+00
2.792676920091817117e+00
2.791668224910250462e+00
2.790659566010124770e+00
2.789650943391439153e+00
2.788642357054194054e+00
2.787633806998389474e+00
2.786625293224025413e+00
2.785616815731101426e+00
2.784608374519618401e+00
2.783599969589575451e+00
2.782591600940973020e+00
2.781583268573811107e+00
2.780574972488089713e+00
2.779566712683808394e+00
2.778558489160967593e+00
2.777550301919567755e+00
2.776542150959607991e+00
2.775534036281088301e+00
2.774525957884009575e+00
2.773517915768370923e+00
2.772509909934173233e+00
2.771501940381415618e+00
2.770494007110098522e+00
2.769486110120221500e+00
2.768478249411785441e+00
2.767470424984789457e+00
2.766462636839233991e+00
2.765454884975119043e+00
2.764447169392444614e+00
2.763439490091210704e+00
2.762431847071416868e+00
2.761424240333063551e+00
2.760416669876150753e+00
2.759409135700678473e+00
2.758401637806646711e+00
2.757394176194055024e+00
2.756386750862904300e+00
2.755379361813193650e+00
2.754372009044923519e+00
2.753364692558093907e+00
2.752357412352704369e+00
2.751350168428755794e+00
2.750342960786247293e+00
2.749335789425179311e+00
2.748328654345551847e+00
2.747321555547364902e+00
2.746314493030618031e+00
2.745307466795312124e+00
2.744300476841446290e+00
2.743293523169020975e+00
2.742286605778036179e+00
2.741279724668491458e+00
2.740272879840387699e+00
2.739266071293724014e+00
2.738259299028500848e+00
2.737252563044718201e+00
2.736245863342376072e+00
2.735239199921474018e+00
2.734232572782012927e+00
2.733225981923991910e+00
2.732219427347411411e+00
2.731212909052271431e+00
2.730206427038571526e+00
2.729199981306312583e+00
2.728193571855493715e+00
2.727187198686115366e+00
2.726180861798177535e+00
2.725174561191680223e+00
2.724168296866622985e+00
2.723162068823006710e+00
2.722155877060830509e+00
2.721149721580094827e+00
2.720143602380799663e+00
2.719137519462944574e+00
2.718131472826530448e+00
2.717125462471556396e+00
2.716119488398022863e+00
2.715113550605929849e+00
2.714107649095277353e+00
2.713101783866065375e+00
2.712095954918293472e+00
2.711090162251962088e+00
2.710084405867071222e+00
2.709078685763620875e+00
2.708073001941611047e+00
2.707067354401041293e+00
2.706061743141912501e+00
2.705056168164223784e+00
2.704050629467975586e+00
2.703045127053167462e+00
2.702039660919800301e+00
2.701034231067873215e+00
2.700028837497387091e+00
2.699023480208341041e+00
2.698018159200735511e+00
2.697012874474570054e+00
2.696007626029845561e+00
2.695002413866561142e+00
2.693997237984717241e+00
2.692992098384313859e+00
2.691986995065350996e+00
2.690981928027828651e+00
2.689976897271746381e+00
2.688971902797104629e+00
2.687966944603903396e+00
2.686962022692142682e+00
2.685957137061822486e+00
2.684952287712942365e+00
2.683947474645503206e+00
2.682942697859504122e+00
2.681937957354945556e+00
2.680933253131827509e+00
2.679928585190149537e+00
2.678923953529912527e+00
2.677919358151115592e+00
2.676914799053759175e+00
2.675910276237843277e+00
2.674905789703367454e+00
2.673901339450332593e+00
2.672896925478737806e+00
2.671892547788583983e+00
2.670888206379870233e+00
2.669883901252596559e+00
2.668879632406763847e+00
2.667875399842371209e+00
2.666871203559419534e+00
2.665867043557907934e+00
2.664862919837836852e+00
2.663858832399205845e+00
2.662854781242015800e+00
2.661850766366265830e+00
2.660846787771956379e+00
2.659842845459087446e+00
2.658838939427659032e+00
2.657835069677671136e+00
2.656831236209123315e+00
2.655827439022016456e+00
2.654823678116349672e+00
2.653819953492123407e+00
2.652816265149337216e+00
2.651812613087991988e+00
2.650808997308086834e+00
2.649805417809622199e+00
2.648801874592598082e+00
2.647798367657014484e+00
2.646794897002871405e+00
2.645791462630168400e+00
2.644788064538906358e+00
2.643784702729084390e+00
2.642781377200702941e+00
2.641778087953761567e+00
2.640774834988261155e+00
2.639771618304200818e+00
2.638768437901581443e+00
2.637765293780402143e+00
2.636762185940662917e+00
2.635759114382364654e+00
2.634756079105506910e+00
2.633753080110089240e+00
2.632750117396112088e+00
2.631747190963575456e+00
2.630744300812479342e+00
2.629741446942823302e+00
2.628738629354608225e+00
2.627735848047833223e+00
2.626733103022498739e+00
2.625730394278604773e+00
2.624727721816150883e+00
2.623725085635137955e+00
2.622722485735565101e+00
2.621719922117432766e+00
2.620717394780740950e+00
2.619714903725489652e+00
2.618712448951678873e+00
2.617710030459308168e+00
2.616707648248377982e+00
2.615705302318888315e+00
2.614702992670839166e+00
2.613700719304230535e+00
2.612698482219061979e+00
2.611696281415334386e+00
2.610694116893046868e+00
2.609691988652199868e+00
2.608689896692792942e+00
2.607687841014826979e+00
2.606685821618301091e+00
2.605683838503216165e+00
2.604681891669571314e+00
2.603679981117366982e+00
2.602678106846602724e+00
2.601676268857279428e+00
2.600674467149396207e+00
2.599672701722953505e+00
2.598670972577951321e+00
2.597669279714389656e+00
2.596667623132268510e+00
2.595666002831587438e+00
2.594664418812346884e+00
2.593662871074546850e+00
2.592661359618187333e+00
2.591659884443268336e+00
2.590658445549789857e+00
2.589657042937751452e+00
2.588655676607153566e+00
2.587654346557996199e+00
2.586653052790279350e+00
2.585651795304002576e+00
2.584650574099166764e+00
2.583649389175771027e+00
2.582648240533815809e+00
2.581647128173301109e+00
2.580646052094226928e+00
2.579645012296592821e+00
2.578644008780399677e+00
2.577643041545646607e+00
2.576642110592334056e+00
2.575641215920462024e+00
2.574640357530030066e+00
2.573639535421039071e+00
2.572638749593488150e+00
2.571638000047377748e+00
2.570637286782707864e+00
2.569636609799478499e+00
2.568635969097689209e+00
2.567635364677340881e+00
2.566634796538432628e+00
2.565634264680964893e+00
2.564633769104937677e+00
2.563633309810350536e+00
2.562632886797204357e+00
2.561632500065498252e+00
2.560632149615232667e+00
2.559631835446407599e+00
2.558631557559023051e+00
2.557631315953078577e+00
2.556631110628575065e+00
2.555630941585511628e+00
2.554630808823888710e+00
2.553630712343706310e+00
2.552630652144964429e+00
2.551630628227662623e+00
2.550630640591801335e+00
2.549630689237380565e+00
2.548630774164400314e+00
2.547630895372860582e+00
2.546631052862761369e+00
2.545631246634102229e+00
2.544631476686883609e+00
2.543631743021105507e+00
2.542632045636767923e+00
2.541632384533870859e+00
2.540632759712413868e+00
2.539633171172397841e+00
2.538633618913821888e+00
2.537634102936686453e+00
2.536634623240991537e+00
2.535635179826736696e+00
2.534635772693922817e+00
2.533636401842549013e+00
2.532637067272615727e+00
2.531637768984122960e+00
2.530638506977070268e+00
2.529639281251458538e+00
2.528640091807286883e+00
2.527640938644555746e+00
2.526641821763265128e+00
2.525642741163415028e+00
2.524643696845005003e+00
2.523644688808035941e+00
2.522645717052506953e+00
2.521646781578418484e+00
2.520647882385770533e+00
2.519649019474563101e+00
2.518650192844795743e+00
2.517651402496469348e+00
2.516652648429583028e+00
2.515653930644137226e+00
2.514655249140131943e+00
2.513656603917566734e+00
2.512657994976442488e+00
2.511659422316758317e+00
2.510660885938514664e+00
2.509662385841711529e+00
2.508663922026348914e+00
2.507665494492426372e+00
2.506667103239944350e+00
2.505668748268902846e+00
2.504670429579301860e+00
2.503672147171141393e+00
2.502673901044421445e+00
2.501675691199142015e+00
2.500677517635302660e+00
2.499679380352903824e+00
2.498681279351945506e+00
2.497683214632427262e+00
2.496685186194349981e+00
2.495687194037712775e+00
2.494689238162516087e+00
2.493691318568759918e+00
2.492693435256444268e+00
2.491695588225569136e+00
2.490697777476134078e+00
2.489700003008139984e+00
2.488702264821585963e+00
2.487704562916472462e+00
2.486706897292799034e+00
2.485709267950566570e+00
2.484711674889774180e+00
2.483714118110422309e+00
2.482716597612510956e+00
2.481719113396040122e+00
2.480721665461009806e+00
2.479724253807419565e+00
2.478726878435270287e+00
2.477729539344561083e+00
2.476732236535292397e+00
2.475734970007463787e+00
2.474737739761076138e+00
2.473740545796128565e+00
2.472743388112621510e+00
2.471746266710555417e+00
2.470749181589928956e+00
2.469752132750743456e+00
2.468755120192998032e+00
2.467758143916693570e+00
2.466761203921829182e+00
2.465764300208405313e+00
2.464767432776421963e+00
2.463770601625878687e+00
2.462773806756776374e+00
2.461777048169114135e+00
2.460780325862892415e+00
2.459783639838111213e+00
2.458786990094770086e+00
2.457790376632869922e+00
2.456793799452409832e+00
2.455797258553390261e+00
2.454800753935811208e+00
2.453804285599672674e+00
2.452807853544974215e+00
2.451811457771716718e+00
2.450815098279899296e+00
2.449818775069522392e+00
2.448822488140586007e+00
2.447826237493090140e+00
2.446830023127034348e+00
2.445833845042419519e+00
2.444837703239244764e+00
2.443841597717510528e+00
2.442845528477216810e+00
2.441849495518363167e+00
2.440853498840950042e+00
2.439857538444977880e+00
2.438861614330445793e+00
2.437865726497354224e+00
2.436869874945702730e+00
2.435874059675492198e+00
2.434878280686721741e+00
2.433882537979391802e+00
2.432886831553502383e+00
2.431891161409053481e+00
2.430895527546045098e+00
2.429899929964476790e+00
2.428904368664349001e+00
2.427908843645661729e+00
2.426913354908414977e+00
2.425917902452608743e+00
2.424922486278242584e+00
2.423927106385317387e+00
2.422931762773832265e+00
2.421936455443787661e+00
2.420941184395183576e+00
2.419945949628019566e+00
2.418950751142296518e+00
2.417955588938013545e+00
2.416960463015171090e+00
2.415965373373769154e+00
2.414970320013807736e+00
2.413975302935286393e+00
2.412980322138206013e+00
2.411985377622565707e+00
2.410990469388365920e+00
2.409995597435606207e+00
2.409000761764287457e+00
2.408005962374409226e+00
2.407011199265971069e+00
2.406016472438973430e+00
2.405021781893416311e+00
2.404027127629299709e+00
2.403032509646623183e+00
2.402037927945387619e+00
2.401043382525592129e+00
2.400048873387237158e+00
2.399054400530322262e+00
2.398059963954848328e+00
2.397065563660814913e+00
2.396071199648221572e+00
2.395076871917068750e+00
2.394082580467356447e+00
2.393088325299084662e+00
2.392094106412252952e+00
2.391099923806862204e+00
2.390105777482911531e+00
2.389111667440401376e+00
2.388117593679331740e+00
2.387123556199702179e+00
2.386129555001513580e+00
2.385135590084765056e+00
2.384141661449457050e+00
2.383147769095589563e+00
2.382153913023162595e+00
2.381160093232176145e+00
2.380166309722629769e+00
2.379172562494523913e+00
2.378178851547858574e+00
2.377185176882633755e+00
2.376191538498849454e+00
2.375197936396505227e+00
2.374204370575601963e+00
2.373210841036138774e+00
2.372217347778116103e+00
2.371223890801533507e+00
2.370230470106391873e+00
2.369237085692690314e+00
2.368243737560429274e+00
2.367250425709609196e+00
2.366257150140228749e+00
2.365263910852289264e+00
2.364270707845790298e+00
2.363277541120731406e+00
2.362284410677113033e+00
2.361291316514935179e+00
2.360298258634197843e+00
2.359305237034900582e+00
2.358312251717044283e+00
2.357319302680628059e+00
2.356326389925652354e+00
2.355333513452117167e+00
2.354340673260022498e+00
2.353347869349367905e+00
2.352355101720153829e+00
2.351362370372380717e+00
2.350369675306047235e+00
2.349377016521154715e+00
2.348384394017702714e+00
2.347391807795690788e+00
2.346399257855119824e+00
2.345406744195988935e+00
2.344414266818298564e+00
2.343421825722048268e+00
2.342429420907238935e+00
2.341437052373869676e+00
2.340444720121940936e+00
2.339452424151452714e+00
2.338460164462405011e+00
2.337467941054797826e+00
2.336475753928630716e+00
2.335483603083904125e+00
2.334491488520618496e+00
2.333499410238772498e+00
2.332507368238367462e+00
2.331515362519402945e+00
2.330523393081878503e+00
2.329531459925794579e+00
2.328539563051151173e+00
2.327547702457948287e+00
2.326555878146185918e+00
2.325564090115863625e+00
2.324572338366981850e+00
2.323580622899540593e+00
2.322588943713539855e+00
2.321597300808979636e+00
2.320605694185859491e+00
2.319614123844180309e+00
2.318622589783941201e+00
2.317631092005142612e+00
2.316639630507784542e+00
2.315648205291866990e+00
2.314656816357389513e+00
2.313665463704352554e+00
2.312674147332756114e+00
2.311682867242600192e+00
2.310691623433884789e+00
2.309700415906609905e+00
2.308709244660775095e+00
2.307718109696380804e+00
2.306727011013427031e+00
2.305735948611913777e+00
2.304744922491841042e+00
2.303753932653208381e+00
2.302762979096016238e+00
2.301772061820265058e+00
2.300781180825953953e+00
2.299790336113082923e+00
2.298799527681652854e+00
2.297808755531662861e+00
2.296818019663113386e+00
2.295827320076004874e+00
2.294836656770335992e+00
2.293846029746108073e+00
2.292855439003320228e+00
2.291864884541973346e+00
2.290874366362066539e+00
2.289883884463600250e+00
2.288893438846574480e+00
2.287903029510988784e+00
2.286912656456844051e+00
2.285922319684139392e+00
2.284932019192875252e+00
2.283941754983051631e+00
2.282951527054668084e+00
2.281961335407725500e+00
2.280971180042222990e+00
2.279981060958160999e+00
2.278990978155539526e+00
2.278000931634358572e+00
2.277010921394618137e+00
2.276020947436317776e+00
2.275031009759457934e+00
2.274041108364039054e+00
2.273051243250059805e+00
2.272061414417521519e+00
2.271071621866423307e+00
2.270081865596766058e+00
2.269092145608548883e+00
2.268102461901772227e+00
2.267112814476435645e+00
2.266123203332540026e+00
2.265133628470084926e+00
2.264144089889069900e+00
2.263154587589495392e+00
2.262165121571361404e+00
2.261175691834667489e+00
2.260186298379414538e+00
2.259196941205601661e+00
2.258207620313229747e+00
2.257218335702297907e+00
2.256229087372806141e+00
2.255239875324755339e+00
2.254250699558144611e+00
2.253261560072974845e+00
2.252272456869245154e+00
2.251283389946955538e+00
2.250294359306106884e+00
2.249305364946698749e+00
2.248316406868730688e+00
2.247327485072203146e+00
2.246338599557116567e+00
2.245349750323469618e+00
2.244360937371263631e+00
2.243372160700498164e+00
2.242383420311172770e+00
2.241394716203287896e+00
2.240406048376843540e+00
2.239417416831839258e+00
2.238428821568275939e+00
2.237440262586152695e+00
2.236451739885469969e+00
2.235463253466227762e+00
2.234474803328426074e+00
2.233486389472064904e+00
2.232498011897143808e+00
2.231509670603663675e+00
2.230521365591623617e+00
2.229533096861024077e+00
2.228544864411865056e+00
2.227556668244146110e+00
2.226568508357868126e+00
2.225580384753029772e+00
2.224592297429632382e+00
2.223604246387675509e+00
2.222616231627159156e+00
2.221628253148082877e+00
2.220640310950447560e+00
2.219652405034252318e+00
2.218664535399497595e+00
2.217676702046182946e+00
2.216688904974309260e+00
2.215701144183875648e+00
2.214713419674882999e+00
2.213725731447330425e+00
2.212738079501218369e+00
2.211750463836546388e+00
2.210762884453314925e+00
2.209775341351524425e+00
2.208787834531173999e+00
2.207800363992264092e+00
2.206812929734794704e+00
2.205825531758765834e+00
2.204838170064177039e+00
2.203850844651028762e+00
2.202863555519321004e+00
2.201876302669053764e+00
2.200889086100227043e+00
2.199901905812840397e+00
2.198914761806894269e+00
2.197927654082389104e+00
2.196940582639324013e+00
2.195953547477698997e+00
2.194966548597514944e+00
2.193979585998770965e+00
2.192992659681467948e+00
2.192005769645605007e+00
2.191018915891182139e+00
2.190032098418200235e+00
2.189045317226658849e+00
2.188058572316557537e+00
2.187071863687896744e+00
2.186085191340676470e+00
2.185098555274896714e+00
2.184111955490557477e+00
2.183125391987658315e+00
2.182138864766199671e+00
2.181152373826181545e+00
2.180165919167603938e+00
2.179179500790466850e+00
2.178193118694769836e+00
2.177206772880513785e+00
2.176220463347697809e+00
2.175234190096322351e+00
2.174247953126387412e+00
2.173261752437892547e+00
2.172275588030838644e+00
2.171289459905224817e+00
2.170303368061051508e+00
2.169317312498318717e+00
2.168331293217026001e+00
2.167345310217174248e+00
2.166359363498762569e+00
2.165373453061791409e+00
2.164387578906261211e+00
2.163401741032171088e+00
2.162415939439521040e+00
2.161430174128311954e+00
2.160444445098542943e+00
2.159458752350214450e+00
2.158473095883326476e+00
2.157487475697879020e+00
2.156501891793871639e+00
2.155516344171305221e+00
2.154530832830178877e+00
2.153545357770492608e+00
2.152559918992247301e+00
2.151574516495442513e+00
2.150589150280078243e+00
2.149603820346154048e+00
2.148618526693670372e+00
2.147633269322627214e+00
2.146648048233024575e+00
2.145662863424862010e+00
2.144677714898140408e+00
2.143692602652858881e+00
2.142707526689017872e+00
2.141722487006617381e+00
2.140737483605657410e+00
2.139752516486137068e+00
2.138767585648058134e+00
2.137782691091419274e+00
2.136797832816220932e+00
2.135813010822463109e+00
2.134828225110145361e+00
2.133843475679268575e+00
2.132858762529831864e+00
2.131874085661835672e+00
2.130889445075279998e+00
2.129904840770164398e+00
2.128920272746489761e+00
2.127935741004255199e+00
2.126951245543461155e+00
2.125966786364108074e+00
2.124982363466194624e+00
2.123997976849722136e+00
2.123013626514689722e+00
2.122029312461097827e+00
2.121045034688946451e+00
2.120060793198235594e+00
2.119076587988965255e+00
2.118092419061134990e+00
2.117108286414745688e+00
2.116124190049796461e+00
2.115140129966287752e+00
2.114156106164219562e+00
2.113172118643591446e+00
2.112188167404404293e+00
2.111204252446657215e+00
2.110220373770350655e+00
2.109236531375484169e+00
2.108252725262058647e+00
2.107268955430073643e+00
2.106285221879528713e+00
2.105301524610424302e+00
2.104317863622760409e+00
2.103334238916537036e+00
2.102350650491754180e+00
2.101367098348411400e+00
2.100383582486509582e+00
2.099400102906047394e+00
2.098416659607026169e+00
2.097433252589445463e+00
2.096449881853304831e+00
2.095466547398605162e+00
2.094483249225345567e+00
2.093499987333526491e+00
2.092516761723147933e+00
2.091533572394209450e+00
2.090550419346711930e+00
2.089567302580654484e+00
2.088584222096037557e+00
2.087601177892861148e+00
2.086618169971125258e+00
2.085635198330829887e+00
2.084652262971974590e+00
2.083669363894559812e+00
2.082686501098585552e+00
2.081703674584051811e+00
2.080720884350958144e+00
2.079738130399305440e+00
2.078755412729092811e+00
2.077772731340320700e+00
2.076790086232989108e+00
2.075807477407098034e+00
2.074824904862647035e+00
2.073842368599636998e+00
2.072859868618067036e+00
2.071877404917937593e+00
2.070894977499248668e+00
2.069912586362000262e+00
2.068930231506191930e+00
2.067947912931824117e+00
2.066965630638896823e+00
2.065983384627410047e+00
2.065001174897363789e+00
2.064019001448757606e+00
2.063036864281592386e+00
2.062054763395867241e+00
2.061072698791582614e+00
2.060090670468738505e+00
2.059108678427334915e+00
2.058126722667371400e+00
2.057144803188848403e+00
2.056162919991765925e+00
2.055181073076123965e+00
2.054199262441922524e+00
2.053217488089161158e+00
2.052235750017840754e+00
2.051254048227960425e+00
2.050272382719520614e+00
2.049290753492521322e+00
2.048309160546962104e+00
2.047327603882843849e+00
2.046346083500165669e+00
2.045364599398928007e+00
2.044383151579131308e+00
2.043401740040774239e+00
2.042420364783858133e+00
2.041439025808382546e+00
2.040457723114347033e+00
2.039476456701751594e+00
2.038495226570597119e+00
2.037514032720883161e+00
2.036532875152609279e+00
2.035551753865776359e+00
2.034570668860383513e+00
2.033589620136431186e+00
2.032608607693919378e+00
2.031627631532847644e+00
2.030646691653216873e+00
2.029665788055026177e+00
2.028684920738275999e+00
2.027704089702966339e+00
2.026723294949097198e+00
2.025742536476668132e+00
2.024761814285679584e+00
2.023781128376131555e+00
2.022800478748024045e+00
2.021819865401357053e+00
2.020839288336130579e+00
2.019858747552344180e+00
2.018878243049998744e+00
2.017897774829092938e+00
2.016917342889628095e+00
2.015936947231603771e+00
2.014956587855019965e+00
2.013976264759876234e+00
2.012995977946173021e+00
2.012015727413910327e+00
2.011035513163088151e+00
2.010055335193706050e+00
2.009075193505764911e+00
2.008095088099263847e+00
2.007115018974203302e+00
2.006134986130583275e+00
2.005154989568403767e+00
2.004175029287664778e+00
2.003195105288365863e+00
2.002215217570507466e+00
2.001235366134089588e+00
2.000255550979112229e+00
1.999275772105575166e+00
1.998296029513478622e+00
1.997316323202822375e+00
1.996336653173606646e+00
1.995357019425831435e+00
1.994377421959496743e+00
1.993397860774602126e+00
1.992418335871148471e+00
1.991438847249134891e+00
1.990459394908561830e+00
1.989479978849429287e+00
1.988500599071737041e+00
1.987521255575485313e+00
1.986541948360673882e+00
1.985562677427302969e+00
1.984583442775372575e+00
1.983604244404882699e+00
1.982625082315832898e+00
1.981645956508224060e+00
1.980666866982055296e+00
1.979687813737327051e+00
1.978708796774039325e+00
1.977729816092191895e+00
1.976750871691784983e+00
1.975771963572818368e+00
1.974793091735292494e+00
1.973814256179206694e+00
1.972835456904561635e+00
1.971856693911357095e+00
1.970877967199592629e+00
1.969899276769268903e+00
1.968920622620385474e+00
1.967942004752942342e+00
1.966963423166939728e+00
1.965984877862377633e+00
1.965006368839256057e+00
1.964027896097574777e+00
1.963049459637334015e+00
1.962071059458533551e+00
1.961092695561173826e+00
1.960114367945254177e+00
1.959136076610775268e+00
1.958157821557736877e+00
1.957179602786138561e+00
1.956201420295980764e+00
1.955223274087263707e+00
1.954245164159986725e+00
1.953267090514150262e+00
1.952289053149754317e+00
1.951311052066798890e+00
1.950333087265283538e+00
1.949355158745209149e+00
1.948377266506574834e+00
1.947399410549381038e+00
1.946421590873627760e+00
1.945443807479315002e+00
1.944466060366442317e+00
1.943488349535010373e+00
1.942510674985018948e+00
1.941533036716467819e+00
1.940555434729356987e+00
1.939577869023686674e+00
1.938600339599456657e+00
1.937622846456667380e+00
1.936645389595318401e+00
1.935667969015409939e+00
1.934690584716941775e+00
1.933713236699914351e+00
1.932735924964327001e+00
1.931758649510180170e+00
1.930781410337473858e+00
1.929804207446208064e+00
1.928827040836382789e+00
1.927849910507997588e+00
1.926872816461053128e+00
1.925895758695548965e+00
1.924918737211485098e+00
1.923941752008861972e+00
1.922964803087679142e+00
1.921987890447936831e+00
1.921011014089634816e+00
1.920034174012773320e+00
1.919057370217352343e+00
1.918080602703371662e+00
1.917103871470831500e+00
1.916127176519731634e+00
1.915150517850072509e+00
1.914173895461853458e+00
1.913197309355075149e+00
1.912220759529737357e+00
1.911244245985839418e+00
1.910267768723382442e+00
1.909291327742365763e+00
1.908314923042789601e+00
1.907338554624653515e+00
1.906362222487958391e+00
1.905385926632703342e+00
1.904409667058888811e+00
1.903433443766514799e+00
1.902457256755581305e+00
1.901481106026088108e+00
1.900504991578035430e+00
1.899528913411423048e+00
1.898552871526251185e+00
1.897576865922519840e+00
1.896600896600228570e+00
1.895624963559378262e+00
1.894649066799968029e+00
1.893673206321998315e+00
1.892697382125469119e+00
1.891721594210380442e+00
1.890745842576732283e+00
1.889770127224524199e+00
1.888794448153756633e+00
1.887818805364429586e+00
1.886843198856543058e+00
1.885867628630097048e+00
1.884892094685091335e+00
1.883916597021526140e+00
1.882941135639401020e+00
1.881965710538716641e+00
1.880990321719472558e+00
1.880014969181669215e+00
1.879039652925305948e+00
1.878064372950383421e+00
1.877089129256901190e+00
1.876113921844859478e+00
1.875138750714258062e+00
1.874163615865097388e+00
1.873188517297376787e+00
1.872213455011096706e+00
1.871238429006257142e+00
1.870263439282858098e+00
1.869288485840899350e+00
1.868313568680380898e+00
1.867338687801303188e+00
1.866363843203665773e+00
1.865389034887468878e+00
1.864414262852712278e+00
1.863439527099396198e+00
1.862464827627520636e+00
1.861490164437085593e+00
1.860515537528090624e+00
1.859540946900536396e+00
1.858566392554422464e+00
1.857591874489749051e+00
1.856617392706516156e+00
1.855642947204723558e+00
1.854668537984371035e+00
1.853694165045459474e+00
1.852719828387988210e+00
1.851745528011957465e+00
1.850771263917367015e+00
1.849797036104217085e+00
1.848822844572507673e+00
1.847848689322238780e+00
1.846874570353409961e+00
1.845900487666021883e+00
1.844926441260074101e+00
1.843952431135566838e+00
1.842978457292499872e+00
1.842004519730873646e+00
1.841030618450687495e+00
1.840056753451941862e+00
1.839082924734636748e+00
1.838109132298772153e+00
1.837135376144347632e+00
1.836161656271364073e+00
1.835187972679820589e+00
1.834214325369717624e+00
1.833240714341055178e+00
1.832267139593833249e+00
1.831293601128051618e+00
1.830320098943710505e+00
1.829346633040809689e+00
1.828373203419349391e+00
1.827399810079329612e+00
1.826426453020749907e+00
1.825453132243610943e+00
1.824479847747912498e+00
1.823506599533654349e+00
1.822533387600836718e+00
1.821560211949459607e+00
1.820587072579522792e+00
1.819613969491026495e+00
1.818640902683970495e+00
1.817667872158355014e+00
1.816694877914180051e+00
1.815721919951445384e+00
1.814748998270151237e+00
1.813776112870297608e+00
1.812803263751884275e+00
1.811830450914911239e+00
1.810857674359378944e+00
1.809884934085286945e+00
1.808912230092635465e+00
1.807939562381424281e+00
1.806966930951653616e+00
1.805994335803323469e+00
1.805021776936433842e+00
1.804049254350984510e+00
1.803076768046975475e+00
1.802104318024407181e+00
1.801131904283279184e+00
1.800159526823591483e+00
1.799187185645344300e+00
1.798214880748537414e+00
1.797242612133171269e+00
1.796270379799245420e+00
1.795298183746760090e+00
1.794326023975715056e+00
1.793353900486110541e+00
1.792381813277946545e+00
1.791409762351222845e+00
1.790437747705939664e+00
1.789465769342097001e+00
1.788493827259694635e+00
1.787521921458732788e+00
1.786550051939211237e+00
1.785578218701130426e+00
1.784606421744489690e+00
1.783634661069289473e+00
1.782662936675529775e+00
1.781691248563210594e+00
1.780719596732331711e+00
1.779747981182893346e+00
1.778776401914895500e+00
1.777804858928337950e+00
1.776833352223220919e+00
1.775861881799544184e+00
1.774890447657307968e+00
1.773919049796512271e+00
1.772947688217157092e+00
1.771976362919242209e+00
1.771005073902767846e+00
1.770033821167733556e+00
1.769062604714140008e+00
1.768091424541986978e+00
1.767120280651274244e+00
1.766149173042002030e+00
1.765178101714170111e+00
1.764207066667778934e+00
1.763236067902828053e+00
1.762265105419317468e+00
1.761294179217247402e+00
1.760323289296617855e+00
1.759352435657428604e+00
1.758381618299679872e+00
1.757410837223371658e+00
1.756440092428503741e+00
1.755469383915076120e+00
1.754498711683089240e+00
1.753528075732542657e+00
1.752557476063436592e+00
1.751586912675771046e+00
1.750616385569545796e+00
1.749645894744760843e+00
1.748675440201416631e+00
1.747705021939512715e+00
1.746734639959049318e+00
1.745764294260026217e+00
1.744793984842443635e+00
1.743823711706301571e+00
1.742853474851599804e+00
1.741883274278338334e+00
1.740913109986517382e+00
1.739942981976136949e+00
1.738972890247197034e+00
1.738002834799697638e+00
1.737032815633638538e+00
1.736062832749019957e+00
1.735092886145841673e+00
1.734122975824103907e+00
1.733153101783806660e+00
1.732183264024949709e+00
1.731213462547533277e+00
1.730243697351557142e+00
1.729273968437021747e+00
1.728304275803926426e+00
1.727334619452271625e+00
1.726364999382057341e+00
1.725395415593283577e+00
1.724425868085950109e+00
1.723456356860057159e+00
1.722486881915604728e+00
1.721517443252592594e+00
1.720548040871020978e+00
1.719578674770889881e+00
1.718609344952199081e+00
1.717640051414948799e+00
1.716670794159138813e+00
1.715701573184769346e+00
1.714732388491840398e+00
1.713763240080351746e+00
1.712794127950303613e+00
1.711825052101695777e+00
1.710856012534528681e+00
1.709887009248801881e+00
1.708918042244515378e+00
1.707949111521669394e+00
1.706980217080263929e+00
1.706011358920298981e+00
1.705042537041774331e+00
1.704073751444690199e+00
1.703105002129046364e+00
1.702136289094843047e+00
1.701167612342080249e+00
1.700198971870757747e+00
1.699230367680875542e+00
1.698261799772434077e+00
1.697293268145432910e+00
1.696324772799872260e+00
1.695356313735752130e+00
1.694387890953072295e+00
1.693419504451832980e+00
1.692451154232033961e+00
1.691482840293675460e+00
1.690514562636757478e+00
1.689546321261279793e+00
1.688578116167242849e+00
1.687609947354645978e+00
1.686641814823489627e+00
1.685673718573773794e+00
1.684705658605498257e+00
1.683737634918663240e+00
1.682769647513268740e+00
1.681801696389314538e+00
1.680833781546801076e+00
1.679865902985727688e+00
1.678898060706095041e+00
1.677930254707902691e+00
1.676962484991150859e+00
1.675994751555839324e+00
1.675027054401968307e+00
1.674059393529537587e+00
1.673091768938547608e+00
1.672124180628997925e+00
1.671156628600888316e+00
1.670189112854219449e+00
1.669221633388991100e+00
1.668254190205203047e+00
1.667286783302855513e+00
1.666319412681948497e+00
1.665352078342481779e+00
1.664384780284455578e+00
1.663417518507869897e+00
1.662450293012724511e+00
1.661483103799019645e+00
1.660515950866755297e+00
1.659548834215931246e+00
1.658581753846547713e+00
1.657614709758604254e+00
1.656647701952101537e+00
1.655680730427039338e+00
1.654713795183417435e+00
1.653746896221236051e+00
1.652780033540495186e+00
1.651813207141194617e+00
1.650846417023334567e+00
1.649879663186915035e+00
1.648912945631935800e+00
1.647946264358397084e+00
1.646979619366298664e+00
1.646013010655640763e+00
1.645046438226423380e+00
1.644079902078646516e+00
1.643113402212309726e+00
1.642146938627413455e+00
1.641180511323957703e+00
1.640214120301942469e+00
1.639247765561367753e+00
1.638281447102233335e+00
1.637315164924539435e+00
1.636348919028286053e+00
1.635382709413472968e+00
1.634416536080100402e+00
1.633450399028168132e+00
1.632484298257676381e+00
1.631518233768625148e+00
1.630552205561014212e+00
1.629586213634843794e+00
1.628620257990113673e+00
1.627654338626824071e+00
1.626688455544974987e+00
1.625722608744566200e+00
1.624756798225597931e+00
1.623791023988070181e+00
1.622825286031982950e+00
1.621859584357336015e+00
1.620893918964129377e+00
1.619928289852363479e+00
1.618962697022037878e+00
1.617997140473152795e+00
1.617031620205708009e+00
1.616066136219703742e+00
1.615100688515139549e+00
1.614135277092016096e+00
1.613169901950333163e+00
1.612204563090090748e+00
1.611239260511288629e+00
1.610273994213926807e+00
1.609308764198005726e+00
1.608343570463524941e+00
1.607378413010484675e+00
1.606413291838884705e+00
1.605448206948725254e+00
1.604483158340006099e+00
1.603518146012727685e+00
1.602553169966889346e+00
1.601588230202491747e+00
1.600623326719534223e+00
1.599658459518017439e+00
1.598693628597940952e+00
1.597728833959304984e+00
1.596764075602109534e+00
1.595799353526354381e+00
1.594834667732039746e+00
1.593870018219165630e+00
1.592905404987731810e+00
1.591940828037738509e+00
1.590976287369185505e+00
1.590011782982073241e+00
1.589047314876401051e+00
1.588082883052169603e+00
1.587118487509378228e+00
1.586154128248027373e+00
1.585189805268117258e+00
1.584225518569647440e+00
1.583261268152617918e+00
1.582297054017029136e+00
1.581332876162880652e+00
1.580368734590172464e+00
1.579404629298904794e+00
1.578440560289077643e+00
1.577476527560691011e+00
1.576512531113744675e+00
1.575548570948238636e+00
1.574584647064173337e+00
1.573620759461548335e+00
1.572656908140363408e+00
1.571693093100619443e+00
1.570729314342315552e+00
1.569765571865452403e+00
1.568801865670029549e+00
1.567838195756047215e+00
1.566874562123505399e+00
1.565910964772403879e+00
1.564947403702742879e+00
1.563983878914522174e+00
1.563020390407741989e+00
1.562056938182402321e+00
1.561093522238502951e+00
1.560130142576044099e+00
1.559166799195025765e+00
1.558203492095447507e+00
1.557240221277309766e+00
1.556276986740612767e+00
1.555313788485356064e+00
1.554350626511539879e+00
1.553387500819163991e+00
1.552424411408228622e+00
1.551461358278733771e+00
1.550498341430679217e+00
1.549535360864065181e+00
1.548572416578891664e+00
1.547609508575158443e+00
1.546646636852865742e+00
1.545683801412013558e+00
1.544721002252601449e+00
1.543758239374629859e+00
1.542795512778099010e+00
1.541832822463008457e+00
1.540870168429358422e+00
1.539907550677148684e+00
1.538944969206379465e+00
1.537982424017050764e+00
1.537019915109162360e+00
1.536057442482714475e+00
1.535095006137707108e+00
1.534132606074140037e+00
1.533170242292013485e+00
1.532207914791327230e+00
1.531245623572081271e+00
1.530283368634276053e+00
1.529321149977911132e+00
1.528358967602986729e+00
1.527396821509502844e+00
1.526434711697459257e+00
1.525472638166856187e+00
1.524510600917693637e+00
1.523548599949971383e+00
1.522586635263689647e+00
1.521624706858848208e+00
1.520662814735447288e+00
1.519700958893486886e+00
1.518739139332967003e+00
1.517777356053887416e+00
1.516815609056247904e+00
1.515853898340049133e+00
1.514892223905290880e+00
1.513930585751973146e+00
1.512968983880095708e+00
1.512007418289658789e+00
1.511045888980662388e+00
1.510084395953106284e+00
1.509122939206990699e+00
1.508161518742315410e+00
1.507200134559080640e+00
1.506238786657286388e+00
1.505277475036932433e+00
1.504316199698018997e+00
1.503354960640546079e+00
1.502393757864513235e+00
1.501432591369921132e+00
1.500471461156769326e+00
1.499510367225058038e+00
1.498549309574787269e+00
1.497588288205957019e+00
1.496627303118567065e+00
1.495666354312617630e+00
1.494705441788108491e+00
1.493744565545039871e+00
1.492783725583411769e+00
1.491822921903223964e+00
1.490862154504476678e+00
1.489901423387169910e+00
1.488940728551302994e+00
1.487980069996877042e+00
1.487019447723891608e+00
1.486058861732346470e+00
1.485098312022241851e+00
1.484137798593577529e+00
1.483177321446353725e+00
1.482216880580570439e+00
1.481256475996227451e+00
1.480296107693324981e+00
1.479335775671863029e+00
1.478375479931841374e+00
1.477415220473260238e+00
1.476454997296119398e+00
1.475494810400418855e+00
1.474534659786159052e+00
1.473574545453339546e+00
1.472614467401960558e+00
1.471654425632022090e+00
1.470694420143524139e+00
1.469734450936466263e+00
1.468774518010849128e+00
1.467814621366672290e+00
1.466854761003935970e+00
1.465894936922640168e+00
1.464935149122784663e+00
1.463975397604369677e+00
1.463015682367394987e+00
1.462056003411860816e+00
1.461096360737766942e+00
1.460136754345113586e+00
1.459177184233900748e+00
1.458217650404128429e+00
1.457258152855796407e+00
1.456298691588904903e+00
1.455339266603453918e+00
1.454379877899443230e+00
1.453420525476873060e+00
1.452461209335743186e+00
1.451501929476053832e+00
1.450542685897804995e+00
1.449583478600996456e+00
1.448624307585628435e+00
1.447665172851700932e+00
1.446706074399213504e+00
1.445747012228166817e+00
1.444787986338560648e+00
1.443828996730394776e+00
1.442870043403669422e+00
1.441911126358384365e+00
1.440952245594539827e+00
1.439993401112135807e+00
1.439034592911172306e+00
1.438075820991649101e+00
1.437117085353566193e+00
1.436158385996924025e+00
1.435199722921722154e+00
1.434241096127960580e+00
1.433282505615639746e+00
1.432323951384758765e+00
1.431365433435318746e+00
1.430406951767319024e+00
1.429448506380759820e+00
1.428490097275640913e+00
1.427531724451962525e+00
1.426573387909724655e+00
1.425615087648927082e+00
1.424656823669570027e+00
1.423698595971653491e+00
1.422740404555177252e+00
1.421782249420141531e+00
1.420824130566546328e+00
1.419866047994391423e+00
1.418908001703676591e+00
1.417949991694402723e+00
1.416992017966569151e+00
1.416034080520176097e+00
1.415076179355223340e+00
1.414118314471711102e+00
1.413160485869639382e+00
1.412202693549007959e+00
1.411244937509817055e+00
1.410287217752066669e+00
1.409329534275756579e+00
1.408371887080887008e+00
1.407414276167457734e+00
1.406456701535468978e+00
1.405499163184920519e+00
1.404541661115812579e+00
1.403584195328145157e+00
1.402626765821918253e+00
1.401669372597131646e+00
1.400712015653785558e+00
1.399754694991879989e+00
1.398797410611414715e+00
1.397840162512389961e+00
1.396882950694805503e+00
1.395925775158661564e+00
1.394968635903958143e+00
1.394011532930695241e+00
1.393054466238872635e+00
1.392097435828490548e+00
1.391140441699548314e+00
1.390183483852047042e+00
1.389226562285986288e+00
1.388269677001365832e+00
1.387312827998185893e+00
1.386356015276446474e+00
1.385399238836147351e+00
1.384442498677288746e+00
1.383485794799870439e+00
1.382529127203892649e+00
1.381572495889355379e+00
1.380615900856258627e+00
1.379659342104602171e+00
1.378702819634386012e+00
1.377746333445610372e+00
1.376789883538275028e+00
1.375833469912380425e+00
1.374877092567926118e+00
1.373920751504912330e+00
1.372964446723338838e+00
1.372008178223205865e+00
1.371051946004513411e+00
1.370095750067261253e+00
1.369139590411449614e+00
1.368183467037078493e+00
1.367227379944147669e+00
1.366271329132657364e+00
1.365315314602607577e+00
1.364359336353998087e+00
1.363403394386828893e+00
1.362447488701100218e+00
1.361491619296812061e+00
1.360535786173964423e+00
1.359579989332557304e+00
1.358624228772590481e+00
1.357668504494063955e+00
1.356712816496978169e+00
1.355757164781332680e+00
1.354801549347127487e+00
1.353845970194363035e+00
1.352890427323038658e+00
1.351934920733155021e+00
1.350979450424711681e+00
1.350024016397708415e+00
1.349068618652146112e+00
1.348113257188024106e+00
1.347157932005342618e+00
1.346202643104101426e+00
1.345247390484300753e+00
1.344292174145940599e+00
1.343336994089020742e+00
1.342381850313541403e+00
1.341426742819502582e+00
1.340471671606904058e+00
1.339516636675746053e+00
1.338561638026028344e+00
1.337606675657751154e+00
1.336651749570914482e+00
1.335696859765517885e+00
1.334742006241562029e+00
1.333787188999046691e+00
1.332832408037971650e+00
1.331877663358337127e+00
1.330922954960142901e+00
1.329968282843389416e+00
1.329013647008076004e+00
1.328059047454203334e+00
1.327104484181770960e+00
1.326149957190779105e+00
1.325195466481227546e+00
1.324241012053116506e+00
1.323286593906445985e+00
1.322332212041215760e+00
1.321377866457425831e+00
1.320423557155076644e+00
1.319469284134167752e+00
1.318515047394699380e+00
1.317560846936671304e+00
1.316606682760083746e+00
1.315652554864936707e+00
1.314698463251230187e+00
1.313744407918963963e+00
1.312790388868138036e+00
1.311836406098752850e+00
1.310882459610807960e+00
1.309928549404303366e+00
1.308974675479239513e+00
1.308020837835615513e+00
1.307067036473432475e+00
1.306113271392689734e+00
1.305159542593387512e+00
1.304205850075525586e+00
1.303252193839104178e+00
1.302298573884123289e+00
1.301344990210582697e+00
1.300391442818482624e+00
1.299437931707823068e+00
1.298484456878603810e+00
1.297531018330825070e+00
1.296577616064486849e+00
1.295624250079588924e+00
1.294670920376131518e+00
1.293717626954114186e+00
1.292764369813537595e+00
1.291811148954401522e+00
1.290857964376705747e+00
1.289904816080450489e+00
1.288951704065635750e+00
1.287998628332261308e+00
1.287045588880327385e+00
1.286092585709833980e+00
1.285139618820780871e+00
1.284186688213168281e+00
1.283233793886995988e+00
1.282280935842264435e+00
1.281328114078972957e+00
1.280375328597121776e+00
1.279422579396711335e+00
1.278469866477741412e+00
1.277517189840211786e+00
1.276564549484122679e+00
1.275611945409474091e+00
1.274659377616265798e+00
1.273706846104498025e+00
1.272754350874170770e+00
1.271801891925283812e+00
1.270849469257837372e+00
1.269897082871831229e+00
1.268944732767265604e+00
1.267992418944140498e+00
1.267040141402455689e+00
1.266087900142211176e+00
1.265135695163407181e+00
1.264183526466043928e+00
1.263231394050120970e+00
1.262279297915638310e+00
1.261327238062596168e+00
1.260375214490994544e+00
1.259423227200833439e+00
1.258471276192112631e+00
1.257519361464832341e+00
1.256567483018992348e+00
1.255615640854592874e+00
1.254663834971633918e+00
1.253712065370115258e+00
1.252760332050036896e+00
1.251808635011399051e+00
1.250856974254201726e+00
1.249905349778444918e+00
1.248953761584128630e+00
1.248002209671252638e+00
1.247050694039817165e+00
1.246099214689821988e+00
1.245147771621267330e+00
1.244196364834153190e+00
1.243244994328479347e+00
1.242293660104246023e+00
1.241342362161453217e+00
1.240391100500100707e+00
1.239439875120188717e+00
1.238488686021716800e+00
1.237537533204685625e+00
1.236586416669094968e+00
1.235635336414944607e+00
1.234684292442234765e+00
1.233733284750965442e+00
1.232782313341136415e+00
1.231831378212747907e+00
1.230880479365799918e+00
1.229929616800292225e+00
1.228978790516225050e+00
1.228028000513598395e+00
1.227077246792412035e+00
1.226126529352666195e+00
1.225175848194360428e+00
1.224225203317495403e+00
1.223274594722070896e+00
1.222324022408086686e+00
1.221373486375542994e+00
1.220422986624439821e+00
1.219472523154776944e+00
1.218522095966554586e+00
1.217571705059772746e+00
1.216621350434431204e+00
1.215671032090530179e+00
1.214720750028069451e+00
1.213770504247049242e+00
1.212820294747469552e+00
1.211870121529330158e+00
1.210919984592631060e+00
1.209969883937372703e+00
1.209019819563554643e+00
1.208069791471177101e+00
1.207119799660239856e+00
1.206169844130743352e+00
1.205219924882687144e+00
1.204270041916071232e+00
1.203320195230895839e+00
1.202370384827160965e+00
1.201420610704866387e+00
1.200470872864012550e+00
1.199521171304598788e+00
1.198571506026625766e+00
1.197621877030092596e+00
1.196672284315000390e+00
1.195722727881348479e+00
1.194773207729137088e+00
1.193823723858365993e+00
1.192874276269035638e+00
1.191924864961145358e+00
1.190975489934695819e+00
1.190026151189686576e+00
1.189076848726117852e+00
1.188127582543989424e+00
1.187178352643301515e+00
1.186229159024054125e+00
1.185280001686247031e+00
1.184330880629880456e+00
1.183381795854953955e+00
1.182432747361468195e+00
1.181483735149422953e+00
1.180534759218818008e+00
1.179585819569653804e+00
1.178636916201929674e+00
1.177688049115646285e+00
1.176739218310803192e+00
1.175790423787400396e+00
1.174841665545438341e+00
1.173892943584916582e+00
1.172944257905835119e+00
1.171995608508194398e+00
1.171046995391993750e+00
1.170098418557233400e+00
1.169149878003913789e+00
1.168201373732034698e+00
1.167252905741596125e+00
1.166304474032597849e+00
1.165356078605039869e+00
1.164407719458922630e+00
1.163459396594245687e+00
1.162511110011009041e+00
1.161562859709213136e+00
1.160614645688857305e+00
1.159666467949942215e+00
1.158718326492467421e+00
1.157770221316433146e+00
1.156822152421839167e+00
1.155874119808685485e+00
1.154926123476972544e+00
1.153978163426699899e+00
1.153030239657867773e+00
1.152082352170476165e+00
1.151134500964524854e+00
1.150186686040014061e+00
1.149238907396943565e+00
1.148291165035313810e+00
1.147343458955124129e+00
1.146395789156375189e+00
1.145448155639066545e+00
1.144500558403198420e+00
1.143552997448770592e+00
1.142605472775783282e+00
1.141657984384236046e+00
1.140710532274129552e+00
1.139763116445463575e+00
1.138815736898238118e+00
1.137868393632452957e+00
1.136921086648108314e+00
1.135973815945204191e+00
1.135026581523740363e+00
1.134079383383717055e+00
1.133132221525134042e+00
1.132185095947991549e+00
1.131238006652289574e+00
1.130290953638027895e+00
1.129343936905206736e+00
1.128396956453825650e+00
1.127450012283885306e+00
1.126503104395385479e+00
1.125556232788326172e+00
1.124609397462707161e+00
1.123662598418528669e+00
1.122715835655790473e+00
1.121769109174492796e+00
1.120822418974635637e+00
1.119875765056218775e+00
1.118929147419242431e+00
1.117982566063706606e+00
1.117036020989611078e+00
1.116089512196956068e+00
1.115143039685741133e+00
1.114196603455966939e+00
1.113250203507633262e+00
1.112303839840739883e+00
1.111357512455287022e+00
1.110411221351274680e+00
1.109464966528702856e+00
1.108518747987571329e+00
1.107572565727880098e+00
1.106626419749629386e+00
1.105680310052819193e+00
1.104734236637449518e+00
1.103788199503520140e+00
1.102842198651031280e+00
1.101896234079982939e+00
1.100950305790374451e+00
1.100004413782206925e+00
1.099058558055479695e+00
1.098112738610192984e+00
1.097166955446346792e+00
1.096221208563940896e+00
1.095275497962975519e+00
1.094329823643450661e+00
1.093384185605366099e+00
1.092438583848722056e+00
1.091493018373518309e+00
1.090547489179755303e+00
1.089601996267432371e+00
1.088656539636550180e+00
1.087711119287108286e+00
1.086765735219106466e+00
1.085820387432545386e+00
1.084875075927424826e+00
1.083929800703744784e+00
1.082984561761505038e+00
1.082039359100705811e+00
1.081094192721346881e+00
1.080149062623428691e+00
1.079203968806950575e+00
1.078258911271913201e+00
1.077313890018316123e+00
1.076368905046159563e+00
1.075423956355443300e+00
1.074479043946167556e+00
1.073534167818331886e+00
1.072589327971936957e+00
1.071644524406982546e+00
1.070699757123468654e+00
1.069755026121395058e+00
1.068810331400761982e+00
1.067865672961569201e+00
1.066921050803816939e+00
1.065976464927505196e+00
1.065031915332633972e+00
1.064087402019203044e+00
1.063142924987212412e+00
1.062198484236662521e+00
1.061254079767552927e+00
1.060309711579883629e+00
1.059365379673654628e+00
1.058421084048866145e+00
1.057476824705518403e+00
1.056532601643610958e+00
1.055588414863144031e+00
1.054644264364117401e+00
1.053700150146531289e+00
1.052756072210385696e+00
1.051812030555680400e+00
1.050868025182415622e+00
1.049924056090591362e+00
1.048980123280207399e+00
1.048036226751263955e+00
1.047092366503761030e+00
1.046148542537697956e+00
1.045204754853075846e+00
1.044261003449894032e+00
1.043317288328152737e+00
1.042373609487851960e+00
1.041429966928991480e+00
1.040486360651571518e+00
1.039542790655592075e+00
1.038599256941052928e+00
1.037655759507954301e+00
1.036712298356296191e+00
1.035768873486078379e+00
1.034825484897301084e+00
1.033882132589964087e+00
1.032938816564067608e+00
1.031995536819611203e+00
1.031052293356595762e+00
1.030109086175020616e+00
1.029165915274885990e+00
1.028222780656191659e+00
1.027279682318937848e+00
1.026336620263124333e+00
1.025393594488751559e+00
1.024450604995818859e+00
1.023507651784326900e+00
1.022564734854275237e+00
1.021621854205663871e+00
1.020679009838493023e+00
1.019736201752762694e+00
1.018793429948472884e+00
1.017850694425623370e+00
1.016907995184214375e+00
1.015965332224245898e+00
1.015022705545717496e+00
1.014080115148629835e+00
1.013137561032982692e+00
1.012195043198775846e+00
1.011252561646009518e+00
1.010310116374683487e+00
1.009367707384797974e+00
1.008425334676352980e+00
1.007482998249348061e+00
1.006540698103783882e+00
1.005598434239660222e+00
1.004656206656976858e+00
1.003714015355734013e+00
1.002771860335931686e+00
1.001829741597569434e+00
1.000887659140647923e+00
9.999456129651667080e-01
9.990036030711260118e-01
9.980616294585258341e-01
9.971196921273659530e-01
9.961777910776465905e-01
9.952359263093677466e-01
9.942940978225289772e-01
9.933523056171309484e-01
9.924105496931734383e-01
9.914688300506562246e-01
9.905271466895795296e-01
9.895854996099431311e-01
9.886438888117474733e-01
9.877023142949916679e-01
9.867607760596768252e-01
9.858192741058022790e-01
9.848778084333682514e-01
9.839363790423745204e-01
9.829949859328213080e-01
9.820536291047083921e-01
9.811123085580362169e-01
9.801710242928041161e-01
9.792297763090125340e-01
9.782885646066614704e-01
9.773473891857509255e-01
9.764062500462806771e-01
9.754651471882511693e-01
9.745240806116615140e-01
9.735830503165128214e-01
9.726420563028044253e-01
9.717010985705363257e-01
9.707601771197089668e-01
9.698192919503216824e-01
9.688784430623751387e-01
9.679376304558688915e-01
9.669968541308029408e-01
9.660561140871775088e-01
9.651154103249928173e-01
9.641747428442482004e-01
9.632341116449443241e-01
9.622935167270807444e-01
9.613529580906574612e-01
9.604124357356746966e-01
9.594719496621324506e-01
9.585314998700305011e-01
9.575910863593690703e-01
9.566507091301481580e-01
9.557103681823677643e-01
9.547700635160276672e-01
9.538297951311278666e-01
9.528895630276685846e-01
9.519493672056498212e-01
9.510092076650715764e-01
9.500690844059336282e-01
9.491289974282361985e-01
9.481889467319790654e-01
9.472489323171626729e-01
9.463089541837863550e-01
9.453690123318505556e-01
9.444291067613552748e-01
9.434892374723005126e-01
9.425494044646860470e-01
9.416096077385120999e-01
9.406698472937786715e-01
9.397301231304855396e-01
9.387904352486329262e-01
9.378507836482206095e-01
9.369111683292488113e-01
9.359715892917175317e-01
9.350320465356267707e-01
9.340925400609763063e-01
9.331530698677661384e-01
9.322136359559964891e-01
9.312742383256673584e-01
9.303348769767787463e-01
9.293955519093304307e-01
9.284562631233226337e-01
9.275170106187553554e-01
9.265777943956283735e-01
9.256386144539416883e-01
9.246994707936957436e-01
9.237603634148900955e-01
9.228212923175249660e-01
9.218822575016001331e-01
9.209432589671158187e-01
9.200042967140720229e-01
9.190653707424685237e-01
9.181264810523055431e-01
9.171876276435828590e-01
9.162488105163009156e-01
9.153100296704590466e-01
9.143712851060579183e-01
9.134325768230970866e-01
9.124939048215767734e-01
9.115552691014967568e-01
9.106166696628572588e-01
9.096781065056580573e-01
9.087395796298995965e-01
9.078010890355814322e-01
9.068626347227037865e-01
9.059242166912662153e-01
9.049858349412693848e-01
9.040474894727130728e-01
9.031091802855970574e-01
9.021709073799215606e-01
9.012326707556863603e-01
9.002944704128916786e-01
8.993563063515375156e-01
8.984181785716236490e-01
8.974800870731503011e-01
8.965420318561172497e-01
8.956040129205249389e-01
8.946660302663729247e-01
8.937280838936612071e-01
8.927901738023902301e-01
8.918522999925591055e-01
8.909144624641689436e-01
8.899766612172190783e-01
8.890388962517097315e-01
8.881011675676406814e-01
8.871634751650123718e-01
8.862258190438241368e-01
8.852881992040766423e-01
8.843506156457692224e-01
8.834130683689023211e-01
8.824755573734761604e-01
8.815380826594902963e-01
8.806006442269447287e-01
8.796632420758396798e-01
8.787258762061749273e-01
8.777885466179509155e-01
8.768512533111672003e-01
8.759139962858240036e-01
8.749767755419211035e-01
8.740395910794587220e-01
8.731024428984368591e-01
8.721653309988552927e-01
8.712282553807140228e-01
8.702912160440132716e-01
8.693542129887532610e-01
8.684172462149335470e-01
8.674803157225541295e-01
8.665434215116152306e-01
8.656065635821168502e-01
8.646697419340585444e-01
8.637329565674412013e-01
8.627962074822639327e-01
8.618594946785274047e-01
8.609228181562311732e-01
8.599861779153752384e-01
8.590495739559598221e-01
8.581130062779849244e-01
8.571764748814503232e-01
8.562399797663562406e-01
8.553035209327026767e-01
8.543670983804894092e-01
8.534307121097166604e-01
8.524943621203844302e-01
8.515580484124922744e-01
8.506217709860408593e-01
8.496855298410299628e-01
8.487493249774593629e-01
8.478131563953292815e-01
8.468770240946397188e-01
8.459409280753904525e-01
8.450048683375817049e-01
8.440688448812130318e-01
8.431328577062850993e-01
8.421969068127976854e-01
8.412609922007505681e-01
8.403251138701441914e-01
8.393892718209778891e-01
8.384534660532521055e-01
8.375176965669666185e-01
