#lambda(nm), Order, pixel(X), pixel(Y)
   600  0      73.7    -890.9  1      41.1    -299.8 -1      88.3   -1488.8  2      25.7     299.4  3      27.2     910.6
   610  0      79.2    -888.3  1      48.3    -286.5 -1      94.1   -1496.1  2      32.8     322.8  3      32.0     943.1
   620  0      84.6    -885.7  1      55.4    -273.2 -1      99.7   -1503.5  2      39.5     346.1  3      36.7     975.7
   630  0      89.9    -883.2  1      62.2    -260.1 -1     105.2   -1511.0  2      46.1     369.3  3      41.3    1008.2
   640  0      95.1    -880.8  1      68.8    -247.0 -1     110.6   -1518.5  2      52.4     392.4  3      45.8    1040.6
   650  0     100.2    -878.4  1      75.1    -234.0 -1     115.9   -1526.1  2      58.5     415.4  3      50.1    1073.1
   660  0     105.1    -876.1  1      81.2    -221.2 -1     121.1   -1533.8  2      64.4     438.3  3      54.3    1105.6
   670  0     110.0    -873.8  1      87.1    -208.4 -1     126.2   -1541.4  2      70.1     461.1  3      58.4    1138.0
   680  0     114.7    -871.6  1      92.8    -195.7 -1     131.1   -1549.2  2      75.5     483.8  3      62.4    1170.4
   690  0     119.3    -869.4  1      98.3    -183.1 -1     135.9   -1557.0  2      80.7     506.5  3      66.3    1202.8
   700  0     123.8    -867.3  1     103.5    -170.7 -1     140.7   -1564.8  2      85.7     529.0  3      70.0    1235.1
   710  0     128.1    -865.2  1     108.5    -158.3 -1     145.3   -1572.7  2      90.4     551.5  3      73.6    1267.5
   720  0     132.4    -863.2  1     113.2    -146.0 -1     149.7   -1580.6  2      94.9     573.9  3      77.1    1299.8
   730  0     136.5    -861.2  1     117.8    -133.8 -1     154.1   -1588.6  2      99.2     596.1  3      80.4    1332.1
   740  0     140.5    -859.3  1     122.1    -121.7 -1     158.3   -1596.7  2     103.3     618.3  3      83.6    1364.4
   750  0     144.4    -857.4  1     126.2    -109.7 -1     162.5   -1604.8  2     107.1     640.4  3      86.8    1396.7
   760  0     148.2    -855.6  1     130.1     -97.8 -1     166.5   -1612.9  2     110.7     662.4  3      89.7    1428.9
   770  0     151.9    -853.9  1     133.7     -85.9 -1     170.4   -1621.1  2     114.1     684.4  3      92.6    1461.1
   780  0     155.4    -852.2  1     137.2     -74.2 -1     174.1   -1629.4  2     117.3     706.2  3      95.4    1493.3
   790  0     158.8    -850.5  1     140.5     -62.5 -1     177.8   -1637.7  2     120.3     728.0  3      98.0    1525.5
   800  0     162.1    -848.9  1     143.6     -50.9 -1     181.3   -1646.0  2     123.2     749.7  3     100.5    1557.6
   810  0     165.3    -847.4  1     146.5     -39.4 -1     184.8   -1654.5  2     125.8     771.3  3     102.8    1589.8
   820  0     168.4    -845.9  1     149.3     -28.0 -1     188.1   -1662.9  2     128.4     792.9  3     105.1    1621.9
   830  0     171.4    -844.5  1     152.0     -16.6 -1     191.3   -1671.4  2     130.7     814.4  3     107.2    1654.0
   840  0     174.2    -843.1  1     154.5      -5.3 -1     194.4   -1680.0  2     133.0     835.8  3     109.2    1686.1
   850  0     177.0    -841.8  1     156.9       6.0 -1     197.3   -1688.6  2     135.1     857.2  3     111.1    1718.1
   860  0     179.6    -840.5  1     159.1      17.2 -1     200.2   -1697.3  2     137.1     878.6  3     112.9    1750.2
   870  0     182.1    -839.2  1     161.3      28.4 -1     202.9   -1706.0  2     139.0     899.9  3     114.5    1782.2
   880  0     184.5    -838.0  1     163.4      39.5 -1     205.6   -1714.8  2     140.8     921.2  3     116.1    1814.2
   890  0     186.8    -836.9  1     165.4      50.6 -1     208.1   -1723.6  2     142.5     942.4  3     117.5    1846.2
   900  0     189.0    -835.8  1     167.2      61.7 -1     210.6   -1732.4  2     144.1     963.6  3     118.9    1878.3
   910  0     191.2    -834.7  1     169.0      72.7 -1     213.0   -1741.3  2     145.7     984.8  3     120.1    1910.3
   920  0     193.2    -833.7  1     170.8      83.6 -1     215.2   -1750.2  2     147.1    1005.9  3     121.3    1942.3
   930  0     195.2    -832.7  1     172.4      94.6 -1     217.4   -1759.2  2     148.5    1027.0  3     122.3    1974.3
   940  0     197.1    -831.8  1     174.0     105.5 -1     219.5   -1768.2  2     149.8    1048.1  3     123.3    2006.4
   950  0     198.9    -830.9  1     175.5     116.3 -1     221.6   -1777.2  2     151.0    1069.2  3     124.2    2038.4
   960  0     200.6    -830.0  1     176.9     127.2 -1     223.5   -1786.3  2     152.2    1090.2  3     125.0    2070.4
   970  0     202.2    -829.2  1     178.3     138.0 -1     225.4   -1795.4  2     153.3    1111.2  3     125.7    2102.5
   980  0     203.8    -828.4  1     179.6     148.8 -1     227.3   -1804.5  2     154.3    1132.2  3     126.3    2134.6
   990  0     205.3    -827.6  1     180.9     159.5 -1     229.0   -1813.7  2     155.3    1153.2  3     126.9    2166.8
  1000  0     206.8    -826.8  1     182.1     170.3 -1     230.7   -1822.9  2     156.2    1174.1  3     127.4    2198.9
  1010  0     208.2    -826.1  1     183.2     181.0 -1     232.4   -1832.1  2     157.1    1195.1  3       NaN       NaN
  1020  0     209.6    -825.4  1     184.4     191.7 -1     234.0   -1841.3  2     157.9    1216.0  3       NaN       NaN
  1030  0     210.9    -824.7  1     185.4     202.3 -1     235.6   -1850.6  2     158.7    1236.9  3       NaN       NaN
  1040  0     212.2    -824.1  1     186.4     213.0 -1     237.1   -1859.8  2     159.4    1257.8  3       NaN       NaN
  1050  0     213.4    -823.4  1     187.4     223.6 -1     238.6   -1869.1  2     160.1    1278.6  3       NaN       NaN
  1060  0     214.6    -822.8  1     188.4     234.2 -1     240.0   -1878.4  2     160.8    1299.5  3       NaN       NaN
  1070  0     215.8    -822.2  1     189.3     244.8 -1     241.4   -1887.8  2     161.4    1320.4  3       NaN       NaN
  1080  0     216.9    -821.6  1     190.1     255.4 -1     242.8   -1897.1  2     161.9    1341.2  3       NaN       NaN
  1090  0     218.0    -821.0  1     190.9     265.9 -1     244.1   -1906.5  2     162.5    1362.0  3       NaN       NaN
  1100  0     219.1    -820.5  1     191.7     276.5 -1     245.4   -1915.8  2     163.0    1382.9  3       NaN       NaN
  1110  0     220.1    -820.0  1     192.5     287.0 -1     246.7   -1925.2  2     163.4    1403.7  3       NaN       NaN
  1120  0     221.1    -819.4  1     193.2     297.5 -1     247.9   -1934.6  2     163.9    1424.5  3       NaN       NaN
  1130  0     222.0    -818.9  1     193.9     308.0 -1     249.1   -1944.0  2     164.3    1445.3  3       NaN       NaN
  1140  0     222.9    -818.4  1     194.6     318.5 -1     250.3   -1953.5  2     164.7    1466.1  3       NaN       NaN
  1150  0     223.8    -818.0  1     195.2     329.0 -1     251.4   -1962.9  2     165.0    1486.9  3       NaN       NaN
  1160  0     224.7    -817.5  1     195.9     339.4 -1     252.6   -1972.4  2     165.3    1507.7  3       NaN       NaN
  1170  0     225.6    -817.1  1     196.5     349.9 -1     253.7   -1981.8  2     165.6    1528.5  3       NaN       NaN
  1180  0     226.4    -816.6  1     197.0     360.3 -1     254.7   -1991.3  2     165.9    1549.3  3       NaN       NaN
  1190  0     227.2    -816.2  1     197.6     370.8 -1     255.8   -2000.8  2     166.1    1570.1  3       NaN       NaN
  1200  0     228.0    -815.8  1     198.1     381.2 -1     256.8   -2010.3  2     166.3    1590.9  3       NaN       NaN
  1210  0     228.7    -815.4  1     198.6     391.6 -1     257.8   -2019.8  2     166.5    1611.7  3       NaN       NaN
  1220  0     229.4    -815.0  1     199.1     402.0 -1     258.8   -2029.3  2     166.7    1632.5  3       NaN       NaN
  1230  0     230.2    -814.6  1     199.5     412.4 -1     259.8   -2038.8  2     166.8    1653.3  3       NaN       NaN
  1240  0     230.9    -814.2  1     200.0     422.8 -1     260.7   -2048.3  2     167.0    1674.1  3       NaN       NaN
  1250  0     231.5    -813.9  1     200.4     433.1 -1     261.6   -2057.9  2     167.1    1694.9  3       NaN       NaN
  1260  0     232.2    -813.5  1     200.8     443.5 -1     262.6   -2067.4  2     167.1    1715.7  3       NaN       NaN
  1270  0     232.8    -813.1  1     201.2     453.8 -1     263.4   -2076.9  2     167.2    1736.6  3       NaN       NaN
  1280  0     233.4    -812.8  1     201.5     464.2 -1     264.3   -2086.5  2     167.3    1757.4  3       NaN       NaN
  1290  0     234.0    -812.5  1     201.9     474.5 -1     265.2   -2096.1  2     167.3    1778.2  3       NaN       NaN
  1300  0     234.6    -812.2  1     202.2     484.9 -1     266.0   -2105.6  2     167.3    1799.0  3       NaN       NaN
  1310  0     235.2    -811.8  1     202.5     495.2 -1     266.9   -2115.2  2     167.3    1819.9  3       NaN       NaN
  1320  0     235.8    -811.5  1     202.8     505.5 -1     267.7   -2124.8  2     167.3    1840.7  3       NaN       NaN
  1330  0     236.3    -811.2  1     203.1     515.8 -1     268.5   -2134.3  2     167.2    1861.6  3       NaN       NaN
  1340  0     236.8    -810.9  1     203.4     526.1 -1     269.3   -2143.9  2     167.2    1882.5  3       NaN       NaN
  1350  0     237.4    -810.7  1     203.7     536.5 -1     270.0   -2153.5  2     167.1    1903.3  3       NaN       NaN
  1360  0     237.9    -810.4  1     203.9     546.8 -1     270.8   -2163.1  2     167.0    1924.2  3       NaN       NaN
  1370  0     238.4    -810.1  1     204.1     557.0 -1     271.6   -2172.7  2     166.9    1945.1  3       NaN       NaN
  1380  0     238.8    -809.8  1     204.4     567.3 -1     272.3   -2182.3  2     166.8    1966.1  3       NaN       NaN
  1390  0     239.3    -809.6  1     204.6     577.6 -1     273.0   -2191.9  2     166.6    1987.0  3       NaN       NaN
  1400  0     239.8    -809.3  1     204.8     587.9 -1     273.7   -2201.5  2     166.5    2007.9  3       NaN       NaN
  1410  0     240.2    -809.1  1     205.0     598.2 -1     274.5   -2211.1  2     166.3    2028.9  3       NaN       NaN
  1420  0     240.6    -808.8  1     205.2     608.4 -1     275.1   -2220.7  2     166.1    2049.9  3       NaN       NaN
  1430  0     241.1    -808.6  1     205.3     618.7 -1     275.8   -2230.3  2     165.9    2070.9  3       NaN       NaN
  1440  0     241.5    -808.4  1     205.5     629.0 -1     276.5   -2239.9  2     165.7    2091.9  3       NaN       NaN
  1450  0     241.9    -808.1  1     205.6     639.2 -1     277.2   -2249.6  2     165.5    2112.9  3       NaN       NaN
  1460  0     242.3    -807.9  1     205.8     649.5 -1     277.8   -2259.2  2     165.3    2134.0  3       NaN       NaN
  1470  0     242.6    -807.7  1     205.9     659.7 -1     278.5   -2268.8  2     165.0    2155.0  3       NaN       NaN
  1480  0     243.0    -807.5  1     206.0     670.0 -1     279.1   -2278.4  2     164.8    2176.1  3       NaN       NaN
  1490  0     243.4    -807.3  1     206.1     680.2 -1     279.8   -2288.0  2     164.5    2197.2  3       NaN       NaN
  1500  0     243.7    -807.0  1     206.2     690.5 -1     280.4   -2297.7  2     164.2    2218.4  3       NaN       NaN
  1510  0     244.1    -806.8  1     206.3     700.7 -1     281.0   -2307.3  2     163.9    2239.5  3       NaN       NaN
  1520  0     244.4    -806.6  1     206.4     710.9 -1     281.6   -2316.9  2     163.6    2260.7  3       NaN       NaN
  1530  0     244.8    -806.4  1     206.5     721.2 -1     282.2   -2326.5  2     163.3    2281.9  3       NaN       NaN
  1540  0     245.1    -806.3  1     206.5     731.4 -1     282.8   -2336.2  2     162.9    2303.2  3       NaN       NaN
  1550  0     245.4    -806.1  1     206.6     741.6 -1     283.4   -2345.8  2     162.6    2324.4  3       NaN       NaN
  1560  0     245.7    -805.9  1     206.7     751.9 -1     284.0   -2355.4  2     162.2    2345.7  3       NaN       NaN
  1570  0     246.0    -805.7  1     206.7     762.1 -1     284.6   -2365.0  2     161.8    2367.1  3       NaN       NaN
  1580  0     246.3    -805.5  1     206.7     772.3 -1     285.2   -2374.6  2     161.4    2388.4  3       NaN       NaN
  1590  0     246.6    -805.4  1     206.8     782.5 -1     285.7   -2384.3  2     161.0    2409.8  3       NaN       NaN
  1600  0     246.9    -805.2  1     206.8     792.7 -1     286.3   -2393.9  2     160.6    2431.2  3       NaN       NaN
  1610  0     247.2    -805.0  1     206.8     802.9 -1     286.9   -2403.5  2       NaN       NaN  3       NaN       NaN
  1620  0     247.4    -804.9  1     206.8     813.2 -1     287.4   -2413.1  2       NaN       NaN  3       NaN       NaN
  1630  0     247.7    -804.7  1     206.8     823.4 -1     288.0   -2422.7  2       NaN       NaN  3       NaN       NaN
  1640  0     248.0    -804.5  1     206.9     833.6 -1     288.5   -2432.3  2       NaN       NaN  3       NaN       NaN
  1650  0     248.2    -804.4  1     206.8     843.8 -1     289.0   -2442.0  2       NaN       NaN  3       NaN       NaN
  1660  0     248.5    -804.2  1     206.8     854.0 -1     289.6   -2451.6  2       NaN       NaN  3       NaN       NaN
  1670  0     248.7    -804.1  1     206.8     864.2 -1     290.1   -2461.2  2       NaN       NaN  3       NaN       NaN
  1680  0     249.0    -803.9  1     206.8     874.4 -1     290.6   -2470.8  2       NaN       NaN  3       NaN       NaN
  1690  0     249.2    -803.8  1     206.8     884.6 -1     291.1   -2480.4  2       NaN       NaN  3       NaN       NaN
  1700  0     249.4    -803.7  1     206.7     894.8 -1     291.7   -2490.0  2       NaN       NaN  3       NaN       NaN
  1710  0     249.6    -803.5  1     206.7     905.0 -1     292.2   -2499.6  2       NaN       NaN  3       NaN       NaN
  1720  0     249.9    -803.4  1     206.7     915.2 -1     292.7   -2509.2  2       NaN       NaN  3       NaN       NaN
  1730  0     250.1    -803.2  1     206.6     925.4 -1     293.2   -2518.8  2       NaN       NaN  3       NaN       NaN
  1740  0     250.3    -803.1  1     206.6     935.6 -1     293.7   -2528.4  2       NaN       NaN  3       NaN       NaN
  1750  0     250.5    -803.0  1     206.5     945.8 -1     294.2   -2537.9  2       NaN       NaN  3       NaN       NaN
  1760  0     250.7    -802.9  1     206.4     956.0 -1     294.7   -2547.5  2       NaN       NaN  3       NaN       NaN
  1770  0     250.9    -802.7  1     206.4     966.2 -1     295.2   -2557.1  2       NaN       NaN  3       NaN       NaN
  1780  0     251.1    -802.6  1     206.3     976.4 -1     295.6   -2566.7  2       NaN       NaN  3       NaN       NaN
  1790  0     251.3    -802.5  1     206.2     986.6 -1     296.1   -2576.2  2       NaN       NaN  3       NaN       NaN
  1800  0     251.4    -802.4  1     206.2     996.8 -1     296.6   -2585.8  2       NaN       NaN  3       NaN       NaN
  1810  0     251.6    -802.2  1     206.1    1007.0 -1     297.1   -2595.4  2       NaN       NaN  3       NaN       NaN
  1820  0     251.8    -802.1  1     206.0    1017.1 -1     297.6   -2604.9  2       NaN       NaN  3       NaN       NaN
  1830  0     252.0    -802.0  1     205.9    1027.3 -1     298.0   -2614.5  2       NaN       NaN  3       NaN       NaN
  1840  0     252.1    -801.9  1     205.8    1037.5 -1     298.5   -2624.0  2       NaN       NaN  3       NaN       NaN
  1850  0     252.3    -801.8  1     205.7    1047.7 -1     299.0   -2633.6  2       NaN       NaN  3       NaN       NaN
  1860  0     252.5    -801.7  1     205.6    1057.9 -1     299.4   -2643.1  2       NaN       NaN  3       NaN       NaN
  1870  0     252.6    -801.6  1     205.5    1068.1 -1     299.9   -2652.6  2       NaN       NaN  3       NaN       NaN
  1880  0     252.8    -801.5  1     205.4    1078.3 -1     300.4   -2662.2  2       NaN       NaN  3       NaN       NaN
  1890  0     252.9    -801.4  1     205.3    1088.5 -1     300.8   -2671.7  2       NaN       NaN  3       NaN       NaN
  1900  0     253.1    -801.3  1     205.2    1098.7 -1     301.3   -2681.2  2       NaN       NaN  3       NaN       NaN
  1910  0     253.2    -801.2  1     205.0    1108.9 -1     301.7   -2690.7  2       NaN       NaN  3       NaN       NaN
  1920  0     253.4    -801.1  1     204.9    1119.1 -1     302.2   -2700.2  2       NaN       NaN  3       NaN       NaN
  1930  0     253.5    -801.0  1     204.8    1129.2 -1     302.6   -2709.7  2       NaN       NaN  3       NaN       NaN
  1940  0     253.6    -800.9  1     204.7    1139.4 -1     303.1   -2719.2  2       NaN       NaN  3       NaN       NaN
  1950  0     253.8    -800.8  1     204.5    1149.6 -1     303.5   -2728.7  2       NaN       NaN  3       NaN       NaN
  1960  0     253.9    -800.7  1     204.4    1159.8 -1     304.0   -2738.2  2       NaN       NaN  3       NaN       NaN
  1970  0     254.0    -800.6  1     204.3    1170.0 -1     304.4   -2747.7  2       NaN       NaN  3       NaN       NaN
  1980  0     254.1    -800.5  1     204.1    1180.2 -1     304.9   -2757.1  2       NaN       NaN  3       NaN       NaN
  1990  0     254.3    -800.4  1     204.0    1190.4 -1     305.3   -2766.6  2       NaN       NaN  3       NaN       NaN
  2000  0     254.4    -800.3  1     203.8    1200.6 -1     305.8   -2776.0  2       NaN       NaN  3       NaN       NaN
  2010  0     254.5    -800.2  1     203.7    1210.8 -1     306.2   -2785.5  2       NaN       NaN  3       NaN       NaN
  2020  0     254.6    -800.1  1     203.5    1221.0 -1     306.7   -2794.9  2       NaN       NaN  3       NaN       NaN
  2030  0     254.7    -800.1  1     203.4    1231.2 -1     307.1   -2804.3  2       NaN       NaN  3       NaN       NaN
  2040  0     254.8    -800.0  1     203.2    1241.4 -1     307.5   -2813.8  2       NaN       NaN  3       NaN       NaN
  2050  0     254.9    -799.9  1     203.1    1251.6 -1     308.0   -2823.2  2       NaN       NaN  3       NaN       NaN
  2060  0     255.0    -799.8  1     202.9    1261.8 -1     308.4   -2832.6  2       NaN       NaN  3       NaN       NaN
  2070  0     255.2    -799.7  1     202.7    1272.0 -1     308.9   -2842.0  2       NaN       NaN  3       NaN       NaN
  2080  0     255.2    -799.7  1     202.6    1282.2 -1     309.3   -2851.4  2       NaN       NaN  3       NaN       NaN
  2090  0     255.3    -799.6  1     202.4    1292.4 -1     309.7   -2860.7  2       NaN       NaN  3       NaN       NaN
  2100  0     255.4    -799.5  1     202.2    1302.6 -1     310.2   -2870.1  2       NaN       NaN  3       NaN       NaN
  2110  0     255.5    -799.4  1     202.0    1312.8 -1     310.6   -2879.5  2       NaN       NaN  3       NaN       NaN
  2120  0     255.6    -799.3  1     201.9    1323.0 -1     311.0   -2888.8  2       NaN       NaN  3       NaN       NaN
  2130  0     255.7    -799.3  1     201.7    1333.2 -1     311.5   -2898.2  2       NaN       NaN  3       NaN       NaN
  2140  0     255.8    -799.2  1     201.5    1343.4 -1     311.9   -2907.5  2       NaN       NaN  3       NaN       NaN
  2150  0     255.9    -799.1  1     201.3    1353.6 -1     312.3   -2916.8  2       NaN       NaN  3       NaN       NaN
  2160  0     256.0    -799.1  1     201.1    1363.8 -1     312.8   -2926.1  2       NaN       NaN  3       NaN       NaN
  2170  0     256.1    -799.0  1     200.9    1374.0 -1     313.2   -2935.4  2       NaN       NaN  3       NaN       NaN
  2180  0     256.1    -798.9  1     200.7    1384.2 -1     313.6   -2944.7  2       NaN       NaN  3       NaN       NaN
  2190  0     256.2    -798.9  1     200.6    1394.4 -1     314.1   -2954.0  2       NaN       NaN  3       NaN       NaN
  2200  0     256.3    -798.8  1     200.4    1404.6 -1     314.5   -2963.3  2       NaN       NaN  3       NaN       NaN
  2210  0     256.4    -798.7  1     200.2    1414.9 -1     314.9   -2972.5  2       NaN       NaN  3       NaN       NaN
  2220  0     256.4    -798.6  1     200.0    1425.1 -1     315.4   -2981.8  2       NaN       NaN  3       NaN       NaN
  2230  0     256.5    -798.6  1     199.8    1435.3 -1     315.8   -2991.0  2       NaN       NaN  3       NaN       NaN
  2240  0     256.6    -798.5  1     199.6    1445.5 -1     316.2   -3000.3  2       NaN       NaN  3       NaN       NaN
  2250  0     256.6    -798.5  1     199.3    1455.7 -1     316.7   -3009.5  2       NaN       NaN  3       NaN       NaN
  2260  0     256.7    -798.4  1     199.1    1465.9 -1     317.1   -3018.7  2       NaN       NaN  3       NaN       NaN
  2270  0     256.8    -798.3  1     198.9    1476.2 -1     317.5   -3027.9  2       NaN       NaN  3       NaN       NaN
  2280  0     256.8    -798.3  1     198.7    1486.4 -1     318.0   -3037.1  2       NaN       NaN  3       NaN       NaN
  2290  0     256.9    -798.2  1     198.5    1496.6 -1     318.4   -3046.2  2       NaN       NaN  3       NaN       NaN
  2300  0     256.9    -798.1  1     198.3    1506.8 -1     318.8   -3055.4  2       NaN       NaN  3       NaN       NaN
  2310  0     257.0    -798.1  1     198.1    1517.1 -1     319.3   -3064.5  2       NaN       NaN  3       NaN       NaN
  2320  0     257.1    -798.0  1     197.8    1527.3 -1     319.7   -3073.7  2       NaN       NaN  3       NaN       NaN
  2330  0     257.1    -798.0  1     197.6    1537.5 -1     320.1   -3082.8  2       NaN       NaN  3       NaN       NaN
  2340  0     257.2    -797.9  1     197.4    1547.8 -1     320.6   -3091.9  2       NaN       NaN  3       NaN       NaN
  2350  0     257.2    -797.9  1     197.2    1558.0 -1     321.0   -3101.0  2       NaN       NaN  3       NaN       NaN
  2360  0     257.3    -797.8  1     196.9    1568.3 -1     321.4   -3110.1  2       NaN       NaN  3       NaN       NaN
  2370  0     257.3    -797.7  1     196.7    1578.5 -1     321.9   -3119.2  2       NaN       NaN  3       NaN       NaN
  2380  0     257.4    -797.7  1     196.5    1588.7 -1     322.3   -3128.2  2       NaN       NaN  3       NaN       NaN
  2390  0     257.4    -797.6  1     196.3    1599.0 -1     322.8   -3137.3  2       NaN       NaN  3       NaN       NaN
  2400  0     257.4    -797.6  1     196.0    1609.2 -1     323.2   -3146.3  2       NaN       NaN  3       NaN       NaN
  2410  0     257.5    -797.5  1     195.8    1619.5 -1     323.6   -3155.4  2       NaN       NaN  3       NaN       NaN
  2420  0     257.5    -797.5  1     195.5    1629.8 -1     324.1   -3164.4  2       NaN       NaN  3       NaN       NaN
  2430  0     257.6    -797.4  1     195.3    1640.0 -1     324.5   -3173.4  2       NaN       NaN  3       NaN       NaN
  2440  0     257.6    -797.4  1     195.1    1650.3 -1     324.9   -3182.4  2       NaN       NaN  3       NaN       NaN
  2450  0     257.6    -797.3  1     194.8    1660.5 -1     325.4   -3191.4  2       NaN       NaN  3       NaN       NaN
  2460  0     257.7    -797.3  1     194.6    1670.8 -1     325.8   -3200.3  2       NaN       NaN  3       NaN       NaN
  2470  0     257.7    -797.2  1     194.3    1681.1 -1     326.3   -3209.3  2       NaN       NaN  3       NaN       NaN
  2480  0     257.7    -797.2  1     194.1    1691.3 -1     326.7   -3218.2  2       NaN       NaN  3       NaN       NaN
  2490  0     257.7    -797.1  1     193.8    1701.6 -1     327.1   -3227.2  2       NaN       NaN  3       NaN       NaN
  2500  0     257.8    -797.1  1     193.6    1711.9 -1     327.6   -3236.1  2       NaN       NaN  3       NaN       NaN
  2510  0     257.8    -797.1  1     193.3    1722.1 -1     328.0   -3245.0  2       NaN       NaN  3       NaN       NaN
  2520  0     257.8    -797.0  1     193.1    1732.4 -1     328.5   -3253.9  2       NaN       NaN  3       NaN       NaN
  2530  0     257.8    -797.0  1     192.8    1742.7 -1     328.9   -3262.8  2       NaN       NaN  3       NaN       NaN
  2540  0     257.9    -796.9  1     192.5    1753.0 -1     329.4   -3271.7  2       NaN       NaN  3       NaN       NaN
  2550  0     257.9    -796.9  1     192.3    1763.3 -1     329.8   -3280.5  2       NaN       NaN  3       NaN       NaN
  2560  0     257.9    -796.8  1     192.0    1773.6 -1     330.2   -3289.4  2       NaN       NaN  3       NaN       NaN
  2570  0     257.9    -796.8  1     191.8    1783.9 -1     330.7   -3298.2  2       NaN       NaN  3       NaN       NaN
  2580  0     257.9    -796.8  1     191.5    1794.2 -1     331.1   -3307.0  2       NaN       NaN  3       NaN       NaN
  2590  0     257.9    -796.7  1     191.2    1804.5 -1     331.6   -3315.9  2       NaN       NaN  3       NaN       NaN
  2600  0     257.9    -796.7  1     191.0    1814.8 -1     332.0   -3324.7  2       NaN       NaN  3       NaN       NaN
  2610  0     257.9    -796.6  1     190.7    1825.1 -1     332.5   -3333.5  2       NaN       NaN  3       NaN       NaN
  2620  0     258.0    -796.6  1     190.4    1835.4 -1     332.9   -3342.2  2       NaN       NaN  3       NaN       NaN
  2630  0     258.0    -796.6  1     190.1    1845.7 -1     333.3   -3351.0  2       NaN       NaN  3       NaN       NaN
  2640  0     258.0    -796.5  1     189.9    1856.0 -1     333.8   -3359.8  2       NaN       NaN  3       NaN       NaN
  2650  0     258.0    -796.5  1     189.6    1866.4 -1     334.2   -3368.5  2       NaN       NaN  3       NaN       NaN
  2660  0     258.0    -796.5  1     189.3    1876.7 -1     334.7   -3377.3  2       NaN       NaN  3       NaN       NaN
  2670  0     258.0    -796.4  1     189.0    1887.0 -1     335.1   -3386.0  2       NaN       NaN  3       NaN       NaN
  2680  0     258.0    -796.4  1     188.8    1897.3 -1     335.6   -3394.7  2       NaN       NaN  3       NaN       NaN
  2690  0     257.9    -796.4  1     188.5    1907.7 -1     336.0   -3403.4  2       NaN       NaN  3       NaN       NaN
  2700  0     257.9    -796.3  1     188.2    1918.0 -1     336.5   -3412.1  2       NaN       NaN  3       NaN       NaN
  2710  0     257.9    -796.3  1     187.9    1928.3 -1     336.9   -3420.8  2       NaN       NaN  3       NaN       NaN
  2720  0     257.9    -796.3  1     187.6    1938.7 -1     337.4   -3429.4  2       NaN       NaN  3       NaN       NaN
  2730  0     257.9    -796.3  1     187.3    1949.0 -1     337.8   -3438.1  2       NaN       NaN  3       NaN       NaN
  2740  0     257.9    -796.2  1     187.0    1959.4 -1     338.3   -3446.7  2       NaN       NaN  3       NaN       NaN
  2750  0     257.9    -796.2  1     186.7    1969.7 -1     338.7   -3455.3  2       NaN       NaN  3       NaN       NaN
  2760  0     257.9    -796.2  1     186.5    1980.1 -1     339.2   -3464.0  2       NaN       NaN  3       NaN       NaN
  2770  0     257.8    -796.2  1     186.2    1990.4 -1     339.6   -3472.6  2       NaN       NaN  3       NaN       NaN
  2780  0     257.8    -796.1  1     185.9    2000.8 -1     340.1   -3481.2  2       NaN       NaN  3       NaN       NaN
  2790  0     257.8    -796.1  1     185.6    2011.2 -1     340.5   -3489.7  2       NaN       NaN  3       NaN       NaN
  2800  0     257.8    -796.1  1     185.3    2021.5 -1     341.0   -3498.3  2       NaN       NaN  3       NaN       NaN
  2810  0     257.7    -796.1  1     185.0    2031.9 -1     341.4   -3506.9  2       NaN       NaN  3       NaN       NaN
  2820  0     257.7    -796.0  1     184.7    2042.3 -1     341.9   -3515.4  2       NaN       NaN  3       NaN       NaN
  2830  0     257.7    -796.0  1     184.3    2052.7 -1     342.3   -3524.0  2       NaN       NaN  3       NaN       NaN
  2840  0     257.7    -796.0  1     184.0    2063.0 -1     342.8   -3532.5  2       NaN       NaN  3       NaN       NaN
  2850  0     257.6    -796.0  1     183.7    2073.4 -1     343.2   -3541.0  2       NaN       NaN  3       NaN       NaN
  2860  0     257.6    -796.0  1     183.4    2083.8 -1     343.7   -3549.5  2       NaN       NaN  3       NaN       NaN
  2870  0     257.6    -795.9  1     183.1    2094.2 -1     344.1   -3558.0  2       NaN       NaN  3       NaN       NaN
  2880  0     257.5    -795.9  1     182.8    2104.6 -1     344.6   -3566.5  2       NaN       NaN  3       NaN       NaN
  2890  0     257.5    -795.9  1     182.5    2115.0 -1     345.0   -3574.9  2       NaN       NaN  3       NaN       NaN
  2900  0     257.4    -795.9  1     182.2    2125.4 -1     345.5   -3583.4  2       NaN       NaN  3       NaN       NaN
  2910  0     257.4    -795.9  1     181.8    2135.8 -1     345.9   -3591.8  2       NaN       NaN  3       NaN       NaN
  2920  0     257.4    -795.9  1     181.5    2146.2 -1     346.4   -3600.2  2       NaN       NaN  3       NaN       NaN
  2930  0     257.3    -795.8  1     181.2    2156.6 -1     346.8   -3608.7  2       NaN       NaN  3       NaN       NaN
  2940  0     257.3    -795.8  1     180.9    2167.0 -1     347.3   -3617.1  2       NaN       NaN  3       NaN       NaN
  2950  0     257.2    -795.8  1     180.6    2177.4 -1     347.7   -3625.5  2       NaN       NaN  3       NaN       NaN
  2960  0     257.2    -795.8  1     180.2    2187.8 -1     348.2   -3633.9  2       NaN       NaN  3       NaN       NaN
  2970  0     257.1    -795.8  1     179.9    2198.2 -1     348.7   -3642.2  2       NaN       NaN  3       NaN       NaN
  2980  0     257.1    -795.8  1     179.6    2208.7 -1     349.1   -3650.6  2       NaN       NaN  3       NaN       NaN
  2990  0     257.0    -795.8  1     179.2    2219.1 -1     349.6   -3658.9  2       NaN       NaN  3       NaN       NaN
  3000  0     256.9    -795.8  1     178.9    2229.5 -1     350.0   -3667.3  2       NaN       NaN  3       NaN       NaN
  3010  0     256.9    -795.8  1       NaN       NaN -1       NaN       NaN  2       NaN       NaN  3       NaN       NaN
  3020  0     256.8    -795.7  1       NaN       NaN -1       NaN       NaN  2       NaN       NaN  3       NaN       NaN
  3030  0     256.8    -795.7  1       NaN       NaN -1       NaN       NaN  2       NaN       NaN  3       NaN       NaN
  3040  0     256.7    -795.7  1       NaN       NaN -1       NaN       NaN  2       NaN       NaN  3       NaN       NaN
  3050  0     256.6    -795.7  1       NaN       NaN -1       NaN       NaN  2       NaN       NaN  3       NaN       NaN
  3060  0     256.6    -795.7  1       NaN       NaN -1       NaN       NaN  2       NaN       NaN  3       NaN       NaN
  3070  0     256.5    -795.7  1       NaN       NaN -1       NaN       NaN  2       NaN       NaN  3       NaN       NaN
  3080  0     256.4    -795.7  1       NaN       NaN -1       NaN       NaN  2       NaN       NaN  3       NaN       NaN
  3090  0     256.4    -795.7  1       NaN       NaN -1       NaN       NaN  2       NaN       NaN  3       NaN       NaN
  3100  0     256.3    -795.7  1       NaN       NaN -1       NaN       NaN  2       NaN       NaN  3       NaN       NaN
  3110  0     256.2    -795.7  1       NaN       NaN -1       NaN       NaN  2       NaN       NaN  3       NaN       NaN
  3120  0     256.1    -795.7  1       NaN       NaN -1       NaN       NaN  2       NaN       NaN  3       NaN       NaN
  3130  0     256.1    -795.7  1       NaN       NaN -1       NaN       NaN  2       NaN       NaN  3       NaN       NaN
  3140  0     256.0    -795.7  1       NaN       NaN -1       NaN       NaN  2       NaN       NaN  3       NaN       NaN
  3150  0     255.9    -795.7  1       NaN       NaN -1       NaN       NaN  2       NaN       NaN  3       NaN       NaN
  3160  0     255.8    -795.7  1       NaN       NaN -1       NaN       NaN  2       NaN       NaN  3       NaN       NaN
  3170  0     255.7    -795.7  1       NaN       NaN -1       NaN       NaN  2       NaN       NaN  3       NaN       NaN
  3180  0     255.6    -795.7  1       NaN       NaN -1       NaN       NaN  2       NaN       NaN  3       NaN       NaN
  3190  0     255.6    -795.7  1       NaN       NaN -1       NaN       NaN  2       NaN       NaN  3       NaN       NaN
  3200  0     255.5    -795.7  1       NaN       NaN -1       NaN       NaN  2       NaN       NaN  3       NaN       NaN
  3210  0     255.4    -795.8  1       NaN       NaN -1       NaN       NaN  2       NaN       NaN  3       NaN       NaN
  3220  0     255.3    -795.8  1       NaN       NaN -1       NaN       NaN  2       NaN       NaN  3       NaN       NaN
  3230  0     255.2    -795.8  1       NaN       NaN -1       NaN       NaN  2       NaN       NaN  3       NaN       NaN
  3240  0     255.1    -795.8  1       NaN       NaN -1       NaN       NaN  2       NaN       NaN  3       NaN       NaN
  3250  0     255.0    -795.8  1       NaN       NaN -1       NaN       NaN  2       NaN       NaN  3       NaN       NaN
  3260  0     254.9    -795.8  1       NaN       NaN -1       NaN       NaN  2       NaN       NaN  3       NaN       NaN
  3270  0     254.8    -795.8  1       NaN       NaN -1       NaN       NaN  2       NaN       NaN  3       NaN       NaN
  3280  0     254.7    -795.8  1       NaN       NaN -1       NaN       NaN  2       NaN       NaN  3       NaN       NaN
  3290  0     254.6    -795.8  1       NaN       NaN -1       NaN       NaN  2       NaN       NaN  3       NaN       NaN
  3300  0     254.5    -795.8  1       NaN       NaN -1       NaN       NaN  2       NaN       NaN  3       NaN       NaN
  3310  0     254.4    -795.9  1       NaN       NaN -1       NaN       NaN  2       NaN       NaN  3       NaN       NaN
  3320  0     254.3    -795.9  1       NaN       NaN -1       NaN       NaN  2       NaN       NaN  3       NaN       NaN
  3330  0     254.1    -795.9  1       NaN       NaN -1       NaN       NaN  2       NaN       NaN  3       NaN       NaN
  3340  0     254.0    -795.9  1       NaN       NaN -1       NaN       NaN  2       NaN       NaN  3       NaN       NaN
  3350  0     253.9    -795.9  1       NaN       NaN -1       NaN       NaN  2       NaN       NaN  3       NaN       NaN
  3360  0     253.8    -795.9  1       NaN       NaN -1       NaN       NaN  2       NaN       NaN  3       NaN       NaN
  3370  0     253.7    -796.0  1       NaN       NaN -1       NaN       NaN  2       NaN       NaN  3       NaN       NaN
  3380  0     253.6    -796.0  1       NaN       NaN -1       NaN       NaN  2       NaN       NaN  3       NaN       NaN
  3390  0     253.4    -796.0  1       NaN       NaN -1       NaN       NaN  2       NaN       NaN  3       NaN       NaN
  3400  0     253.3    -796.0  1       NaN       NaN -1       NaN       NaN  2       NaN       NaN  3       NaN       NaN
  3410  0     253.2    -796.0  1       NaN       NaN -1       NaN       NaN  2       NaN       NaN  3       NaN       NaN
  3420  0     253.1    -796.1  1       NaN       NaN -1       NaN       NaN  2       NaN       NaN  3       NaN       NaN
  3430  0     252.9    -796.1  1       NaN       NaN -1       NaN       NaN  2       NaN       NaN  3       NaN       NaN
  3440  0     252.8    -796.1  1       NaN       NaN -1       NaN       NaN  2       NaN       NaN  3       NaN       NaN
  3450  0     252.7    -796.1  1       NaN       NaN -1       NaN       NaN  2       NaN       NaN  3       NaN       NaN
  3460  0     252.5    -796.2  1       NaN       NaN -1       NaN       NaN  2       NaN       NaN  3       NaN       NaN
  3470  0     252.4    -796.2  1       NaN       NaN -1       NaN       NaN  2       NaN       NaN  3       NaN       NaN
  3480  0     252.3    -796.2  1       NaN       NaN -1       NaN       NaN  2       NaN       NaN  3       NaN       NaN
  3490  0     252.1    -796.2  1       NaN       NaN -1       NaN       NaN  2       NaN       NaN  3       NaN       NaN
  3500  0     252.0    -796.3  1       NaN       NaN -1       NaN       NaN  2       NaN       NaN  3       NaN       NaN
  3510  0     251.9    -796.3  1       NaN       NaN -1       NaN       NaN  2       NaN       NaN  3       NaN       NaN
  3520  0     251.7    -796.3  1       NaN       NaN -1       NaN       NaN  2       NaN       NaN  3       NaN       NaN
  3530  0     251.6    -796.4  1       NaN       NaN -1       NaN       NaN  2       NaN       NaN  3       NaN       NaN
  3540  0     251.4    -796.4  1       NaN       NaN -1       NaN       NaN  2       NaN       NaN  3       NaN       NaN
  3550  0     251.3    -796.4  1       NaN       NaN -1       NaN       NaN  2       NaN       NaN  3       NaN       NaN
  3560  0     251.1    -796.5  1       NaN       NaN -1       NaN       NaN  2       NaN       NaN  3       NaN       NaN
  3570  0     251.0    -796.5  1       NaN       NaN -1       NaN       NaN  2       NaN       NaN  3       NaN       NaN
  3580  0     250.8    -796.5  1       NaN       NaN -1       NaN       NaN  2       NaN       NaN  3       NaN       NaN
  3590  0     250.7    -796.6  1       NaN       NaN -1       NaN       NaN  2       NaN       NaN  3       NaN       NaN
  3600  0     250.5    -796.6  1       NaN       NaN -1       NaN       NaN  2       NaN       NaN  3       NaN       NaN
  3610  0     250.4    -796.6  1       NaN       NaN -1       NaN       NaN  2       NaN       NaN  3       NaN       NaN
  3620  0     250.2    -796.7  1       NaN       NaN -1       NaN       NaN  2       NaN       NaN  3       NaN       NaN
  3630  0     250.0    -796.7  1       NaN       NaN -1       NaN       NaN  2       NaN       NaN  3       NaN       NaN
  3640  0     249.9    -796.7  1       NaN       NaN -1       NaN       NaN  2       NaN       NaN  3       NaN       NaN
  3650  0     249.7    -796.8  1       NaN       NaN -1       NaN       NaN  2       NaN       NaN  3       NaN       NaN
  3660  0     249.5    -796.8  1       NaN       NaN -1       NaN       NaN  2       NaN       NaN  3       NaN       NaN
  3670  0     249.4    -796.9  1       NaN       NaN -1       NaN       NaN  2       NaN       NaN  3       NaN       NaN
  3680  0     249.2    -796.9  1       NaN       NaN -1       NaN       NaN  2       NaN       NaN  3       NaN       NaN
  3690  0     249.0    -796.9  1       NaN       NaN -1       NaN       NaN  2       NaN       NaN  3       NaN       NaN
  3700  0     248.9    -797.0  1       NaN       NaN -1       NaN       NaN  2       NaN       NaN  3       NaN       NaN
  3710  0     248.7    -797.0  1       NaN       NaN -1       NaN       NaN  2       NaN       NaN  3       NaN       NaN
  3720  0     248.5    -797.1  1       NaN       NaN -1       NaN       NaN  2       NaN       NaN  3       NaN       NaN
  3730  0     248.3    -797.1  1       NaN       NaN -1       NaN       NaN  2       NaN       NaN  3       NaN       NaN
  3740  0     248.2    -797.2  1       NaN       NaN -1       NaN       NaN  2       NaN       NaN  3       NaN       NaN
  3750  0     248.0    -797.2  1       NaN       NaN -1       NaN       NaN  2       NaN       NaN  3       NaN       NaN
  3760  0     247.8    -797.3  1       NaN       NaN -1       NaN       NaN  2       NaN       NaN  3       NaN       NaN
  3770  0     247.6    -797.3  1       NaN       NaN -1       NaN       NaN  2       NaN       NaN  3       NaN       NaN
  3780  0     247.4    -797.4  1       NaN       NaN -1       NaN       NaN  2       NaN       NaN  3       NaN       NaN
  3790  0     247.2    -797.4  1       NaN       NaN -1       NaN       NaN  2       NaN       NaN  3       NaN       NaN
  3800  0     247.0    -797.5  1       NaN       NaN -1       NaN       NaN  2       NaN       NaN  3       NaN       NaN
  3810  0     246.9    -797.5  1       NaN       NaN -1       NaN       NaN  2       NaN       NaN  3       NaN       NaN
  3820  0     246.7    -797.6  1       NaN       NaN -1       NaN       NaN  2       NaN       NaN  3       NaN       NaN
  3830  0     246.5    -797.6  1       NaN       NaN -1       NaN       NaN  2       NaN       NaN  3       NaN       NaN
  3840  0     246.3    -797.7  1       NaN       NaN -1       NaN       NaN  2       NaN       NaN  3       NaN       NaN
  3850  0     246.1    -797.7  1       NaN       NaN -1       NaN       NaN  2       NaN       NaN  3       NaN       NaN
  3860  0     245.9    -797.8  1       NaN       NaN -1       NaN       NaN  2       NaN       NaN  3       NaN       NaN
  3870  0     245.7    -797.8  1       NaN       NaN -1       NaN       NaN  2       NaN       NaN  3       NaN       NaN
  3880  0     245.5    -797.9  1       NaN       NaN -1       NaN       NaN  2       NaN       NaN  3       NaN       NaN
  3890  0     245.3    -797.9  1       NaN       NaN -1       NaN       NaN  2       NaN       NaN  3       NaN       NaN
  3900  0     245.1    -798.0  1       NaN       NaN -1       NaN       NaN  2       NaN       NaN  3       NaN       NaN
  3910  0     244.9    -798.1  1       NaN       NaN -1       NaN       NaN  2       NaN       NaN  3       NaN       NaN
  3920  0     244.7    -798.1  1       NaN       NaN -1       NaN       NaN  2       NaN       NaN  3       NaN       NaN
  3930  0     244.4    -798.2  1       NaN       NaN -1       NaN       NaN  2       NaN       NaN  3       NaN       NaN
  3940  0     244.2    -798.2  1       NaN       NaN -1       NaN       NaN  2       NaN       NaN  3       NaN       NaN
  3950  0     244.0    -798.3  1       NaN       NaN -1       NaN       NaN  2       NaN       NaN  3       NaN       NaN
  3960  0     243.8    -798.4  1       NaN       NaN -1       NaN       NaN  2       NaN       NaN  3       NaN       NaN
  3970  0     243.6    -798.4  1       NaN       NaN -1       NaN       NaN  2       NaN       NaN  3       NaN       NaN
  3980  0     243.4    -798.5  1       NaN       NaN -1       NaN       NaN  2       NaN       NaN  3       NaN       NaN
  3990  0     243.1    -798.6  1       NaN       NaN -1       NaN       NaN  2       NaN       NaN  3       NaN       NaN
  4000  0     242.9    -798.6  1       NaN       NaN -1       NaN       NaN  2       NaN       NaN  3       NaN       NaN
  4010  0     242.7    -798.7  1       NaN       NaN -1       NaN       NaN  2       NaN       NaN  3       NaN       NaN
  4020  0     242.5    -798.7  1       NaN       NaN -1       NaN       NaN  2       NaN       NaN  3       NaN       NaN
  4030  0     242.2    -798.8  1       NaN       NaN -1       NaN       NaN  2       NaN       NaN  3       NaN       NaN
  4040  0     242.0    -798.9  1       NaN       NaN -1       NaN       NaN  2       NaN       NaN  3       NaN       NaN
  4050  0     241.8    -799.0  1       NaN       NaN -1       NaN       NaN  2       NaN       NaN  3       NaN       NaN
  4060  0     241.6    -799.0  1       NaN       NaN -1       NaN       NaN  2       NaN       NaN  3       NaN       NaN
  4070  0     241.3    -799.1  1       NaN       NaN -1       NaN       NaN  2       NaN       NaN  3       NaN       NaN
  4080  0     241.1    -799.2  1       NaN       NaN -1       NaN       NaN  2       NaN       NaN  3       NaN       NaN
  4090  0     240.8    -799.2  1       NaN       NaN -1       NaN       NaN  2       NaN       NaN  3       NaN       NaN
  4100  0     240.6    -799.3  1       NaN       NaN -1       NaN       NaN  2       NaN       NaN  3       NaN       NaN
  4110  0     240.4    -799.4  1       NaN       NaN -1       NaN       NaN  2       NaN       NaN  3       NaN       NaN
  4120  0     240.1    -799.5  1       NaN       NaN -1       NaN       NaN  2       NaN       NaN  3       NaN       NaN
  4130  0     239.9    -799.5  1       NaN       NaN -1       NaN       NaN  2       NaN       NaN  3       NaN       NaN
  4140  0     239.6    -799.6  1       NaN       NaN -1       NaN       NaN  2       NaN       NaN  3       NaN       NaN
  4150  0     239.4    -799.7  1       NaN       NaN -1       NaN       NaN  2       NaN       NaN  3       NaN       NaN
  4160  0     239.1    -799.8  1       NaN       NaN -1       NaN       NaN  2       NaN       NaN  3       NaN       NaN
  4170  0     238.9    -799.8  1       NaN       NaN -1       NaN       NaN  2       NaN       NaN  3       NaN       NaN
  4180  0     238.6    -799.9  1       NaN       NaN -1       NaN       NaN  2       NaN       NaN  3       NaN       NaN
  4190  0     238.4    -800.0  1       NaN       NaN -1       NaN       NaN  2       NaN       NaN  3       NaN       NaN
  4200  0     238.1    -800.1  1       NaN       NaN -1       NaN       NaN  2       NaN       NaN  3       NaN       NaN
  4210  0     237.9    -800.1  1       NaN       NaN -1       NaN       NaN  2       NaN       NaN  3       NaN       NaN
  4220  0     237.6    -800.2  1       NaN       NaN -1       NaN       NaN  2       NaN       NaN  3       NaN       NaN
  4230  0     237.4    -800.3  1       NaN       NaN -1       NaN       NaN  2       NaN       NaN  3       NaN       NaN
  4240  0     237.1    -800.4  1       NaN       NaN -1       NaN       NaN  2       NaN       NaN  3       NaN       NaN
  4250  0     236.8    -800.5  1       NaN       NaN -1       NaN       NaN  2       NaN       NaN  3       NaN       NaN
  4260  0     236.6    -800.6  1       NaN       NaN -1       NaN       NaN  2       NaN       NaN  3       NaN       NaN
  4270  0     236.3    -800.6  1       NaN       NaN -1       NaN       NaN  2       NaN       NaN  3       NaN       NaN
  4280  0     236.0    -800.7  1       NaN       NaN -1       NaN       NaN  2       NaN       NaN  3       NaN       NaN
  4290  0     235.8    -800.8  1       NaN       NaN -1       NaN       NaN  2       NaN       NaN  3       NaN       NaN
  4300  0     235.5    -800.9  1       NaN       NaN -1       NaN       NaN  2       NaN       NaN  3       NaN       NaN
  4310  0     235.2    -801.0  1       NaN       NaN -1       NaN       NaN  2       NaN       NaN  3       NaN       NaN
  4320  0     234.9    -801.1  1       NaN       NaN -1       NaN       NaN  2       NaN       NaN  3       NaN       NaN
  4330  0     234.7    -801.2  1       NaN       NaN -1       NaN       NaN  2       NaN       NaN  3       NaN       NaN
  4340  0     234.4    -801.3  1       NaN       NaN -1       NaN       NaN  2       NaN       NaN  3       NaN       NaN
  4350  0     234.1    -801.4  1       NaN       NaN -1       NaN       NaN  2       NaN       NaN  3       NaN       NaN
  4360  0     233.8    -801.4  1       NaN       NaN -1       NaN       NaN  2       NaN       NaN  3       NaN       NaN
  4370  0     233.5    -801.5  1       NaN       NaN -1       NaN       NaN  2       NaN       NaN  3       NaN       NaN
  4380  0     233.3    -801.6  1       NaN       NaN -1       NaN       NaN  2       NaN       NaN  3       NaN       NaN
  4390  0     233.0    -801.7  1       NaN       NaN -1       NaN       NaN  2       NaN       NaN  3       NaN       NaN
  4400  0     232.7    -801.8  1       NaN       NaN -1       NaN       NaN  2       NaN       NaN  3       NaN       NaN
  4410  0     232.4    -801.9  1       NaN       NaN -1       NaN       NaN  2       NaN       NaN  3       NaN       NaN
  4420  0     232.1    -802.0  1       NaN       NaN -1       NaN       NaN  2       NaN       NaN  3       NaN       NaN
  4430  0     231.8    -802.1  1       NaN       NaN -1       NaN       NaN  2       NaN       NaN  3       NaN       NaN
  4440  0     231.5    -802.2  1       NaN       NaN -1       NaN       NaN  2       NaN       NaN  3       NaN       NaN
  4450  0     231.2    -802.3  1       NaN       NaN -1       NaN       NaN  2       NaN       NaN  3       NaN       NaN
  4460  0     230.9    -802.4  1       NaN       NaN -1       NaN       NaN  2       NaN       NaN  3       NaN       NaN
  4470  0     230.6    -802.5  1       NaN       NaN -1       NaN       NaN  2       NaN       NaN  3       NaN       NaN
  4480  0     230.3    -802.6  1       NaN       NaN -1       NaN       NaN  2       NaN       NaN  3       NaN       NaN
  4490  0     230.0    -802.7  1       NaN       NaN -1       NaN       NaN  2       NaN       NaN  3       NaN       NaN
  4500  0     229.7    -802.8  1       NaN       NaN -1       NaN       NaN  2       NaN       NaN  3       NaN       NaN
  4510  0     229.4    -802.9  1       NaN       NaN -1       NaN       NaN  2       NaN       NaN  3       NaN       NaN
  4520  0     229.1    -803.0  1       NaN       NaN -1       NaN       NaN  2       NaN       NaN  3       NaN       NaN
  4530  0     228.8    -803.1  1       NaN       NaN -1       NaN       NaN  2       NaN       NaN  3       NaN       NaN
  4540  0     228.5    -803.2  1       NaN       NaN -1       NaN       NaN  2       NaN       NaN  3       NaN       NaN
  4550  0     228.2    -803.3  1       NaN       NaN -1       NaN       NaN  2       NaN       NaN  3       NaN       NaN
  4560  0     227.9    -803.4  1       NaN       NaN -1       NaN       NaN  2       NaN       NaN  3       NaN       NaN
  4570  0     227.5    -803.5  1       NaN       NaN -1       NaN       NaN  2       NaN       NaN  3       NaN       NaN
  4580  0     227.2    -803.6  1       NaN       NaN -1       NaN       NaN  2       NaN       NaN  3       NaN       NaN
  4590  0     226.9    -803.8  1       NaN       NaN -1       NaN       NaN  2       NaN       NaN  3       NaN       NaN
  4600  0     226.6    -803.9  1       NaN       NaN -1       NaN       NaN  2       NaN       NaN  3       NaN       NaN
  4610  0     226.3    -804.0  1       NaN       NaN -1       NaN       NaN  2       NaN       NaN  3       NaN       NaN
  4620  0     225.9    -804.1  1       NaN       NaN -1       NaN       NaN  2       NaN       NaN  3       NaN       NaN
  4630  0     225.6    -804.2  1       NaN       NaN -1       NaN       NaN  2       NaN       NaN  3       NaN       NaN
  4640  0     225.3    -804.3  1       NaN       NaN -1       NaN       NaN  2       NaN       NaN  3       NaN       NaN
  4650  0     224.9    -804.4  1       NaN       NaN -1       NaN       NaN  2       NaN       NaN  3       NaN       NaN
  4660  0     224.6    -804.5  1       NaN       NaN -1       NaN       NaN  2       NaN       NaN  3       NaN       NaN
  4670  0     224.3    -804.6  1       NaN       NaN -1       NaN       NaN  2       NaN       NaN  3       NaN       NaN
  4680  0     224.0    -804.8  1       NaN       NaN -1       NaN       NaN  2       NaN       NaN  3       NaN       NaN
  4690  0     223.6    -804.9  1       NaN       NaN -1       NaN       NaN  2       NaN       NaN  3       NaN       NaN
  4700  0     223.3    -805.0  1       NaN       NaN -1       NaN       NaN  2       NaN       NaN  3       NaN       NaN
  4710  0     222.9    -805.1  1       NaN       NaN -1       NaN       NaN  2       NaN       NaN  3       NaN       NaN
  4720  0     222.6    -805.2  1       NaN       NaN -1       NaN       NaN  2       NaN       NaN  3       NaN       NaN
  4730  0     222.3    -805.3  1       NaN       NaN -1       NaN       NaN  2       NaN       NaN  3       NaN       NaN
  4740  0     221.9    -805.5  1       NaN       NaN -1       NaN       NaN  2       NaN       NaN  3       NaN       NaN
  4750  0     221.6    -805.6  1       NaN       NaN -1       NaN       NaN  2       NaN       NaN  3       NaN       NaN
  4760  0     221.2    -805.7  1       NaN       NaN -1       NaN       NaN  2       NaN       NaN  3       NaN       NaN
  4770  0     220.9    -805.8  1       NaN       NaN -1       NaN       NaN  2       NaN       NaN  3       NaN       NaN
  4780  0     220.5    -805.9  1       NaN       NaN -1       NaN       NaN  2       NaN       NaN  3       NaN       NaN
  4790  0     220.2    -806.1  1       NaN       NaN -1       NaN       NaN  2       NaN       NaN  3       NaN       NaN
  4800  0     219.8    -806.2  1       NaN       NaN -1       NaN       NaN  2       NaN       NaN  3       NaN       NaN
  4810  0     219.5    -806.3  1       NaN       NaN -1       NaN       NaN  2       NaN       NaN  3       NaN       NaN
  4820  0     219.1    -806.4  1       NaN       NaN -1       NaN       NaN  2       NaN       NaN  3       NaN       NaN
  4830  0     218.7    -806.6  1       NaN       NaN -1       NaN       NaN  2       NaN       NaN  3       NaN       NaN
  4840  0     218.4    -806.7  1       NaN       NaN -1       NaN       NaN  2       NaN       NaN  3       NaN       NaN
  4850  0     218.0    -806.8  1       NaN       NaN -1       NaN       NaN  2       NaN       NaN  3       NaN       NaN
  4860  0     217.7    -807.0  1       NaN       NaN -1       NaN       NaN  2       NaN       NaN  3       NaN       NaN
  4870  0     217.3    -807.1  1       NaN       NaN -1       NaN       NaN  2       NaN       NaN  3       NaN       NaN
  4880  0     216.9    -807.2  1       NaN       NaN -1       NaN       NaN  2       NaN       NaN  3       NaN       NaN
  4890  0     216.6    -807.3  1       NaN       NaN -1       NaN       NaN  2       NaN       NaN  3       NaN       NaN
  4900  0     216.2    -807.5  1       NaN       NaN -1       NaN       NaN  2       NaN       NaN  3       NaN       NaN
  4910  0     215.8    -807.6  1       NaN       NaN -1       NaN       NaN  2       NaN       NaN  3       NaN       NaN
  4920  0     215.4    -807.7  1       NaN       NaN -1       NaN       NaN  2       NaN       NaN  3       NaN       NaN
  4930  0     215.1    -807.9  1       NaN       NaN -1       NaN       NaN  2       NaN       NaN  3       NaN       NaN
  4940  0     214.7    -808.0  1       NaN       NaN -1       NaN       NaN  2       NaN       NaN  3       NaN       NaN
  4950  0     214.3    -808.1  1       NaN       NaN -1       NaN       NaN  2       NaN       NaN  3       NaN       NaN
  4960  0     213.9    -808.3  1       NaN       NaN -1       NaN       NaN  2       NaN       NaN  3       NaN       NaN
  4970  0     213.5    -808.4  1       NaN       NaN -1       NaN       NaN  2       NaN       NaN  3       NaN       NaN
  4980  0     213.2    -808.6  1       NaN       NaN -1       NaN       NaN  2       NaN       NaN  3       NaN       NaN
  4990  0     212.8    -808.7  1       NaN       NaN -1       NaN       NaN  2       NaN       NaN  3       NaN       NaN
  5000  0     212.4    -808.8  1       NaN       NaN -1       NaN       NaN  2       NaN       NaN  3       NaN       NaN
  5010  0     212.0    -809.0  1       NaN       NaN -1       NaN       NaN  2       NaN       NaN  3       NaN       NaN
  5020  0     211.6    -809.1  1       NaN       NaN -1       NaN       NaN  2       NaN       NaN  3       NaN       NaN
  5030  0     211.2    -809.2  1       NaN       NaN -1       NaN       NaN  2       NaN       NaN  3       NaN       NaN
  5040  0     210.8    -809.4  1       NaN       NaN -1       NaN       NaN  2       NaN       NaN  3       NaN       NaN
  5050  0     210.4    -809.5  1       NaN       NaN -1       NaN       NaN  2       NaN       NaN  3       NaN       NaN
  5060  0     210.0    -809.7  1       NaN       NaN -1       NaN       NaN  2       NaN       NaN  3       NaN       NaN
  5070  0     209.6    -809.8  1       NaN       NaN -1       NaN       NaN  2       NaN       NaN  3       NaN       NaN
  5080  0     209.2    -810.0  1       NaN       NaN -1       NaN       NaN  2       NaN       NaN  3       NaN       NaN
  5090  0     208.8    -810.1  1       NaN       NaN -1       NaN       NaN  2       NaN       NaN  3       NaN       NaN
  5100  0     208.4    -810.3  1       NaN       NaN -1       NaN       NaN  2       NaN       NaN  3       NaN       NaN
  5110  0     208.0    -810.4  1       NaN       NaN -1       NaN       NaN  2       NaN       NaN  3       NaN       NaN
  5120  0     207.6    -810.5  1       NaN       NaN -1       NaN       NaN  2       NaN       NaN  3       NaN       NaN
  5130  0     207.2    -810.7  1       NaN       NaN -1       NaN       NaN  2       NaN       NaN  3       NaN       NaN
  5140  0     206.8    -810.8  1       NaN       NaN -1       NaN       NaN  2       NaN       NaN  3       NaN       NaN
  5150  0     206.4    -811.0  1       NaN       NaN -1       NaN       NaN  2       NaN       NaN  3       NaN       NaN
  5160  0     206.0    -811.1  1       NaN       NaN -1       NaN       NaN  2       NaN       NaN  3       NaN       NaN
  5170  0     205.5    -811.3  1       NaN       NaN -1       NaN       NaN  2       NaN       NaN  3       NaN       NaN
  5180  0     205.1    -811.4  1       NaN       NaN -1       NaN       NaN  2       NaN       NaN  3       NaN       NaN
  5190  0     204.7    -811.6  1       NaN       NaN -1       NaN       NaN  2       NaN       NaN  3       NaN       NaN
