    13476.09961        0.00008
    13481.09961        0.00007
    13486.09961        0.00000
    13491.09961       -0.00005
    13496.09961        0.00003
    13501.09961        0.00003
    13506.09961        0.00004
    13511.09961        0.00002
    13516.00000       -0.00000
    13521.00000        0.00000
    13526.00000        0.00005
    13531.00000       -0.00005
    13536.00000        0.00001
    13541.00000        0.00005
    13546.00000        0.00002
    13551.00000        0.00003
    13556.00000        0.00002
    13561.00000        0.00005
    13566.00000        0.00003
    13570.89941        0.00008
    13575.89941        0.00009
    13580.89941        0.00008
    13585.89941        0.00013
    13590.89941        0.00006
    13595.89941        0.00021
    13600.89941        0.00016
    13605.89941        0.00014
    13610.89941        0.00016
    13615.89941        0.00015
    13620.89941        0.00019
    13625.79980        0.00011
    13630.79980        0.00015
    13635.79980        0.00028
    13640.79980        0.00022
    13645.79980        0.00031
    13650.79980        0.00021
    13655.79980        0.00038
    13660.79980        0.00041
    13665.79980        0.00037
    13670.79980        0.00053
    13675.79980        0.00048
    13680.69922        0.00054
    13685.69922        0.00051
    13690.69922        0.00061
    13695.69922        0.00065
    13700.69922        0.00070
    13705.69922        0.00069
    13710.69922        0.00089
    13715.69922        0.00084
    13720.69922        0.00086
    13725.69922        0.00094
    13730.69922        0.00117
    13735.69922        0.00115
    13740.60059        0.00122
    13745.60059        0.00131
    13750.60059        0.00142
    13755.60059        0.00160
    13760.60059        0.00172
    13765.60059        0.00183
    13770.60059        0.00192
    13775.60059        0.00211
    13780.60059        0.00233
    13785.60059        0.00236
    13790.60059        0.00260
    13795.50000        0.00281
    13800.50000        0.00306
    13805.50000        0.00308
    13810.50000        0.00317
    13815.50000        0.00343
    13820.50000        0.00367
    13825.50000        0.00381
    13830.50000        0.00400
    13835.50000        0.00415
    13840.50000        0.00442
    13845.50000        0.00464
    13850.40039        0.00492
    13855.40039        0.00519
    13860.40039        0.00555
    13865.40039        0.00597
    13870.40039        0.00636
    13875.40039        0.00698
    13880.40039        0.00749
    13885.40039        0.00805
    13890.40039        0.00886
    13895.30078        0.00968
    13900.30078        0.01078
    13905.20020        0.01194
    13910.09961        0.01324
    13915.00000        0.01485
    13920.00000        0.01677
    13924.90039        0.01877
    13929.79980        0.02117
    13934.79980        0.02441
    13939.69922        0.02702
    13944.59961        0.03056
    13949.50000        0.03489
    13954.50000        0.03952
    13959.39941        0.04462
    13964.59961        0.05035
    13969.69922        0.05633
    13974.90039        0.06300
    13980.00000        0.06915
    13985.20020        0.07710
    13990.30078        0.08529
    13995.50000        0.09375
    14000.60059        0.10236
    14005.79980        0.11099
    14010.89941        0.12036
    14016.09961        0.13058
    14021.20020        0.14530
    14026.40039        0.15278
    14031.50000        0.16533
    14036.70020        0.17908
    14041.89941        0.19537
    14047.00000        0.20957
    14052.19922        0.23194
    14057.29980        0.25386
    14062.50000        0.27908
    14067.59961        0.30460
    14072.80078        0.33515
    14077.90039        0.37016
    14083.10059        0.40664
    14088.19922        0.44506
    14093.39941        0.48625
    14098.70020        0.52833
    14103.90039        0.56948
    14109.10059        0.60912
    14114.30078        0.64733
    14119.50000        0.68352
    14124.69922        0.71325
    14129.90039        0.73941
    14135.09961        0.76062
    14140.30078        0.77760
    14145.20020        0.79162
    14150.20020        0.80173
    14155.09961        0.81041
    14160.09961        0.81724
    14165.09961        0.82443
    14170.00000        0.82935
    14175.00000        0.83598
    14179.90039        0.84306
    14184.90039        0.85114
    14189.90039        0.85877
    14194.79980        0.86709
    14199.79980        0.87610
    14204.69922        0.88458
    14209.69922        0.89403
    14214.69922        0.90061
    14219.59961        0.90885
    14224.59961        0.91527
    14229.50000        0.91871
    14234.50000        0.92503
    14239.50000        0.92733
    14244.39941        0.93005
    14249.39941        0.92978
    14254.30078        0.93180
    14259.30078        0.92982
    14264.20020        0.93036
    14269.20020        0.92856
    14274.20020        0.92695
    14279.10059        0.92584
    14284.10059        0.92409
    14289.00000        0.92296
    14294.00000        0.92145
    14299.00000        0.91650
    14303.90039        0.91998
    14308.90039        0.91905
    14313.79980        0.91818
    14318.79980        0.91354
    14323.79980        0.91847
    14328.70020        0.91778
    14333.70020        0.91750
    14338.59961        0.91747
    14343.59961        0.91732
    14348.50000        0.91625
    14353.50000        0.91618
    14358.50000        0.91530
    14363.39941        0.91467
    14368.39941        0.91679
    14373.29980        0.91326
    14378.29980        0.91273
    14383.29980        0.91297
    14388.19922        0.91486
    14393.19922        0.91423
    14398.10059        0.91548
    14403.10059        0.91620
    14408.00000        0.91939
    14413.00000        0.92181
    14418.00000        0.92528
    14422.90039        0.92771
    14427.90039        0.93150
    14432.80078        0.93302
    14437.80078        0.93938
    14442.80078        0.94368
    14447.70020        0.94744
    14452.70020        0.95076
    14457.59961        0.95450
    14462.59961        0.95670
    14467.50000        0.95927
    14472.50000        0.96025
    14477.50000        0.96224
    14482.40039        0.96209
    14487.40039        0.96148
    14492.29980        0.96055
    14497.29980        0.95933
    14502.29980        0.95603
    14507.19922        0.95424
    14512.19922        0.95119
    14517.09961        0.94831
    14522.09961        0.94494
    14527.00000        0.94132
    14532.00000        0.93856
    14537.00000        0.93533
    14541.89941        0.93275
    14546.89941        0.93027
    14551.80078        0.92748
    14556.80078        0.92532
    14561.80078        0.92365
    14566.70020        0.92217
    14571.70020        0.92043
    14576.60059        0.92032
    14581.60059        0.91880
    14586.50000        0.91756
    14591.50000        0.91676
    14596.50000        0.91622
    14601.40039        0.91607
    14606.40039        0.91623
    14611.29980        0.91644
    14616.29980        0.91599
    14621.29980        0.91628
    14626.20020        0.91724
    14631.20020        0.91770
    14636.09961        0.91820
    14641.09961        0.91950
    14646.09961        0.92098
    14651.00000        0.92183
    14656.00000        0.92423
    14660.89941        0.92662
    14665.89941        0.92883
    14670.79980        0.93105
    14675.79980        0.93386
    14680.79980        0.93672
    14685.69922        0.93928
    14690.69922        0.94094
    14695.60059        0.94303
    14700.60059        0.94508
    14705.60059        0.94664
    14710.50000        0.94714
    14715.50000        0.94756
    14720.40039        0.94780
    14725.40039        0.94759
    14730.30078        0.94644
    14735.30078        0.94477
    14740.30078        0.94331
    14745.20020        0.94085
    14750.20020        0.93694
    14755.09961        0.93614
    14760.09961        0.93396
    14765.00000        0.93189
    14770.00000        0.93043
    14775.00000        0.92888
    14779.90039        0.92829
    14784.90039        0.92748
    14789.79980        0.92855
    14794.79980        0.92996
    14799.79980        0.93205
    14804.69922        0.93443
    14809.69922        0.93792
    14814.59961        0.94185
    14819.59961        0.94518
    14824.50000        0.94948
    14829.50000        0.95406
    14834.50000        0.95761
    14839.39941        0.96134
    14844.39941        0.96411
    14849.30078        0.96684
    14854.30078        0.96778
    14859.20020        0.96854
    14864.20020        0.96775
    14869.20020        0.96668
    14874.10059        0.96437
    14879.10059        0.96124
    14884.00000        0.95644
    14889.00000        0.95259
    14893.90039        0.94684
    14898.90039        0.94057
    14903.90039        0.93344
    14908.79980        0.92459
    14913.79980        0.91527
    14918.70020        0.90369
    14923.70020        0.89073
    14928.59961        0.87392
    14933.59961        0.85422
    14939.00000        0.83075
    14944.59961        0.80288
    14950.09961        0.77069
    14955.69922        0.73389
    14961.29980        0.69237
    14966.89941        0.64747
    14972.50000        0.59947
    14977.59961        0.55179
    14982.59961        0.50251
    14987.70020        0.45494
    14992.80078        0.40884
    14997.90039        0.36506
    15002.90039        0.32443
    15008.00000        0.28808
    15013.10059        0.25584
    15018.19922        0.22645
    15023.29980        0.20111
    15028.29980        0.17783
    15033.39941        0.15768
    15038.50000        0.14052
    15043.59961        0.12512
    15048.59961        0.11216
    15053.70020        0.10056
    15058.79980        0.09024
    15063.90039        0.08136
    15069.00000        0.07322
    15074.00000        0.06632
    15079.10059        0.06020
    15084.10059        0.05453
    15089.10059        0.04963
    15094.10059        0.04510
    15099.20020        0.04105
    15104.20020        0.03733
    15109.20020        0.03413
    15114.20020        0.03106
    15119.30078        0.02843
    15124.30078        0.02583
    15129.30078        0.02357
    15134.30078        0.02150
    15139.39941        0.01959
    15144.39941        0.01790
    15149.39941        0.01622
    15154.39941        0.01489
    15159.50000        0.01359
    15164.50000        0.01247
    15169.50000        0.01134
    15174.50000        0.01033
    15179.50000        0.00946
    15184.50000        0.00862
    15189.50000        0.00801
    15194.50000        0.00734
    15199.39941        0.00669
    15204.39941        0.00618
    15209.39941        0.00569
    15214.39941        0.00539
    15219.39941        0.00494
    15224.39941        0.00453
    15229.39941        0.00425
    15234.39941        0.00397
    15239.39941        0.00368
    15244.39941        0.00345
    15249.39941        0.00321
    15254.39941        0.00300
    15259.39941        0.00284
    15264.39941        0.00268
    15269.39941        0.00247
    15274.30078        0.00241
    15279.30078        0.00219
    15284.30078        0.00213
    15289.30078        0.00198
    15294.30078        0.00189
    15299.30078        0.00182
    15304.30078        0.00162
    15309.30078        0.00150
    15314.30078        0.00143
    15319.30078        0.00136
    15324.30078        0.00132
    15329.30078        0.00119
    15334.30078        0.00114
    15339.30078        0.00107
    15344.30078        0.00095
    15349.20020        0.00097
    15354.20020        0.00091
    15359.20020        0.00082
    15364.20020        0.00074
    15369.20020        0.00070
    15374.20020        0.00066
    15379.20020        0.00063
    15384.20020        0.00057
    15389.20020        0.00047
    15394.20020        0.00061
    15399.20020        0.00045
    15404.20020        0.00041
    15409.20020        0.00041
    15414.20020        0.00039
    15419.20020        0.00033
    15424.10059        0.00030
    15429.10059        0.00037
    15434.10059        0.00032
    15439.10059        0.00026
    15444.10059        0.00018
    15449.10059        0.00024
    15454.10059        0.00024
    15459.10059        0.00017
    15464.10059        0.00017
    15469.10059        0.00021
    15474.10059        0.00019
