9386.0 0.0099600000
9388.0 0.0100300000
9390.0 0.0102800000
9392.0 0.0106000000
9394.0 0.0107400000
9396.0 0.0109600000
9398.0 0.0111500000
9400.0 0.0113200000
9402.0 0.0114100000
9404.0 0.0117000000
9406.0 0.0120200000
9408.0 0.0123000000
9410.0 0.0125000000
9412.0 0.0127100000
9414.0 0.0128600000
9416.0 0.0131400000
9418.0 0.0134100000
9420.0 0.0137900000
9422.0 0.0140400000
9424.0 0.0142400000
9426.0 0.0145700000
9428.0 0.0148800000
9430.0 0.0151100000
9432.0 0.0154600000
9434.0 0.0158700000
9436.0 0.0162400000
9438.0 0.0164200000
9440.0 0.0166900000
9442.0 0.0170600000
9444.0 0.0172900000
9446.0 0.0176100000
9448.0 0.0179400000
9450.0 0.0183700000
9452.0 0.0186600000
9454.0 0.0190600000
9456.0 0.0195300000
9458.0 0.0198800000
9460.0 0.0204200000
9462.0 0.0209500000
9464.0 0.0214200000
9466.0 0.0217700000
9468.0 0.0222300000
9470.0 0.0227200000
9472.0 0.0233200000
9474.0 0.0238000000
9476.0 0.0244300000
9478.0 0.0249900000
9480.0 0.0255700000
9482.0 0.0261400000
9484.0 0.0267200000
9486.0 0.0273100000
9488.0 0.0279400000
9490.0 0.0284900000
9492.0 0.0290700000
9494.0 0.0297900000
9496.0 0.0305600000
9498.0 0.0313700000
9500.0 0.0320400000
9502.0 0.0328200000
9504.0 0.0335500000
9506.0 0.0344100000
9508.0 0.0353100000
9510.0 0.0361300000
9512.0 0.0369300000
9514.0 0.0378400000
9516.0 0.0387300000
9518.0 0.0397000000
9520.0 0.0407400000
9522.0 0.0418500000
9524.0 0.0429400000
9526.0 0.0439300000
9528.0 0.0450000000
9530.0 0.0461300000
9532.0 0.0474200000
9534.0 0.0487100000
9536.0 0.0499900000
9538.0 0.0513800000
9540.0 0.0527300000
9542.0 0.0542000000
9544.0 0.0557100000
9546.0 0.0572500000
9548.0 0.0589000000
9550.0 0.0605000000
9552.0 0.0621600000
9554.0 0.0639600000
9556.0 0.0657800000
9558.0 0.0677200000
9560.0 0.0696000000
9562.0 0.0715200000
9564.0 0.0733200000
9566.0 0.0752600000
9568.0 0.0773500000
9570.0 0.0794200000
9572.0 0.0814700000
9574.0 0.0836200000
9576.0 0.0858600000
9578.0 0.0880900000
9580.0 0.0904700000
9582.0 0.0929100000
9584.0 0.0952900000
9586.0 0.0978700000
9588.0 0.1004500000
9590.0 0.1030100000
9592.0 0.1057600000
9594.0 0.1086300000
9596.0 0.1116200000
9598.0 0.1146100000
9600.0 0.1176100000
9602.0 0.1207300000
9604.0 0.1240200000
9606.0 0.1272900000
9608.0 0.1307200000
9610.0 0.1341700000
9612.0 0.1376200000
9614.0 0.1413300000
9616.0 0.1450200000
9618.0 0.1486800000
9620.0 0.1525400000
9622.0 0.1564800000
9624.0 0.1604600000
9626.0 0.1645200000
9628.0 0.1686400000
9630.0 0.1729300000
9632.0 0.1773100000
9634.0 0.1817900000
9636.0 0.1863300000
9638.0 0.1909900000
9640.0 0.1955700000
9642.0 0.2003900000
9644.0 0.2054100000
9646.0 0.2102100000
9648.0 0.2153300000
9650.0 0.2205700000
9652.0 0.2257800000
9654.0 0.2310500000
9656.0 0.2364700000
9658.0 0.2418700000
9660.0 0.2474800000
9662.0 0.2531400000
9664.0 0.2587400000
9666.0 0.2643700000
9668.0 0.2700700000
9670.0 0.2759400000
9672.0 0.2818600000
9674.0 0.2878000000
9676.0 0.2937500000
9678.0 0.2998700000
9680.0 0.3058300000
9682.0 0.3119500000
9684.0 0.3181200000
9686.0 0.3244900000
9688.0 0.3306700000
9690.0 0.3369800000
9692.0 0.3432600000
9694.0 0.3495500000
9696.0 0.3559600000
9698.0 0.3623500000
9700.0 0.3688200000
9702.0 0.3752400000
9704.0 0.3816100000
9706.0 0.3880000000
9708.0 0.3943300000
9710.0 0.4006800000
9712.0 0.4070000000
9714.0 0.4131900000
9716.0 0.4194200000
9718.0 0.4255500000
9720.0 0.4317200000
9722.0 0.4378700000
9724.0 0.4439200000
9726.0 0.4499800000
9728.0 0.4559900000
9730.0 0.4618700000
9732.0 0.4676800000
9734.0 0.4735000000
9736.0 0.4792800000
9738.0 0.4848500000
9740.0 0.4905100000
9742.0 0.4960000000
9744.0 0.5014600000
9746.0 0.5067900000
9748.0 0.5120200000
9750.0 0.5170600000
9752.0 0.5222500000
9754.0 0.5271800000
9756.0 0.5320900000
9758.0 0.5369000000
9760.0 0.5415800000
9762.0 0.5461900000
9764.0 0.5506100000
9766.0 0.5548400000
9768.0 0.5590700000
9770.0 0.5631900000
9772.0 0.5669900000
9774.0 0.5708500000
9776.0 0.5746600000
9778.0 0.5783800000
9780.0 0.5819200000
9782.0 0.5854900000
9784.0 0.5887600000
9786.0 0.5919800000
9788.0 0.5951500000
9790.0 0.5981300000
9792.0 0.6010900000
9794.0 0.6038800000
9796.0 0.6066600000
9798.0 0.6093300000
9800.0 0.6119200000
9802.0 0.6144300000
9804.0 0.6169300000
9806.0 0.6192600000
9808.0 0.6215200000
9810.0 0.6237000000
9812.0 0.6258200000
9814.0 0.6278200000
9816.0 0.6297800000
9818.0 0.6317100000
9820.0 0.6334400000
9822.0 0.6351300000
9824.0 0.6368000000
9826.0 0.6384100000
9828.0 0.6399800000
9830.0 0.6414600000
9832.0 0.6428400000
9834.0 0.6443000000
9836.0 0.6456000000
9838.0 0.6469300000
9840.0 0.6481600000
9842.0 0.6494300000
9844.0 0.6507000000
9846.0 0.6519300000
9848.0 0.6530600000
9850.0 0.6542200000
9852.0 0.6553300000
9854.0 0.6563300000
9856.0 0.6573800000
9858.0 0.6583900000
9860.0 0.6593800000
9862.0 0.6604800000
9864.0 0.6615300000
9866.0 0.6624900000
9868.0 0.6635300000
9870.0 0.6645200000
9872.0 0.6655300000
9874.0 0.6665200000
9876.0 0.6674200000
9878.0 0.6683500000
9880.0 0.6693300000
9882.0 0.6701800000
9884.0 0.6710200000
9886.0 0.6720300000
9888.0 0.6728500000
9890.0 0.6737800000
9892.0 0.6745600000
9894.0 0.6753700000
9896.0 0.6762100000
9898.0 0.6770800000
9900.0 0.6779200000
9902.0 0.6787700000
9904.0 0.6796300000
9906.0 0.6804200000
9908.0 0.6812300000
9910.0 0.6821100000
9912.0 0.6829500000
9914.0 0.6838700000
9916.0 0.6848100000
9918.0 0.6856500000
9920.0 0.6866100000
9922.0 0.6874800000
9924.0 0.6885500000
9926.0 0.6894700000
9928.0 0.6903400000
9930.0 0.6912700000
9932.0 0.6922000000
9934.0 0.6929900000
9936.0 0.6937900000
9938.0 0.6946000000
9940.0 0.6955000000
9942.0 0.6962100000
9944.0 0.6970100000
9946.0 0.6977200000
9948.0 0.6984900000
9950.0 0.6991900000
9952.0 0.6999100000
9954.0 0.7006400000
9956.0 0.7012600000
9958.0 0.7018900000
9960.0 0.7025900000
9962.0 0.7031700000
9964.0 0.7037700000
9966.0 0.7043800000
9968.0 0.7049400000
9970.0 0.7054900000
9972.0 0.7059900000
9974.0 0.7065300000
9976.0 0.7070000000
9978.0 0.7074600000
9980.0 0.7079500000
9982.0 0.7084400000
9984.0 0.7088900000
9986.0 0.7092100000
9988.0 0.7096300000
9990.0 0.7100500000
9992.0 0.7103100000
9994.0 0.7106300000
9996.0 0.7110000000
9998.0 0.7113500000
10000.0 0.7117500000
10002.0 0.7120400000
10004.0 0.7122700000
10006.0 0.7125100000
10008.0 0.7127100000
10010.0 0.7129400000
10012.0 0.7130300000
10014.0 0.7131300000
10016.0 0.7132000000
10018.0 0.7132600000
10020.0 0.7133000000
10022.0 0.7133500000
10024.0 0.7134200000
10026.0 0.7134700000
10028.0 0.7135000000
10030.0 0.7135000000
10032.0 0.7133600000
10034.0 0.7133600000
10036.0 0.7133800000
10038.0 0.7133200000
10040.0 0.7133300000
10042.0 0.7131800000
10044.0 0.7131200000
10046.0 0.7130700000
10048.0 0.7130100000
10050.0 0.7130100000
10052.0 0.7128400000
10054.0 0.7126900000
10056.0 0.7126600000
10058.0 0.7125900000
10060.0 0.7123400000
10062.0 0.7121700000
10064.0 0.7120200000
10066.0 0.7118700000
10068.0 0.7116700000
10070.0 0.7114600000
10072.0 0.7112600000
10074.0 0.7111500000
10076.0 0.7110000000
10078.0 0.7107100000
10080.0 0.7104800000
10082.0 0.7102700000
10084.0 0.7100500000
10086.0 0.7098100000
10088.0 0.7095600000
10090.0 0.7092600000
10092.0 0.7090500000
10094.0 0.7087900000
10096.0 0.7086300000
10098.0 0.7083700000
10100.0 0.7081100000
10102.0 0.7078700000
10104.0 0.7076600000
10106.0 0.7074400000
10108.0 0.7072900000
10110.0 0.7071800000
10112.0 0.7070300000
10114.0 0.7068800000
10116.0 0.7068000000
10118.0 0.7067100000
10120.0 0.7065400000
10122.0 0.7064800000
10124.0 0.7064800000
10126.0 0.7064700000
10128.0 0.7063800000
10130.0 0.7064100000
10132.0 0.7064400000
10134.0 0.7065400000
10136.0 0.7065900000
10138.0 0.7066300000
10140.0 0.7065700000
10142.0 0.7066200000
10144.0 0.7067000000
10146.0 0.7067400000
10148.0 0.7068600000
10150.0 0.7070000000
10152.0 0.7071800000
10154.0 0.7073400000
10156.0 0.7074600000
10158.0 0.7076600000
10160.0 0.7079200000
10162.0 0.7081500000
10164.0 0.7084400000
10166.0 0.7087600000
10168.0 0.7090300000
10170.0 0.7094000000
10172.0 0.7098700000
10174.0 0.7103100000
10176.0 0.7107100000
10178.0 0.7111500000
10180.0 0.7115300000
10182.0 0.7120200000
10184.0 0.7124900000
10186.0 0.7130300000
10188.0 0.7136200000
10190.0 0.7142200000
10192.0 0.7147400000
10194.0 0.7152700000
10196.0 0.7157900000
10198.0 0.7163700000
10200.0 0.7170400000
10202.0 0.7175900000
10204.0 0.7182500000
10206.0 0.7188000000
10208.0 0.7194400000
10210.0 0.7200300000
10212.0 0.7206600000
10214.0 0.7212700000
10216.0 0.7218300000
10218.0 0.7224400000
10220.0 0.7230400000
10222.0 0.7235600000
10224.0 0.7241700000
10226.0 0.7247800000
10228.0 0.7253900000
10230.0 0.7259500000
10232.0 0.7265000000
10234.0 0.7271600000
10236.0 0.7276800000
10238.0 0.7282900000
10240.0 0.7288500000
10242.0 0.7295400000
10244.0 0.7301300000
10246.0 0.7307100000
10248.0 0.7313500000
10250.0 0.7319200000
10252.0 0.7325000000
10254.0 0.7331200000
10256.0 0.7337500000
10258.0 0.7343400000
10260.0 0.7349400000
10262.0 0.7354600000
10264.0 0.7359900000
10266.0 0.7365100000
10268.0 0.7369800000
10270.0 0.7374700000
10272.0 0.7379300000
10274.0 0.7383100000
10276.0 0.7388000000
10278.0 0.7392100000
10280.0 0.7395900000
10282.0 0.7400100000
10284.0 0.7403600000
10286.0 0.7406300000
10288.0 0.7408800000
10290.0 0.7411200000
10292.0 0.7413200000
10294.0 0.7415800000
10296.0 0.7417800000
10298.0 0.7419700000
10300.0 0.7421700000
10302.0 0.7423700000
10304.0 0.7425700000
10306.0 0.7427200000
10308.0 0.7428100000
10310.0 0.7428700000
10312.0 0.7429700000
10314.0 0.7429700000
10316.0 0.7429700000
10318.0 0.7429800000
10320.0 0.7430000000
10322.0 0.7430400000
10324.0 0.7430300000
10326.0 0.7430000000
10328.0 0.7429500000
10330.0 0.7428400000
10332.0 0.7427500000
10334.0 0.7425500000
10336.0 0.7422800000
10338.0 0.7420800000
10340.0 0.7418200000
10342.0 0.7416200000
10344.0 0.7413600000
10346.0 0.7411300000
10348.0 0.7408300000
10350.0 0.7405500000
10352.0 0.7402300000
10354.0 0.7398400000
10356.0 0.7395000000
10358.0 0.7391400000
10360.0 0.7387400000
10362.0 0.7384000000
10364.0 0.7380100000
10366.0 0.7376900000
10368.0 0.7373500000
10370.0 0.7370000000
10372.0 0.7366300000
10374.0 0.7362700000
10376.0 0.7358600000
10378.0 0.7354400000
10380.0 0.7350600000
10382.0 0.7346500000
10384.0 0.7341900000
10386.0 0.7338000000
10388.0 0.7333800000
10390.0 0.7329600000
10392.0 0.7325600000
10394.0 0.7320900000
10396.0 0.7316400000
10398.0 0.7311600000
10400.0 0.7307300000
10402.0 0.7302100000
10404.0 0.7296800000
10406.0 0.7292000000
10408.0 0.7287400000
10410.0 0.7282300000
10412.0 0.7276900000
10414.0 0.7272300000
10416.0 0.7267800000
10418.0 0.7262700000
10420.0 0.7257500000
10422.0 0.7252500000
10424.0 0.7247300000
10426.0 0.7241800000
10428.0 0.7237400000
10430.0 0.7232700000
10432.0 0.7227200000
10434.0 0.7222700000
10436.0 0.7217700000
10438.0 0.7212100000
10440.0 0.7206600000
10442.0 0.7201200000
10444.0 0.7196000000
10446.0 0.7190700000
10448.0 0.7185200000
10450.0 0.7179600000
10452.0 0.7173300000
10454.0 0.7167200000
10456.0 0.7161100000
10458.0 0.7154800000
10460.0 0.7148600000
10462.0 0.7142500000
10464.0 0.7135800000
10466.0 0.7128800000
10468.0 0.7122500000
10470.0 0.7115800000
10472.0 0.7109200000
10474.0 0.7102400000
10476.0 0.7095200000
10478.0 0.7088300000
10480.0 0.7081000000
10482.0 0.7074100000
10484.0 0.7067300000
10486.0 0.7060100000
10488.0 0.7052900000
10490.0 0.7046200000
10492.0 0.7038600000
10494.0 0.7030800000
10496.0 0.7023600000
10498.0 0.7016800000
10500.0 0.7009400000
10502.0 0.7001600000
10504.0 0.6994200000
10506.0 0.6986700000
10508.0 0.6979700000
10510.0 0.6971600000
10512.0 0.6964100000
10514.0 0.6956500000
10516.0 0.6948900000
10518.0 0.6940900000
10520.0 0.6933400000
10522.0 0.6925500000
10524.0 0.6918000000
10526.0 0.6910900000
10528.0 0.6903500000
10530.0 0.6896400000
10532.0 0.6889200000
10534.0 0.6882600000
10536.0 0.6875300000
10538.0 0.6868400000
10540.0 0.6861400000
10542.0 0.6855200000
10544.0 0.6849100000
10546.0 0.6843000000
10548.0 0.6836400000
10550.0 0.6830700000
10552.0 0.6824800000
10554.0 0.6819200000
10556.0 0.6813000000
10558.0 0.6806900000
10560.0 0.6801900000
10562.0 0.6796600000
10564.0 0.6791700000
10566.0 0.6786500000
10568.0 0.6782200000
10570.0 0.6777300000
10572.0 0.6772900000
10574.0 0.6768500000
10576.0 0.6764200000
10578.0 0.6759900000
10580.0 0.6756600000
10582.0 0.6753200000
10584.0 0.6750200000
10586.0 0.6747100000
10588.0 0.6744800000
10590.0 0.6742600000
10592.0 0.6740000000
10594.0 0.6737500000
10596.0 0.6735500000
10598.0 0.6733400000
10600.0 0.6731700000
10602.0 0.6730000000
10604.0 0.6728500000
10606.0 0.6727100000
10608.0 0.6725800000
10610.0 0.6724900000
10612.0 0.6724200000
10614.0 0.6723300000
10616.0 0.6722600000
10618.0 0.6721600000
10620.0 0.6721300000
10622.0 0.6721000000
10624.0 0.6720900000
10626.0 0.6720900000
10628.0 0.6721200000
10630.0 0.6721600000
10632.0 0.6721000000
10634.0 0.6721300000
10636.0 0.6722000000
10638.0 0.6722300000
10640.0 0.6722400000
10642.0 0.6722900000
10644.0 0.6722900000
10646.0 0.6722700000
10648.0 0.6722600000
10650.0 0.6722300000
10652.0 0.6721500000
10654.0 0.6720700000
10656.0 0.6719100000
10658.0 0.6717400000
10660.0 0.6714800000
10662.0 0.6711900000
10664.0 0.6709100000
10666.0 0.6705600000
10668.0 0.6700600000
10670.0 0.6695100000
10672.0 0.6688700000
10674.0 0.6681800000
10676.0 0.6674200000
10678.0 0.6665600000
10680.0 0.6656000000
10682.0 0.6646100000
10684.0 0.6635100000
10686.0 0.6622800000
10688.0 0.6610100000
10690.0 0.6596100000
10692.0 0.6581300000
10694.0 0.6565100000
10696.0 0.6547200000
10698.0 0.6528000000
10700.0 0.6507600000
10702.0 0.6486400000
10704.0 0.6463200000
10706.0 0.6438600000
10708.0 0.6412800000
10710.0 0.6385500000
10712.0 0.6357000000
10714.0 0.6326800000
10716.0 0.6294900000
10718.0 0.6261300000
10720.0 0.6226200000
10722.0 0.6190000000
10724.0 0.6151700000
10726.0 0.6111900000
10728.0 0.6071900000
10730.0 0.6030600000
10732.0 0.5988500000
10734.0 0.5944100000
10736.0 0.5899000000
10738.0 0.5852700000
10740.0 0.5804600000
10742.0 0.5755300000
10744.0 0.5704700000
10746.0 0.5652600000
10748.0 0.5599100000
10750.0 0.5544700000
10752.0 0.5489300000
10754.0 0.5432100000
10756.0 0.5374300000
10758.0 0.5315400000
10760.0 0.5255300000
10762.0 0.5194200000
10764.0 0.5132000000
10766.0 0.5068500000
10768.0 0.5004700000
10770.0 0.4939300000
10772.0 0.4873700000
10774.0 0.4807700000
10776.0 0.4741100000
10778.0 0.4674400000
10780.0 0.4607500000
10782.0 0.4540100000
10784.0 0.4471600000
10786.0 0.4403200000
10788.0 0.4334600000
10790.0 0.4266100000
10792.0 0.4197200000
10794.0 0.4128600000
10796.0 0.4059900000
10798.0 0.3991700000
10800.0 0.3923000000
10802.0 0.3855600000
10804.0 0.3788500000
10806.0 0.3720900000
10808.0 0.3653900000
10810.0 0.3586600000
10812.0 0.3520200000
10814.0 0.3453700000
10816.0 0.3388700000
10818.0 0.3324000000
10820.0 0.3259700000
10822.0 0.3196300000
10824.0 0.3133400000
10826.0 0.3071600000
10828.0 0.3010900000
10830.0 0.2950400000
10832.0 0.2891100000
10834.0 0.2832200000
10836.0 0.2773900000
10838.0 0.2717300000
10840.0 0.2661400000
10842.0 0.2606500000
10844.0 0.2551900000
10846.0 0.2498800000
10848.0 0.2446300000
10850.0 0.2394900000
10852.0 0.2344500000
10854.0 0.2295100000
10856.0 0.2246900000
10858.0 0.2198800000
10860.0 0.2151900000
10862.0 0.2106500000
10864.0 0.2061200000
10866.0 0.2017500000
10868.0 0.1974200000
10870.0 0.1931500000
10872.0 0.1889600000
10874.0 0.1849100000
10876.0 0.1809500000
10878.0 0.1771400000
10880.0 0.1733700000
10882.0 0.1696800000
10884.0 0.1661100000
10886.0 0.1625800000
10888.0 0.1591200000
10890.0 0.1557300000
10892.0 0.1524000000
10894.0 0.1491400000
10896.0 0.1459700000
10898.0 0.1428400000
10900.0 0.1398300000
10902.0 0.1369300000
10904.0 0.1340600000
10906.0 0.1312700000
10908.0 0.1285200000
10910.0 0.1258100000
10912.0 0.1231800000
10914.0 0.1206200000
10916.0 0.1181300000
10918.0 0.1157100000
10920.0 0.1133000000
10922.0 0.1110100000
10924.0 0.1087300000
10926.0 0.1065400000
10928.0 0.1043700000
10930.0 0.1022600000
10932.0 0.1002700000
10934.0 0.0982500000
10936.0 0.0962700000
10938.0 0.0943500000
10940.0 0.0924500000
10942.0 0.0906200000
10944.0 0.0888500000
10946.0 0.0871100000
10948.0 0.0853600000
10950.0 0.0836600000
10952.0 0.0820000000
10954.0 0.0804100000
10956.0 0.0788400000
10958.0 0.0773200000
10960.0 0.0758700000
10962.0 0.0744300000
10964.0 0.0729800000
10966.0 0.0716100000
10968.0 0.0702800000
10970.0 0.0689700000
10972.0 0.0677200000
10974.0 0.0665000000
10976.0 0.0652500000
10978.0 0.0640600000
10980.0 0.0629000000
10982.0 0.0618000000
10984.0 0.0606800000
10986.0 0.0595900000
10988.0 0.0585500000
10990.0 0.0575100000
10992.0 0.0564900000
10994.0 0.0554800000
10996.0 0.0545200000
10998.0 0.0535400000
11000.0 0.0525800000
11002.0 0.0516700000
11004.0 0.0508000000
11006.0 0.0498700000
11008.0 0.0490300000
11010.0 0.0482300000
11012.0 0.0474200000
11014.0 0.0466000000
11016.0 0.0457900000
11018.0 0.0449700000
11020.0 0.0442400000
11022.0 0.0434900000
11024.0 0.0427400000
11026.0 0.0420500000
11028.0 0.0413100000
11030.0 0.0406200000
11032.0 0.0400100000
11034.0 0.0393400000
11036.0 0.0386800000
11038.0 0.0380700000
11040.0 0.0374800000
11042.0 0.0368800000
11044.0 0.0362900000
11046.0 0.0356900000
11048.0 0.0351600000
11050.0 0.0346400000
11052.0 0.0340900000
11054.0 0.0335800000
11056.0 0.0331300000
11058.0 0.0326100000
11060.0 0.0321500000
11062.0 0.0317100000
11064.0 0.0311600000
11066.0 0.0307500000
11068.0 0.0302400000
11070.0 0.0297700000
11072.0 0.0293000000
11074.0 0.0288500000
11076.0 0.0284300000
11078.0 0.0280200000
11080.0 0.0275900000
11082.0 0.0272200000
11084.0 0.0267900000
11086.0 0.0263800000
11088.0 0.0259700000
11090.0 0.0256300000
11092.0 0.0252500000
11094.0 0.0248900000
11096.0 0.0245700000
11098.0 0.0241900000
11100.0 0.0239000000
11102.0 0.0235600000
11104.0 0.0232400000
11106.0 0.0228900000
11108.0 0.0226000000
11110.0 0.0223100000
11112.0 0.0220600000
11114.0 0.0217300000
11116.0 0.0213900000
11118.0 0.0210700000
11120.0 0.0208000000
11122.0 0.0204300000
11124.0 0.0201900000
11126.0 0.0199100000
11128.0 0.0196500000
11130.0 0.0193800000
11132.0 0.0191500000
11134.0 0.0188900000
