       349.00000      0.00000000
       350.00000      0.00000000
       350.63202      0.17608696
       354.07303      0.18913044
       358.00562      0.20869566
       360.95506      0.22173914
       364.39607      0.24782610
       369.31180      0.27318842
       372.75281      0.29637682
       376.19382      0.32173914
       379.14326      0.34420291
       382.09270      0.36231885
       385.04214      0.38188407
       387.99157      0.39855074
       391.43258      0.42318842
       396.83989      0.44275364
       401.26405      0.46014494
       406.67135      0.47463770
       410.60393      0.48768118
       414.04494      0.49927538
       417.97753      0.51231886
       424.36798      0.52463770
       439.60674      0.54782610
       448.45506      0.55362321
       458.77809      0.55652176
       470.08427      0.55652176
       479.42416      0.55362321
       486.30618      0.54927538
       493.18820      0.54275364
       498.10393      0.53550726
       503.51124      0.53188407
       510.88483      0.52826089
       517.76685      0.52681161
       519.73315      0.52608697
       525.63202      0.51811596
       529.07303      0.51304349
       533.00562      0.50869567
       538.41292      0.50434784
       541.85393      0.49855074
       547.75281      0.48840581
       551.19382      0.48333335
       555.61798      0.47898552
       560.04214      0.47536233
       563.48315      0.46811596
       567.90730      0.45869567
       576.26405      0.44275364
       587.07865      0.42536233
       591.01124      0.42028987
       597.40169      0.40942030
       603.30056      0.39855074
       608.21629      0.38840581
       611.65730      0.38115943
       615.58989      0.37391306
       622.96348      0.36159421
       629.84551      0.35072465
       633.28652      0.34420291
       640.16854      0.32826088
       647.05056      0.31594204
       653.44101      0.30217392
       660.32304      0.28985508
       667.69663      0.27463769
       672.61236      0.26811595
       679.49438      0.25942030
       688.34270      0.24710146
       693.75000      0.23840581
       700.14045      0.22971015
       710.95506      0.21666667
       721.27809      0.20362320
       728.16011      0.19202899
       732.09270      0.18768117
       737.00843      0.18333334
       743.89045      0.17536233
       773.87641      0.13913044
       780.75843      0.13115943
       789.11517      0.12246377
       798.45506      0.11376812
       805.33708      0.10507247
       811.23596     0.098550729
       819.10113     0.092753627
       829.91573     0.084782612
       841.71349     0.077536235
       852.03652     0.068115945
       865.80056     0.058695655
       873.66573     0.053623191
       881.53090     0.049275365
       890.37922     0.044202901
       902.66854     0.038405799
       913.48315     0.032608698
       924.29776     0.028260872
       930.19663     0.025362321
       966.08146     0.016666668
       1000.9831     0.007971015
       1002.0000     0.000000000
       1003.0000     0.000000000
