      760.000  0.0
      780.000  0.000118477
      800.000   0.00212276
      820.000   0.00855848
      840.000     0.178579
      860.000     0.861184
      880.000     0.846998
      900.000     0.817279
      920.000     0.779679
      940.000     0.746862
      960.000     0.659748
      980.000     0.554118
      1000.00     0.408339
      1020.00     0.248898
      1040.00     0.114604
      1060.00    0.0641659
      1080.00    0.0238065
      1100.00   0.00469820
      1120.00  0.000954780
      1140.00      0.00000
