3511.4 0.000
3527.3 0.005
3543.2 0.010
3559.1 0.018
3575.1 0.029
3591.0 0.044
3606.9 0.061
3622.8 0.080
3638.8 0.101
3654.7 0.124
3670.6 0.149
3686.6 0.176
3702.5 0.205
3718.4 0.235
3734.4 0.267
3750.3 0.300
3766.2 0.334
3782.2 0.370
3798.1 0.407
3814.1 0.444
3830.0 0.481
3846.0 0.518
3861.9 0.555
3877.9 0.590
3893.8 0.625
3909.8 0.658
3925.7 0.689
3941.7 0.717
3957.7 0.744
3973.6 0.768
3989.6 0.789
4005.5 0.808
4021.5 0.825
4037.5 0.840
4053.4 0.852
4069.4 0.863
4085.4 0.873
4101.4 0.881
4117.3 0.889
4133.3 0.896
4149.3 0.904
4165.3 0.911
4181.2 0.918
4197.2 0.926
4213.2 0.934
4229.2 0.943
4245.2 0.951
4261.1 0.960
4277.1 0.968
4293.1 0.976
4309.1 0.983
4325.1 0.989
4341.1 0.994
4357.1 0.999
4373.1 1.000
4389.1 0.996
4405.1 0.987
4421.1 0.972
4437.1 0.948
4453.1 0.915
4469.1 0.876
4485.1 0.831
4501.1 0.779
4517.1 0.722
4533.1 0.664
4549.1 0.604
4565.1 0.543
4581.1 0.484
4597.2 0.428
4613.2 0.375
4629.2 0.326
4645.2 0.283
4661.2 0.246
4677.3 0.214
4693.3 0.186
4709.3 0.163
4725.3 0.144
4741.4 0.128
4757.4 0.116
4773.4 0.105
4789.4 0.096
4805.5 0.089
4821.5 0.083
4837.5 0.076
4853.6 0.070
4869.6 0.063
4885.6 0.057
4901.7 0.050
4917.7 0.044
4933.8 0.037
4949.8 0.031
4965.9 0.025
4981.9 0.019
4997.9 0.014
5014.0 0.010
5030.0 0.006
5046.1 0.004
5062.1 0.002
5078.2 0.001
